R1,R2,R3,ETriat,E,ENew
1.511781,1.624569,1.511784,41.166135,76.792558,76.792558
1.511784,1.624569,1.511781,41.166135,76.792558,76.792558
1.511781,1.733438,1.700761,39.382652,58.538433,58.538433
1.700761,1.733438,1.511781,39.382652,58.538433,58.538433
1.511781,1.855220,1.889731,36.792930,47.106915,47.106915
1.889731,1.855220,1.511781,36.792930,47.106915,47.106915
1.511781,1.987534,2.078701,34.203517,40.201180,40.201180
2.078701,1.987534,1.511781,34.203517,40.201180,40.201180
1.511781,2.128418,2.267671,29.656728,34.033372,34.033372
2.267671,2.128418,1.511781,29.656728,34.033372,34.033372
1.511781,2.276281,2.456641,24.632786,28.957862,28.957862
2.456641,2.276281,1.511781,24.632786,28.957862,28.957862
1.511781,2.429846,2.645619,19.936667,25.066410,25.066410
2.645619,2.429846,1.511781,19.936667,25.066410,25.066410
1.511781,2.588104,2.834588,16.410741,22.762605,22.762605
2.834588,2.588104,1.511781,16.410741,22.762605,22.762605
1.511781,2.915614,3.212528,10.837879,19.960459,19.960459
3.212528,2.915614,1.511781,10.837879,19.960459,19.960459
1.511781,3.426422,3.779463,6.288279,18.759620,18.759620
3.779463,3.426422,1.511781,6.288279,18.759620,18.759620
1.511781,3.775858,4.157402,5.144469,18.817468,18.817468
4.157402,3.775858,1.511781,5.144469,18.817468,18.817468
1.511781,4.668918,5.102259,5.273691,19.681194,19.681194
5.102259,4.668918,1.511781,5.273691,19.681194,19.681194
1.511781,5.579068,6.047116,5.439087,19.897841,19.897841
6.047116,5.579068,1.511781,5.439087,19.897841,19.897841
1.597256,1.889723,1.889726,36.405906,39.786836,39.786836
1.889726,1.889723,1.597256,36.405906,39.786836,39.786836
1.889726,2.030700,1.889731,34.438233,25.291773,25.291773
1.889731,2.030700,1.889726,34.438233,25.291773,25.291773
1.889726,2.138184,2.078701,31.846991,19.822951,19.822951
2.078701,2.138184,1.889726,31.846991,19.822951,19.822951
1.889726,2.256399,2.267671,28.145638,15.300031,15.300031
2.267671,2.256399,1.889726,28.145638,15.300031,15.300031
1.889726,2.383750,2.456641,23.703696,11.196398,11.196398
2.456641,2.383750,1.889726,23.703696,11.196398,11.196398
1.889726,2.518845,2.645619,19.872086,8.318495,8.318495
2.645619,2.518845,1.889726,19.872086,8.318495,8.318495
1.889726,2.660516,2.834588,16.545122,6.236410,6.236410
2.834588,2.660516,1.889726,16.545122,6.236410,6.236410
1.889726,2.959753,3.212528,11.636078,4.011267,4.011267
3.212528,2.959753,1.889726,11.636078,4.011267,4.011267
1.889726,3.437817,3.779463,7.495020,3.072955,3.072955
3.779463,3.437817,1.889726,7.495020,3.072955,3.072955
1.889726,3.770224,4.157402,6.246667,2.983972,2.983972
4.157402,3.770224,1.889726,6.246667,2.983972,2.983972
1.889726,4.631894,5.102259,5.400649,2.877860,2.877860
5.102259,4.631894,1.889726,5.400649,2.877860,2.877860
1.889726,5.520852,6.047116,5.337749,2.868970,2.868970
6.047116,5.520852,1.889726,5.337749,2.868970,2.868970
1.916709,2.267671,2.267672,27.947443,14.633481,14.633481
2.267672,2.267671,1.916709,27.947443,14.633481,14.633481
2.267671,2.436841,2.267671,23.966543,8.541300,8.541300
2.267671,2.436841,2.267671,23.966543,8.541300,8.541300
2.267671,2.543375,2.456641,21.038004,6.168675,6.168675
2.456641,2.543375,2.267671,21.038004,6.168675,6.168675
2.267671,2.659077,2.645619,18.160900,4.321104,4.321104
2.645619,2.659077,2.267671,18.160900,4.321104,4.321104
2.267671,2.782821,2.834588,15.628689,3.025644,3.025644
2.834588,2.782821,2.267671,15.628689,3.025644,3.025644
2.267671,3.050435,3.212528,11.303426,1.263544,1.263544
3.212528,3.050435,2.267671,11.303426,1.263544,1.263544
2.267671,3.490343,3.779463,7.548827,0.496042,0.496042
3.779463,3.490343,2.267671,7.548827,0.496042,0.496042
2.267671,3.802337,4.157402,6.299543,0.311831,0.311831
4.157402,3.802337,2.267671,6.299543,0.311831,0.311831
2.267671,4.625557,5.102259,5.340619,0.040415,0.040415
5.102259,4.625557,2.267671,5.340619,0.040415,0.040415
2.267671,5.488106,6.047116,5.245434,-0.000694,-0.000694
6.047116,5.488106,2.267671,5.245434,-0.000694,-0.000694
2.236170,2.645610,2.645617,18.397696,4.528168,4.528168
2.645617,2.645610,2.236170,18.397696,4.528168,4.528168
2.645617,2.842972,2.645619,15.419430,3.180194,3.180194
2.645619,2.842972,2.645617,15.419430,3.180194,3.180194
2.645617,2.948817,2.834588,13.544007,2.484720,2.484720
2.834588,2.948817,2.645617,13.544007,2.484720,2.484720
2.645617,3.183686,3.212528,10.430352,1.765180,1.765180
3.212528,3.183686,2.645617,10.430352,1.765180,1.765180
2.645617,3.582190,3.779463,7.206882,1.253310,1.253310
3.779463,3.582190,2.645617,7.206882,1.253310,1.253310
2.645617,3.871257,4.157402,6.104719,1.084710,1.084710
4.157402,3.871257,2.645617,6.104719,1.084710,1.084710
2.645617,4.650032,5.102259,5.282008,0.852799,0.852799
5.102259,4.650032,2.645617,5.282008,0.852799,0.852799
2.645617,5.481285,6.047116,5.181353,0.803364,0.803364
6.047116,5.481285,2.645617,5.181353,0.803364,0.803364
3.023562,3.354436,3.212528,9.025751,2.458355,2.458355
3.212528,3.354436,3.023562,9.025751,2.458355,2.458355
3.023562,3.710440,3.779463,6.737278,2.567849,2.567849
3.779463,3.710440,3.023562,6.737278,2.567849,2.567849
3.023562,3.975069,4.157402,5.896309,2.512647,2.512647
4.157402,3.975069,3.023562,5.896309,2.512647,2.512647
3.023562,4.704838,5.102259,5.235345,2.325271,2.325271
5.102259,4.704838,3.023562,5.235345,2.325271,2.325271
3.023562,5.500486,6.047116,5.139222,2.275532,2.275532
6.047116,5.500486,3.023562,5.139222,2.275532,2.275532
3.194529,3.779452,3.779460,6.502905,3.106345,3.106345
3.779460,3.779452,3.194529,6.502905,3.106345,3.106345
3.779452,4.061400,3.779463,5.604078,4.109574,4.109574
3.779463,4.061400,3.779452,5.604078,4.109574,4.109574
3.779452,4.276368,4.157402,5.396141,4.437970,4.437970
4.157402,4.276368,3.779452,5.396141,4.437970,4.437970
3.779452,4.900813,5.102259,5.266236,4.584194,4.584194
5.102259,4.900813,3.779452,5.266236,4.584194,4.584194
3.779452,5.615526,6.047116,5.233603,4.588227,4.588227
6.047116,5.615526,3.779452,5.233603,4.588227,4.588227
4.535343,5.200305,5.102259,5.152777,5.019353,5.019353
5.102259,5.200305,4.535343,5.152777,5.019353,5.019353
4.535343,5.827148,6.047116,5.163911,5.061720,5.061720
6.047116,5.827148,4.535343,5.163911,5.061720,5.061720
5.291233,6.125351,6.047116,5.175223,5.121389,5.121389
6.047116,6.125351,5.291233,5.175223,5.121389,5.121389
