R1,R2,R3,ETriat,E,ENew
1.511781,3.020692,1.511788,20.356255,46.505368,46.505368
1.511788,3.020692,1.511781,20.356255,46.505368,46.505368
1.511781,3.209496,1.700762,19.774160,35.110406,35.110406
1.700762,3.209496,1.511781,19.774160,35.110406,35.110406
1.511781,3.398301,1.889718,18.441113,29.007731,29.007731
1.889718,3.398301,1.511781,18.441113,29.007731,29.007731
1.511781,3.587140,2.078691,16.937700,25.798830,25.798830
2.078691,3.587140,1.511781,16.937700,25.798830,25.798830
1.511781,3.775992,2.267665,15.440630,24.109060,24.109060
2.267665,3.775992,1.511781,15.440630,24.109060,24.109060
1.511781,3.964856,2.456638,13.770222,22.942999,22.942999
2.456638,3.964856,1.511781,13.770222,22.942999,22.942999
1.511781,4.153730,2.645612,11.842523,21.789167,21.789167
2.645612,4.153730,1.511781,11.842523,21.789167,21.789167
1.511781,4.342612,2.834585,9.969304,20.753372,20.753372
2.834585,4.342612,1.511781,9.969304,20.753372,20.753372
1.511781,4.720399,3.212532,7.332126,19.666450,19.666450
3.212532,4.720399,1.511781,7.332126,19.666450,19.666450
1.511781,5.287123,3.779453,5.728779,19.584232,19.584232
3.779453,5.287123,1.511781,5.728779,19.584232,19.584232
1.511781,5.664961,4.157400,5.585489,19.855258,19.855258
4.157400,5.664961,1.511781,5.585489,19.855258,19.855258
1.511781,6.609610,5.102269,5.475100,19.929280,19.929280
5.102269,6.609610,1.511781,5.475100,19.929280,19.929280
1.511781,7.554295,6.047118,5.462469,19.939731,19.939731
6.047118,7.554295,1.511781,5.462469,19.939731,19.939731
1.889718,3.775847,1.889726,15.928030,10.446676,10.446676
1.889726,3.775847,1.889718,15.928030,10.446676,10.446676
1.889726,3.964648,2.078691,14.924470,7.486207,7.486207
2.078691,3.964648,1.889726,14.924470,7.486207,7.486207
1.889726,4.153467,2.267665,13.652877,5.804720,5.804720
2.267665,4.153467,1.889726,13.652877,5.804720,5.804720
1.889726,4.342298,2.456638,12.736632,5.228064,5.228064
2.456638,4.342298,1.889726,12.736632,5.228064,5.228064
1.889726,4.531141,2.645612,11.825482,4.980108,4.980108
2.645612,4.531141,1.889726,11.825482,4.980108,4.980108
1.889726,4.719995,2.834585,10.809545,4.735578,4.735578
2.834585,4.719995,1.889726,10.809545,4.735578,4.735578
1.889726,5.097729,3.212532,8.513506,3.938806,3.938806
3.212532,5.097729,1.889726,8.513506,3.938806,3.938806
1.889726,5.664383,3.779453,6.308944,3.245761,3.245761
3.779453,5.664383,1.889726,6.308944,3.245761,3.245761
1.889726,6.042181,4.157400,5.685982,3.035618,3.035618
4.157400,6.042181,1.889726,5.685982,3.035618,3.035618
1.889726,6.986745,5.102269,5.354575,2.884754,2.884754
5.102269,6.986745,1.889726,5.354575,2.884754,2.884754
1.889726,7.931363,6.047118,5.320740,2.872482,2.872482
6.047118,7.931363,1.889726,5.320740,2.872482,2.872482
2.267665,4.531019,2.267671,12.322038,1.831700,1.831700
2.267671,4.531019,2.267665,12.322038,1.831700,1.831700
2.267671,4.719820,2.456638,11.655034,1.438214,1.438214
2.456638,4.719820,2.267671,11.655034,1.438214,1.438214
2.267671,4.908635,2.645612,11.060521,1.471995,1.471995
2.645612,4.908635,2.267671,11.060521,1.471995,1.471995
2.267671,5.097460,2.834585,10.474692,1.641418,1.641418
2.834585,5.097460,2.267671,10.474692,1.641418,1.641418
2.267671,5.475143,3.212532,8.479614,1.136877,1.136877
3.212532,5.475143,2.267671,8.479614,1.136877,1.136877
2.267671,6.041729,3.779453,6.232656,0.399037,0.399037
3.779453,6.041729,2.267671,6.232656,0.399037,0.399037
2.267671,6.419486,4.157400,5.600512,0.177923,0.177923
4.157400,6.419486,2.267671,5.600512,0.177923,0.177923
2.267671,7.363964,5.102269,5.259085,0.014137,0.014137
5.102269,7.363964,2.267671,5.259085,0.014137,0.014137
2.267671,8.308511,6.047118,5.223439,-0.000911,-0.000911
6.047118,8.308511,2.267671,5.223439,-0.000911,-0.000911
2.645612,5.286192,2.645617,10.127891,1.418570,1.418570
2.645617,5.286192,2.645612,10.127891,1.418570,1.418570
2.645617,5.474992,2.834585,9.649712,1.693369,1.693369
2.834585,5.474992,2.645617,9.649712,1.693369,1.693369
2.645617,5.852625,3.212532,8.170226,1.702822,1.702822
3.212532,5.852625,2.645617,8.170226,1.702822,1.702822
2.645617,6.419145,3.779453,6.133185,1.172305,1.172305
3.779453,6.419145,2.645617,6.133185,1.172305,1.172305
2.645617,6.796862,4.157400,5.526098,0.974739,0.974739
4.157400,6.796862,2.645617,5.526098,0.974739,0.974739
2.645617,7.741253,5.102269,5.194561,0.818931,0.818931
5.102269,7.741253,2.645617,5.194561,0.818931,0.818931
2.645617,8.685728,6.047118,5.159148,0.803494,0.803494
6.047118,8.685728,2.645617,5.159148,0.803494,0.803494
3.023562,6.230164,3.212532,7.635974,2.687838,2.687838
3.212532,6.230164,3.023562,7.635974,2.687838,2.687838
3.023562,6.796620,3.779453,6.029731,2.585715,2.585715
3.779453,6.796620,3.023562,6.029731,2.585715,2.585715
3.023562,7.174298,4.157400,5.465998,2.430472,2.430472
4.157400,7.174298,3.023562,5.465998,2.430472,2.430472
3.023562,8.118603,5.102269,5.152454,2.291447,2.291447
5.102269,8.118603,3.023562,5.152454,2.291447,2.291447
3.023562,9.063006,6.047118,5.117584,2.276139,2.276139
6.047118,9.063006,3.023562,5.117584,2.276139,2.276139
3.779452,7.551711,3.779453,5.660061,4.435282,4.435282
3.779453,7.551711,3.779452,5.660061,4.435282,4.435282
3.779452,7.929316,4.157400,5.377221,4.559867,4.559867
4.157400,7.929316,3.779452,5.377221,4.559867,4.559867
3.779452,8.873455,5.102269,5.244007,4.599892,4.599892
5.102269,8.873455,3.779452,5.244007,4.599892,4.599892
3.779452,9.817716,6.047118,5.211607,4.586579,4.586579
6.047118,9.817716,3.779452,5.211607,4.586579,4.586579
4.535343,9.628470,5.102269,5.134346,5.030021,5.030021
5.102269,9.628470,4.535343,5.134346,5.030021,5.030021
4.535343,10.572594,6.047118,5.130668,5.045198,5.045198
6.047118,10.572594,4.535343,5.130668,5.045198,5.045198
5.291233,11.327608,6.047118,5.177866,5.136393,5.136393
6.047118,11.327608,5.291233,5.177866,5.136393,5.136393
