R1,R2,R3,ETriat,E,ENew
1.511780,2.920536,1.511781,19.829132,45.575772,45.575772
1.511781,2.920536,1.511780,19.829132,45.575772,45.575772
1.511781,3.103450,1.700749,18.651216,33.593833,33.593833
1.700749,3.103450,1.511781,18.651216,33.593833,33.593833
1.511781,3.287068,1.889734,17.149308,27.360155,27.360155
1.889734,3.287068,1.511781,17.149308,27.360155,27.360155
1.511781,3.471243,2.078702,15.558507,24.125149,24.125149
2.078702,3.471243,1.511781,15.558507,24.125149,24.125149
1.511781,3.655908,2.267671,13.920011,22.365693,22.365693
2.267671,3.655908,1.511781,13.920011,22.365693,22.365693
1.511781,3.840992,2.456639,12.233716,21.252970,21.252970
2.456639,3.840992,1.511781,12.233716,21.252970,21.252970
1.511781,4.026454,2.645624,10.666146,20.516517,20.516517
2.645624,4.026454,1.511781,10.666146,20.516517,20.516517
1.511781,4.212211,2.834592,9.191874,19.920867,19.920867
2.834592,4.212211,1.511781,9.191874,19.920867,19.920867
1.511781,4.584514,3.212529,6.961909,19.281811,19.281811
3.212529,4.584514,1.511781,6.961909,19.281811,19.281811
1.511781,5.144526,3.779451,5.336304,19.188361,19.188361
3.779451,5.144526,1.511781,5.336304,19.188361,19.188361
1.511781,5.518658,4.157404,5.266962,19.533886,19.533886
4.157404,5.518658,1.511781,5.266962,19.533886,19.533886
1.511781,6.455908,5.102263,5.422544,19.875422,19.875422
5.102263,6.455908,1.511781,5.422544,19.875422,19.875422
1.511781,7.395095,6.047121,5.451842,19.928630,19.928630
6.047121,7.395095,1.511781,5.451842,19.928630,19.928630
1.889726,3.650679,1.889734,14.964507,9.249479,9.249479
1.889734,3.650679,1.889726,14.964507,9.249479,9.249479
1.889726,3.833520,2.078702,13.905944,6.303538,6.303538
2.078702,3.833520,1.889726,13.905944,6.303538,6.303538
1.889726,4.016928,2.267671,12.890228,4.937221,4.937221
2.267671,4.016928,1.889726,12.890228,4.937221,4.937221
1.889726,4.200829,2.456639,11.893643,4.324053,4.324053
2.456639,4.200829,1.889726,11.893643,4.324053,4.324053
1.889726,4.385179,2.645624,10.887986,4.010053,4.010053
2.645624,4.385179,1.889726,10.887986,4.010053,4.010053
1.889726,4.569890,2.834592,9.870507,3.780137,3.780137
2.834592,4.569890,1.889726,9.870507,3.780137,3.780137
1.889726,4.940277,3.212529,7.951361,3.371603,3.371603
3.212529,4.940277,1.889726,7.951361,3.371603,3.371603
1.889726,5.497803,3.779451,6.118888,3.052443,3.052443
3.779451,5.497803,1.889726,6.118888,3.052443,3.052443
1.889726,5.870493,4.157404,5.607037,2.954050,2.954050
4.157404,5.870493,1.889726,5.607037,2.954050,2.954050
1.889726,6.804732,5.102263,5.343106,2.872266,2.872266
5.102263,6.804732,1.889726,5.343106,2.872266,2.872266
1.889726,7.741549,6.047121,5.319354,2.870704,2.870704
6.047121,7.741549,1.889726,5.319354,2.870704,2.870704
2.267671,4.380804,2.267671,11.744982,1.220787,1.220787
2.267671,4.380804,2.267671,11.744982,1.220787,1.220787
2.267671,4.563595,2.456639,11.111498,0.877343,0.877343
2.456639,4.563595,2.267671,11.111498,0.877343,0.877343
2.267671,4.746888,2.645624,10.425386,0.827908,0.827908
2.645624,4.746888,2.267671,10.425386,0.827908,0.827908
2.267671,4.930592,2.834592,9.667350,0.828688,0.828688
2.834592,4.930592,2.267671,9.667350,0.828688,0.828688
2.267671,5.299112,3.212529,8.002989,0.656489,0.656489
3.212529,5.299112,2.267671,8.002989,0.656489,0.656489
2.267671,5.854162,3.779451,6.108622,0.272110,0.272110
3.779451,5.854162,2.267671,6.108622,0.272110,0.272110
2.267671,6.225390,4.157404,5.551765,0.127100,0.127100
4.157404,6.225390,2.267671,5.551765,0.127100,0.127100
2.267671,7.156514,5.102263,5.251970,0.006244,0.006244
5.102263,7.156514,2.267671,5.251970,0.006244,0.006244
2.267671,8.090823,6.047121,5.222628,-0.002038,-0.002038
6.047121,8.090823,2.267671,5.222628,-0.002038,-0.002038
2.645617,5.110947,2.645624,9.581848,0.868323,0.868323
2.645624,5.110947,2.645617,9.581848,0.868323,0.868323
2.645617,5.293702,2.834592,9.054347,1.094163,1.094163
2.834592,5.293702,2.645617,9.054347,1.094163,1.094163
2.645617,5.660436,3.212529,7.755875,1.285052,1.285052
3.212529,5.660436,2.645617,7.755875,1.285052,1.285052
2.645617,6.213073,3.779451,6.023703,1.060600,1.060600
3.779451,6.213073,2.645617,6.023703,1.060600,1.060600
2.645617,6.582853,4.157404,5.485767,0.932892,0.932892
4.157404,6.582853,2.645617,5.485767,0.932892,0.932892
2.645617,7.510838,5.102263,5.188427,0.812210,0.812210
5.102263,7.510838,2.645617,5.188427,0.812210,0.812210
2.645617,8.442567,6.047121,5.158100,0.802193,0.802193
6.047121,8.442567,2.645617,5.158100,0.802193,0.802193
3.023562,6.023799,3.212529,7.339862,2.389016,2.389016
3.212529,6.023799,3.023562,7.339862,2.389016,2.389016
3.023562,6.574117,3.779451,5.913545,2.467939,2.467939
3.779451,6.574117,3.023562,5.913545,2.467939,2.467939
3.023562,6.942486,4.157404,5.428832,2.392225,2.392225
4.157404,6.942486,3.023562,5.428832,2.392225,2.392225
3.023562,7.867361,5.102263,5.146785,2.285332,2.285332
5.102263,7.867361,3.023562,5.146785,2.285332,2.285332
3.023562,8.796485,6.047121,5.116615,2.274968,2.274968
6.047121,8.796485,3.023562,5.116615,2.274968,2.274968
3.779451,7.301340,3.779452,5.660113,4.434545,4.434545
3.779452,7.301340,3.779451,5.660113,4.434545,4.434545
3.779452,7.667040,4.157404,5.349551,4.531637,4.531637
4.157404,7.667040,3.779452,5.349551,4.531637,4.531637
3.779452,8.585907,5.102263,5.238976,4.594601,4.594601
5.102263,8.585907,3.779452,5.238976,4.594601,4.594601
3.779452,9.509870,6.047121,5.212298,4.587143,4.587143
6.047121,9.509870,3.779452,5.212298,4.587143,4.587143
4.535343,9.310369,5.102263,5.131074,5.026595,5.026595
5.102263,9.310369,4.535343,5.131074,5.026595,5.026595
4.535343,10.229361,6.047121,5.129578,5.044027,5.044027
6.047121,10.229361,4.535343,5.129578,5.044027,5.044027
5.291233,10.953756,6.047121,5.173148,5.131623,5.131623
6.047121,10.953756,5.291233,5.173148,5.131623,5.131623
