R1,R2,R3,ETriat,E,ENew
1.511781,1.840621,1.511782,39.261132,66.825229,66.825229
1.511782,1.840621,1.511781,39.261132,66.825229,66.825229
1.511781,1.961397,1.700749,37.446202,51.363537,51.363537
1.700749,1.961397,1.511781,37.446202,51.363537,51.363537
1.511781,2.092309,1.889734,34.461786,41.797847,41.797847
1.889734,2.092309,1.511781,34.461786,41.797847,41.797847
1.511781,2.231544,2.078701,30.925170,35.593830,35.593830
2.078701,2.231544,1.511781,30.925170,35.593830,35.593830
1.511781,2.267671,2.128418,29.656728,34.033372,34.033372
2.128418,2.267671,1.511781,29.656728,34.033372,34.033372
1.511781,2.377654,2.267668,26.148206,30.305923,30.305923
2.267668,2.377654,1.511781,26.148206,30.305923,30.305923
1.511781,2.529448,2.456635,21.562583,26.351419,26.351419
2.456635,2.529448,1.511781,21.562583,26.351419,26.351419
1.511781,2.685974,2.645625,17.364160,23.330675,23.330675
2.645625,2.685974,1.511781,17.364160,23.330675,23.330675
1.511781,2.846430,2.834592,14.172637,21.531237,21.531237
2.834592,2.846430,1.511781,14.172637,21.531237,21.531237
1.511781,3.176765,3.212526,9.359153,19.503401,19.503401
3.212526,3.176765,1.511781,9.359153,19.503401,19.503401
1.511781,3.689456,3.779450,5.709131,18.820460,18.820460
3.779450,3.689456,1.511781,5.709131,18.820460,18.820460
1.511781,4.039318,4.157402,5.009065,19.007316,19.007316
4.157402,4.039318,1.511781,5.009065,19.007316,19.007316
1.511781,4.932114,5.102260,5.384904,19.808988,19.808988
5.102260,4.932114,1.511781,5.384904,19.808988,19.808988
1.511781,5.841311,6.047118,5.459542,19.923079,19.923079
6.047118,5.841311,1.511781,5.459542,19.923079,19.923079
1.889726,2.300790,1.889734,29.199119,19.126524,19.126524
1.889734,2.300790,1.889726,29.199119,19.126524,19.126524
1.889726,2.420475,2.078701,25.941807,13.822355,13.822355
2.078701,2.420475,1.889726,25.941807,13.822355,13.822355
1.889726,2.548564,2.267668,22.719383,10.392731,10.392731
2.267668,2.548564,1.889726,22.719383,10.392731,10.392731
1.889726,2.683855,2.456635,19.634841,8.049507,8.049507
2.456635,2.683855,1.889726,19.634841,8.049507,8.049507
1.889726,2.825322,2.645625,16.734592,6.331855,6.331855
2.645625,2.825322,1.889726,16.734592,6.331855,6.331855
1.889726,2.834588,2.660516,16.545122,6.236410,6.236410
2.660516,2.834588,1.889726,16.545122,6.236410,6.236410
1.889726,2.972068,2.834592,14.135571,5.078588,5.078588
2.834592,2.972068,1.889726,14.135571,5.078588,5.078588
1.889726,3.278555,3.212526,10.058390,3.636558,3.636558
3.212526,3.278555,1.889726,10.058390,3.636558,3.636558
1.889726,3.762746,3.779450,6.807012,3.125208,3.125208
3.779450,3.762746,1.889726,6.807012,3.125208,3.125208
1.889726,4.097357,4.157402,5.896380,3.014847,3.014847
4.157402,4.097357,1.889726,5.896380,3.014847,3.014847
1.889726,4.961163,5.102260,5.385689,2.884494,2.884494
5.102260,4.961163,1.889726,5.385689,2.884494,2.884494
1.889726,5.850081,6.047118,5.335957,2.873263,2.873263
6.047118,5.850081,1.889726,5.335957,2.873263,2.873263
2.267668,2.760943,2.267671,18.693713,4.385283,4.385283
2.267671,2.760943,2.267668,18.693713,4.385283,4.385283
2.267671,2.879885,2.456635,16.579824,3.005697,3.005697
2.456635,2.879885,2.267671,16.579824,3.005697,3.005697
2.267671,3.006015,2.645625,14.579534,2.133037,2.133037
2.645625,3.006015,2.267671,14.579534,2.133037,2.133037
2.267671,3.138455,2.834592,12.743287,1.560241,1.560241
2.834592,3.138455,2.267671,12.743287,1.560241,1.560241
2.267671,3.419313,3.212526,9.616822,0.865114,0.865114
3.212526,3.419313,2.267671,9.616822,0.865114,0.865114
2.267671,3.871707,3.779450,6.737481,0.443225,0.443225
3.779450,3.871707,2.267671,6.737481,0.443225,0.443225
2.267671,4.188825,4.157402,5.841143,0.242015,0.242015
4.157402,4.188825,2.267671,5.841143,0.242015,0.242015
2.267671,5.018586,5.102260,5.302386,0.026452,0.026452
5.102260,5.018586,2.267671,5.302386,0.026452,0.026452
2.267671,5.883168,6.047118,5.238576,-0.000260,-0.000260
6.047118,5.883168,2.267671,5.238576,-0.000260,-0.000260
2.645617,3.221101,2.645625,12.033968,1.273040,1.273040
2.645625,3.221101,2.645617,12.033968,1.273040,1.273040
2.645617,3.339505,2.834592,10.806445,1.195765,1.195765
2.834592,3.339505,2.645617,10.806445,1.195765,1.195765
2.645617,3.594462,3.212526,8.645100,1.220830,1.220830
3.212526,3.594462,2.645617,8.645100,1.220830,1.220830
2.645617,4.013435,3.779450,6.422006,1.155567,1.155567
3.779450,4.013435,2.645617,6.422006,1.155567,1.155567
2.645617,4.311596,4.157402,5.706796,1.032673,1.032673
4.157402,4.311596,2.645617,5.706796,1.032673,1.032673
2.645617,5.102260,5.103426,5.236557,0.831377,0.831377
5.103426,5.102260,2.645617,5.236557,0.831377,0.831377
2.645617,5.940166,6.047118,5.171630,0.801976,0.801976
6.047118,5.940166,2.645617,5.171630,0.801976,0.801976
2.645617,6.047113,6.165284,5.167861,0.801369,0.801369
6.165284,6.047113,2.645617,5.167861,0.801369,0.801369
3.023562,3.799251,3.212526,7.614940,2.098867,2.098867
3.212526,3.799251,3.023562,7.614940,2.098867,2.098867
3.023562,4.184601,3.779450,6.100943,2.475050,2.475050
3.779450,4.184601,3.023562,6.100943,2.475050,2.475050
3.023562,4.463088,4.157402,5.537423,2.421062,2.421062
4.157402,4.463088,3.023562,5.537423,2.421062,2.421062
3.023562,5.102258,4.962088,5.207185,2.311524,2.311524
4.962088,5.102258,3.023562,5.207185,2.311524,2.311524
3.023562,5.214346,5.102260,5.188898,2.300423,2.300423
5.102260,5.214346,3.023562,5.188898,2.300423,2.300423
3.023562,6.020395,6.047118,5.127689,2.273147,2.273147
6.047118,6.020395,3.023562,5.127689,2.273147,2.273147
3.779450,4.601565,3.779452,5.434867,4.151333,4.151333
3.779452,4.601565,3.779450,5.434867,4.151333,4.151333
3.779452,4.840950,4.157402,5.291963,4.435022,4.435022
4.157402,4.840950,3.779452,5.291963,4.435022,4.435022
3.779452,5.507752,5.102260,5.257077,4.591002,4.591002
5.102260,5.507752,3.779452,5.257077,4.591002,4.591002
3.779452,6.246710,6.047118,5.222052,4.586492,4.586492
6.047118,6.246710,3.779452,5.222052,4.586492,4.586492
4.535343,5.884217,5.102260,5.156689,5.036872,5.036872
5.102260,5.884217,4.535343,5.156689,5.036872,5.036872
4.535343,6.552890,6.047118,5.145980,5.052787,5.052787
6.047118,6.552890,4.535343,5.145980,5.052787,5.052787
5.291233,6.928353,6.047118,5.172430,5.125638,5.125638
6.047118,6.928353,5.291233,5.172430,5.125638,5.125638
