R1,R2,R3,ETriat,E,ENew
1.511781,1.511776,2.476758,28.647775,52.731978,52.731978
2.476758,1.511776,1.511781,28.647775,52.731978,52.731978
1.700749,1.511781,2.551270,26.404005,39.185419,39.185419
2.551270,1.511781,1.700749,26.404005,39.185419,39.185419
1.511781,1.345858,2.267666,32.376710,75.433136,75.433136
2.267666,1.345858,1.511781,32.376710,75.433136,75.433136
1.511781,1.495353,2.456648,28.973611,54.448113,54.448113
2.456648,1.495353,1.511781,28.973611,54.448113,54.448113
1.511781,1.652946,2.645615,25.518870,40.811660,40.811660
2.645615,1.652946,1.511781,25.518870,40.811660,40.811660
1.511781,1.816526,2.834587,21.930665,31.991486,31.991486
2.834587,1.816526,1.511781,21.930665,31.991486,31.991486
1.511781,2.156200,3.212537,16.337016,23.705471,23.705471
3.212537,2.156200,1.511781,16.337016,23.705471,23.705471
1.511781,2.684941,3.779443,10.314009,20.006425,20.006425
3.779443,2.684941,1.511781,10.314009,20.006425,20.006425
1.511781,3.045087,4.157393,7.567106,19.114989,19.114989
4.157393,3.045087,1.511781,7.567106,19.114989,19.114989
1.511781,3.959990,5.102264,4.935694,19.029084,19.029084
5.102264,3.959990,1.511781,4.935694,19.029084,19.029084
1.511781,4.886299,6.047124,5.332572,19.773299,19.773299
6.047124,4.886299,1.511781,5.332572,19.773299,19.773299
1.889726,1.889721,3.095943,18.653266,11.244705,11.244705
3.095943,1.889721,1.889726,18.653266,11.244705,11.244705
1.889726,1.301077,2.267666,30.973939,64.453776,64.453776
2.267666,1.301077,1.889726,30.973939,64.453776,64.453776
1.889726,1.414402,2.456648,26.783101,43.836481,43.836481
2.456648,1.414402,1.889726,26.783101,43.836481,43.836481
1.889726,1.542621,2.645615,23.839614,29.073168,29.073168
2.645615,1.542621,1.889726,23.839614,29.073168,29.073168
1.889726,1.682320,2.834587,21.442255,19.171969,19.171969
2.834587,1.682320,1.889726,21.442255,19.171969,19.171969
1.889726,1.986357,3.212537,17.512276,9.129317,9.129317
3.212537,1.986357,1.889726,17.512276,9.129317,9.129317
1.889726,2.480787,3.779443,12.257884,4.321668,4.321668
3.779443,2.480787,1.889726,12.257884,4.321668,4.321668
1.889726,2.825585,4.157393,9.690393,3.425201,3.425201
4.157393,2.825585,1.889726,9.690393,3.425201,3.425201
1.889726,4.157397,5.563714,5.510140,2.851581,2.851581
5.563714,4.157397,1.889726,5.510140,2.851581,2.851581
1.889726,3.715890,5.102264,5.987310,2.801148,2.801148
5.102264,3.715890,1.889726,5.987310,2.801148,2.801148
1.889726,4.627870,6.047124,5.362937,2.858259,2.858259
6.047124,4.627870,1.889726,5.362937,2.858259,2.858259
2.267666,1.363802,2.267671,27.952803,48.651719,48.651719
2.267671,1.363802,2.267666,27.952803,48.651719,48.651719
2.267671,2.267667,3.715128,12.503006,1.361893,1.361893
3.715128,2.267667,2.267671,12.503006,1.361893,1.361893
2.267671,1.432016,2.456648,24.504492,36.717914,36.717914
2.456648,1.432016,2.267671,24.504492,36.717914,36.717914
2.267671,1.520794,2.645615,21.309497,25.497233,25.497233
2.645615,1.520794,2.267671,21.309497,25.497233,25.497233
2.267671,1.626751,2.834587,18.893189,16.609714,16.609714
2.834587,1.626751,2.267671,18.893189,16.609714,16.609714
2.267671,1.878221,3.212537,15.517333,5.982253,5.982253
3.212537,1.878221,2.267671,15.517333,5.982253,5.982253
2.267671,2.320642,3.779443,12.185608,1.169183,1.169183
3.779443,2.320642,2.267671,12.185608,1.169183,1.169183
2.267671,3.779443,5.409088,5.911283,0.066304,0.066304
5.409088,3.779443,2.267671,5.911283,0.066304,0.066304
2.267671,2.642156,4.157393,10.334649,0.567550,0.567550
4.157393,2.642156,2.267671,10.334649,0.567550,0.567550
2.267671,3.495689,5.102264,6.546434,0.086555,0.086555
5.102264,3.495689,2.267671,6.546434,0.086555,0.086555
2.267671,4.386813,6.047124,5.356994,0.029965,0.029965
6.047124,4.386813,2.267671,5.356994,0.029965,0.029965
2.645615,1.591112,2.645617,18.272420,18.221731,18.221731
2.645617,1.591112,2.645615,18.272420,18.221731,18.221731
2.645618,2.645617,4.334328,9.189784,0.387328,0.387328
4.334328,2.645617,2.645618,9.189784,0.387328,0.387328
2.645617,1.657746,2.834587,16.280057,13.249428,13.249428
2.834587,1.657746,2.645617,16.280057,13.249428,13.249428
2.645617,1.842688,3.212537,13.250046,5.328366,5.328366
3.212537,1.842688,2.645617,13.250046,5.328366,5.328366
2.645617,2.214078,3.779443,10.642872,0.532728,0.532728
3.779443,2.214078,2.645617,10.642872,0.532728,0.532728
3.779452,2.645617,4.613409,5.944588,0.932589,0.932589
4.613409,2.645617,3.779452,5.944588,0.932589,0.932589
2.645617,2.502745,4.157393,9.608274,0.233776,0.233776
4.157393,2.502745,2.645617,9.608274,0.233776,0.233776
2.645617,3.304169,5.102264,6.938899,0.772488,0.772488
5.102264,3.304169,2.645617,6.938899,0.772488,0.772488
2.645617,4.166145,6.047124,5.412507,0.859130,0.859130
6.047124,4.166145,2.645617,5.412507,0.859130,0.859130
3.023562,1.883871,3.212537,11.301635,4.041059,4.041059
3.212537,1.883871,3.023562,11.301635,4.041059,4.041059
3.023562,2.169007,3.779443,9.038896,0.545044,0.545044
3.779443,2.169007,3.023562,9.038896,0.545044,0.545044
3.023562,2.414988,4.157393,8.269396,0.181826,0.181826
4.157393,2.414988,3.023562,8.269396,0.181826,0.181826
3.023562,3.146571,5.102264,7.032256,1.821466,1.821466
5.102264,3.146571,3.023562,7.032256,1.821466,1.821466
4.962088,3.023562,5.102258,5.207185,2.311524,2.311524
5.102258,3.023562,4.962088,5.207185,2.311524,2.311524
3.023562,5.102264,7.271327,5.139747,2.276659,2.276659
7.271327,5.102264,3.023562,5.139747,2.276659,2.276659
3.023562,3.969268,6.047124,5.490082,2.291013,2.291013
6.047124,3.969268,3.023562,5.490082,2.291013,2.291013
3.779443,2.273004,3.779452,6.910744,0.478653,0.478653
3.779452,2.273004,3.779443,6.910744,0.478653,0.478653
3.779461,3.779452,6.191897,5.384730,4.151333,4.151333
6.191897,3.779452,3.779461,5.384730,4.151333,4.151333
3.779452,2.413727,4.157393,6.311317,0.437110,0.437110
4.157393,2.413727,3.779452,6.311317,0.437110,0.437110
3.779452,2.953763,5.102264,5.747824,1.998132,1.998132
5.102264,2.953763,3.779452,5.747824,1.998132,1.998132
3.779452,5.102263,7.720175,5.233393,4.587663,4.587663
7.720175,5.102263,3.779452,5.233393,4.587663,4.587663
3.779452,3.661800,6.047124,5.431898,3.980305,3.980305
6.047124,3.661800,3.779452,5.431898,3.980305,3.980305
4.535343,2.948094,5.102264,5.273863,2.040585,2.040585
5.102264,2.948094,4.535343,5.273863,2.040585,2.040585
5.102260,4.535343,7.653808,5.118175,5.011634,5.011634
7.653808,4.535343,5.102260,5.118175,5.011634,5.011634
4.535343,3.493597,6.047124,5.181907,3.872589,3.872589
6.047124,3.493597,4.535343,5.181907,3.872589,3.872589
6.047118,4.535343,7.868775,5.134858,5.047366,5.047366
7.868775,4.535343,6.047118,5.134858,5.047366,5.047366
5.291233,3.484881,6.047124,5.132317,3.843448,3.843448
6.047124,3.484881,5.291233,5.132317,3.843448,3.843448
5.291233,6.047116,9.571291,5.172703,5.130799,5.130799
9.571291,6.047116,5.291233,5.172703,5.130799,5.130799
2.282033,4.200020,5.858092,5.450799,0.043364,0.043364
5.858092,4.200020,2.282033,5.450799,0.043364,0.043364
