R1,R2,R3,ETriat,E,ENew
1.511776,1.734233,1.511781,40.103484,70.761780,70.761780
1.511781,1.734233,1.511776,40.103484,70.761780,70.761780
1.511781,1.849118,1.700749,38.374654,54.217546,54.217546
1.700749,1.849118,1.511781,38.374654,54.217546,54.217546
1.511781,1.975431,1.889721,35.803596,44.151217,44.151217
1.889721,1.975431,1.511781,35.803596,44.151217,44.151217
1.511781,2.111123,2.078694,33.102499,38.126858,38.126858
2.078694,2.111123,1.511781,33.102499,38.126858,38.126858
1.511781,2.254501,2.267667,28.472514,32.554395,32.554395
2.267667,2.254501,1.511781,28.472514,32.554395,32.554395
1.511781,2.404185,2.456646,23.300401,27.757674,27.757674
2.456646,2.404185,1.511781,23.300401,27.757674,27.757674
1.511781,2.559079,2.645618,18.755588,24.258623,24.258623
2.645618,2.559079,1.511781,18.755588,24.258623,24.258623
1.511781,2.718287,2.834591,15.362032,22.203901,22.203901
2.834591,2.718287,1.511781,15.362032,22.203901,22.203901
1.511781,2.834585,2.971886,13.213047,21.081681,21.081681
2.971886,2.834585,1.511781,13.213047,21.081681,21.081681
1.511781,3.046925,3.212536,10.058921,19.708340,19.708340
3.212536,3.046925,1.511781,10.058921,19.708340,19.708340
1.511781,3.558286,3.779461,5.957227,18.781345,18.781345
3.779461,3.558286,1.511781,5.957227,18.781345,18.781345
1.511781,3.907702,4.157388,5.053015,18.914343,18.914343
4.157388,3.907702,1.511781,5.053015,18.914343,18.914343
1.511781,4.157397,4.423735,4.925263,19.120583,19.120583
4.423735,4.157397,1.511781,4.925263,19.120583,19.120583
1.511781,4.800229,5.102258,5.341274,19.758946,19.758946
5.102258,4.800229,1.511781,5.341274,19.758946,19.758946
1.511781,5.709624,6.047127,5.451660,19.912888,19.912888
6.047127,5.709624,1.511781,5.451660,19.912888,19.912888
1.292656,1.889723,1.889726,37.126983,74.888526,74.888526
1.889726,1.889723,1.292656,37.126983,74.888526,74.888526
1.889721,2.167801,1.889726,32.500321,22.583121,22.583121
1.889726,2.167801,1.889721,32.500321,22.583121,22.583121
1.889726,2.281452,2.078694,28.913742,16.627623,16.627623
2.078694,2.281452,1.889726,28.913742,16.627623,16.627623
1.889726,2.404601,2.267667,25.308028,12.588689,12.588689
2.267667,2.404601,1.889726,25.308028,12.588689,12.588689
1.889726,2.535856,2.456646,22.027408,9.910392,9.910392
2.456646,2.535856,1.889726,22.027408,9.910392,9.910392
1.889726,2.674041,2.645618,18.657967,7.652032,7.652032
2.645618,2.674041,1.889726,18.657967,7.652032,7.652032
1.889726,2.818128,2.834591,15.508560,5.825449,5.825449
2.834591,2.818128,1.889726,15.508560,5.825449,5.825449
1.889726,3.120706,3.212536,10.827433,3.835860,3.835860
3.212536,3.120706,1.889726,10.827433,3.835860,3.835860
1.889726,3.601373,3.779461,7.128872,3.127984,3.127984
3.779461,3.601373,1.889726,7.128872,3.127984,3.127984
1.889726,3.934579,4.157388,6.049646,3.016408,3.016408
4.157388,3.934579,1.889726,6.049646,3.016408,3.016408
1.889726,4.796738,5.102258,5.391937,2.883020,2.883020
5.102258,4.796738,1.889726,5.391937,2.883020,2.883020
1.889726,5.685247,6.047127,5.337257,2.871658,2.871658
6.047127,5.685247,1.889726,5.337257,2.871658,2.871658
1.551189,2.267671,2.267672,28.533817,29.480357,29.480357
2.267672,2.267671,1.551189,28.533817,29.480357,29.480357
2.267667,2.601368,2.267671,21.135509,6.214164,6.214164
2.267671,2.601368,2.267667,21.135509,6.214164,6.214164
2.003921,2.456642,2.267671,24.323289,10.127472,10.127472
2.267671,2.456642,2.003921,24.323289,10.127472,10.127472
2.267671,2.714169,2.456646,18.682385,4.438794,4.438794
2.456646,2.714169,2.267671,18.682385,4.438794,4.438794
2.267671,2.835100,2.645618,16.340751,3.201139,3.201139
2.645618,2.835100,2.267671,16.340751,3.201139,3.201139
2.267671,2.963155,2.834591,14.101773,2.232168,2.232168
2.834591,2.963155,2.267671,14.101773,2.232168,2.232168
2.267671,3.237212,3.212536,10.461428,1.120008,1.120008
3.212536,3.237212,2.267671,10.461428,1.120008,1.120008
2.267671,3.682941,3.779461,7.102138,0.497647,0.497647
3.779461,3.682941,2.267671,7.102138,0.497647,0.497647
2.267671,3.997171,4.157388,6.030309,0.286637,0.286637
4.157388,3.997171,2.267671,6.030309,0.286637,0.286637
2.267671,4.822954,5.102258,5.317121,0.033043,0.033043
5.102258,4.822954,2.267671,5.317121,0.033043,0.033043
2.267671,5.685943,6.047127,5.241967,-0.000304,-0.000304
6.047127,5.685943,2.267671,5.241967,-0.000304,-0.000304
1.809705,2.645610,2.645617,18.887004,9.540452,9.540452
2.645617,2.645610,1.809705,18.887004,9.540452,9.540452
2.645617,3.034925,2.645618,13.552708,2.089240,2.089240
2.645618,3.034925,2.645617,13.552708,2.089240,2.089240
2.645617,3.147128,2.834591,12.079208,1.796966,1.796966
2.834591,3.147128,2.645617,12.079208,1.796966,1.796966
2.645617,3.392045,3.212536,9.440409,1.475594,1.475594
3.212536,3.392045,2.645617,9.440409,1.475594,1.475594
2.645617,3.800514,3.779461,6.759068,1.230240,1.230240
3.779461,3.800514,2.645617,6.759068,1.230240,1.230240
2.645617,4.093840,4.157388,5.879698,1.087138,1.087138
4.157388,4.093840,2.645617,5.879698,1.087138,1.087138
2.645617,4.878397,5.102258,5.253734,0.840743,0.840743
5.102258,4.878397,2.645617,5.253734,0.840743,0.840743
2.645617,5.711703,6.047127,5.176103,0.802583,0.802583
6.047127,5.711703,2.645617,5.176103,0.802583,0.802583
3.023562,3.580234,3.212536,8.251674,2.308272,2.308272
3.212536,3.580234,3.023562,8.251674,2.308272,2.308272
3.023562,3.950879,3.779461,6.359476,2.543479,2.543479
3.779461,3.950879,3.023562,6.359476,2.543479,2.543479
3.023562,4.222246,4.157388,5.683742,2.484547,2.484547
4.157388,4.222246,3.023562,5.683742,2.484547,2.484547
3.023562,4.962088,5.102258,5.207185,2.311524,2.311524
5.102258,4.962088,3.023562,5.207185,2.311524,2.311524
3.023562,5.762190,6.047127,5.132804,2.274101,2.274101
6.047127,5.762190,3.023562,5.132804,2.274101,2.274101
2.585305,3.779452,3.779460,6.818958,1.037183,1.037183
3.779460,3.779452,2.585305,6.818958,1.037183,1.037183
3.779452,4.335617,3.779461,5.498124,4.156017,4.156017
3.779461,4.335617,3.779452,5.498124,4.156017,4.156017
3.779452,4.562903,4.157388,5.320832,4.438534,4.438534
4.157388,4.562903,3.779452,5.320832,4.438534,4.438534
3.779452,5.208310,5.102258,5.260330,4.587750,4.587750
5.102258,5.208310,3.779452,5.260330,4.587750,4.587750
3.779452,5.934514,6.047127,5.227543,4.587750,4.587750
6.047127,5.934514,3.779452,5.227543,4.587750,4.587750
4.535343,5.547378,5.102258,5.139909,5.013976,5.013976
5.102258,5.547378,4.535343,5.139909,5.013976,5.013976
4.535343,6.194903,6.047127,5.153691,5.056863,5.056863
6.047127,6.194903,4.535343,5.153691,5.056863,5.056863
5.291233,6.532834,6.047127,5.173259,5.123774,5.123774
6.047127,6.532834,5.291233,5.173259,5.123774,5.123774
