R1,R2,R3,ETriat,E,ENew
1.511781,1.511776,1.734233,40.103484,70.761780,70.761780
1.734233,1.511776,1.511781,40.103484,70.761780,70.761780
1.511781,1.492829,1.700760,40.508927,74.134338,74.134338
1.700760,1.492829,1.511781,40.508927,74.134338,74.134338
1.511781,1.606015,1.889727,38.502232,58.275690,58.275690
1.889727,1.606015,1.511781,38.502232,58.275690,58.275690
1.511781,1.732490,2.078699,35.870102,47.454566,47.454566
2.078699,1.732490,1.511781,35.870102,47.454566,47.454566
1.511781,1.869520,2.267666,30.699489,37.939828,37.939828
2.267666,1.869520,1.511781,30.699489,37.939828,37.939828
1.511781,2.014989,2.456648,26.033627,31.431568,31.431568
2.456648,2.014989,1.511781,26.033627,31.431568,31.431568
1.511781,2.167164,2.645615,22.002063,27.104654,27.104654
2.645615,2.167164,1.511781,22.002063,27.104654,27.104654
1.511781,2.324763,2.834587,18.448424,24.157281,24.157281
2.834587,2.324763,1.511781,18.448424,24.157281,24.157281
1.511781,2.652274,3.212537,12.673091,20.741403,20.741403
3.212537,2.652274,1.511781,12.673091,20.741403,20.741403
1.511781,3.164679,3.779443,7.275865,18.874708,18.874708
3.779443,3.164679,1.511781,7.275865,18.874708,18.874708
1.511781,3.515600,4.157393,5.554877,18.678312,18.678312
4.157393,3.515600,1.511781,5.554877,18.678312,18.678312
1.511781,4.412481,5.102264,5.070430,19.434929,19.434929
5.102264,4.412481,1.511781,5.070430,19.434929,19.434929
1.511781,5.325977,6.047124,5.400229,19.853740,19.853740
6.047124,5.325977,1.511781,5.400229,19.853740,19.853740
1.889726,1.745150,1.889727,36.175929,32.596068,32.596068
1.889727,1.745150,1.889726,36.175929,32.596068,32.596068
1.889726,1.889721,2.167801,32.500321,22.583121,22.583121
2.167801,1.889721,1.889726,32.500321,22.583121,22.583121
1.889726,1.840073,2.078699,34.081353,25.595235,25.595235
2.078699,1.840073,1.889726,34.081353,25.595235,25.595235
1.889726,1.948722,2.267666,29.905139,18.891620,18.891620
2.267666,1.948722,1.889726,29.905139,18.891620,18.891620
1.889726,2.068975,2.456648,25.245422,13.276791,13.276791
2.456648,2.068975,1.889726,25.245422,13.276791,13.276791
1.889726,2.198896,2.645615,21.502695,9.598864,9.598864
2.645615,2.198896,1.889726,21.502695,9.598864,9.598864
1.889726,2.336910,2.834587,18.195393,6.989081,6.989081
2.834587,2.336910,1.889726,18.195393,6.989081,6.989081
1.889726,2.631978,3.212537,13.387199,4.453191,4.453191
3.212537,2.631978,1.889726,13.387199,4.453191,4.453191
1.889726,3.108401,3.779443,8.639402,3.100057,3.100057
3.779443,3.108401,1.889726,8.639402,3.100057,3.100057
1.889726,3.441299,4.157393,6.806385,2.800845,2.800845
4.157393,3.441299,1.889726,6.806385,2.800845,2.800845
1.889726,4.306208,5.102264,5.446358,2.850670,2.850670
5.102264,4.306208,1.889726,5.446358,2.850670,2.850670
1.889726,5.199021,6.047124,5.336198,2.860427,2.860427
6.047124,5.199021,1.889726,5.336198,2.860427,2.860427
2.267666,2.094186,2.267671,27.150030,11.995685,11.995685
2.267671,2.094186,2.267666,27.150030,11.995685,11.995685
2.267671,2.267667,2.601368,21.135509,6.214164,6.214164
2.601368,2.267667,2.267671,21.135509,6.214164,6.214164
2.267671,2.187880,2.456648,23.897860,8.624472,8.624472
2.456648,2.187880,2.267671,23.897860,8.624472,8.624472
2.267671,2.293332,2.645615,20.334527,5.574717,5.574717
2.645615,2.293332,2.267671,20.334527,5.574717,5.574717
2.267671,2.409036,2.834587,17.285682,3.415878,3.415878
2.834587,2.409036,2.267671,17.285682,3.415878,3.415878
2.267671,2.665661,3.212537,12.815535,1.231628,1.231628
3.212537,2.665661,2.267671,12.815535,1.231628,1.231628
2.267671,3.097549,3.779443,8.725969,0.368335,0.368335
3.779443,3.097549,2.267671,8.725969,0.368335,0.368335
2.267671,3.407539,4.157393,7.100461,0.219639,0.219639
4.157393,3.407539,2.267671,7.100461,0.219639,0.219639
2.267671,4.231141,5.102264,5.460188,0.055289,0.055289
5.102264,4.231141,2.267671,5.460188,0.055289,0.055289
2.267671,5.096989,6.047124,5.253370,-0.001691,-0.001691
6.047124,5.096989,2.267671,5.253370,-0.001691,-0.001691
2.645615,2.443212,2.645617,17.794441,4.121109,4.121109
2.645617,2.443212,2.645615,17.794441,4.121109,4.121109
2.645618,2.645617,3.034925,13.552708,2.089240,2.089240
3.034925,2.645617,2.645618,13.552708,2.089240,2.089240
2.645617,2.536030,2.834587,15.766024,3.107299,3.107299
2.834587,2.536030,2.645617,15.766024,3.107299,3.107299
2.645617,2.834592,3.339505,10.806445,1.195765,1.195765
3.339505,2.834592,2.645617,10.806445,1.195765,1.195765
2.645617,2.751340,3.212537,11.838993,1.459419,1.459419
3.212537,2.751340,2.645617,11.838993,1.459419,1.459419
2.645617,3.132594,3.779443,8.291359,0.935494,0.935494
3.779443,3.132594,2.645617,8.291359,0.935494,0.935494
2.645617,3.779452,4.613409,5.944588,0.932589,0.932589
4.613409,3.779452,2.645617,5.944588,0.932589,0.932589
2.645617,3.415521,4.157393,6.952247,0.963377,0.963377
4.157393,3.415521,2.645617,6.952247,0.963377,0.963377
2.645617,4.188957,5.102264,5.437924,0.879207,0.879207
5.102264,4.188957,2.645617,5.437924,0.879207,0.879207
2.645617,5.021401,6.047124,5.195439,0.806442,0.806442
6.047124,5.021401,2.645617,5.195439,0.806442,0.806442
3.023562,2.884386,3.212537,10.574167,2.248646,2.248646
3.212537,2.884386,3.023562,10.574167,2.248646,2.248646
3.023562,3.212034,3.779443,7.664976,2.115475,2.115475
3.779443,3.212034,3.023562,7.664976,2.115475,2.115475
3.023562,3.464958,4.157393,6.597092,2.263737,2.263737
4.157393,3.464958,3.023562,6.597092,2.263737,2.263737
3.023562,4.180652,5.102264,5.382679,2.333163,2.333163
5.102264,4.180652,3.023562,5.382679,2.333163,2.333163
3.023562,4.973461,6.047124,5.158112,2.281429,2.281429
6.047124,4.973461,3.023562,5.158112,2.281429,2.281429
3.779443,3.490309,3.779452,6.128057,3.673374,3.673374
3.779452,3.490309,3.779443,6.128057,3.673374,3.673374
3.779461,3.779452,4.335617,5.498124,4.156017,4.156017
4.335617,3.779452,3.779461,5.498124,4.156017,4.156017
3.779452,3.680121,4.157393,5.637549,4.032256,4.032256
4.157393,3.680121,3.779452,5.637549,4.032256,4.032256
3.779452,4.265664,5.102264,5.266183,4.475480,4.475480
5.102264,4.265664,3.779452,5.266183,4.475480,4.475480
3.779452,4.963272,6.047124,5.252617,4.591609,4.591609
6.047124,4.963272,3.779452,5.252617,4.591609,4.591609
4.535343,4.478468,5.102264,5.168946,4.983274,4.983274
5.102264,4.478468,4.535343,5.168946,4.983274,4.983274
4.535343,5.067106,6.047124,5.195918,5.077591,5.077591
6.047124,5.067106,4.535343,5.195918,5.077591,5.077591
5.291233,5.278238,6.047124,5.210068,5.140903,5.140903
6.047124,5.278238,5.291233,5.210068,5.140903,5.140903
2.282033,6.000042,7.007163,5.222079,-0.008629,-0.008629
7.007163,6.000042,2.282033,5.222079,-0.008629,-0.008629
