R1,R2,R3,ETriat,E,ENew
1.511781,2.997695,1.511782,20.076485,46.134475,46.134475
1.511782,2.997695,1.511781,20.076485,46.134475,46.134475
1.511781,3.185141,1.700749,19.194385,34.442989,34.442989
1.700749,3.185141,1.511781,19.194385,34.442989,34.442989
1.511781,3.372776,1.889734,17.756446,28.244783,28.244783
1.889734,3.372776,1.511781,17.756446,28.244783,28.244783
1.511781,3.560534,2.078701,16.247504,25.045378,25.045378
2.078701,3.560534,1.511781,16.247504,25.045378,25.045378
1.511781,3.748415,2.267668,14.675497,23.297284,23.297284
2.267668,3.748415,1.511781,14.675497,23.297284,23.297284
1.511781,3.936399,2.456635,12.942223,22.083696,22.083696
2.456635,3.936399,1.511781,12.942223,22.083696,22.083696
1.511781,4.124495,2.645625,11.210177,21.137795,21.137795
2.645625,4.124495,1.511781,11.210177,21.137795,21.137795
1.511781,4.312647,2.834592,9.597625,20.371117,20.371117
2.834592,4.312647,1.511781,9.597625,20.371117,20.371117
1.511781,4.689148,3.212526,7.158508,19.490132,19.490132
3.212526,4.689148,1.511781,7.158508,19.490132,19.490132
1.511781,5.254307,3.779450,5.620815,19.475518,19.475518
3.779450,5.254307,1.511781,5.620815,19.475518,19.475518
1.511781,5.631281,4.157402,5.500914,19.770047,19.770047
4.157402,5.631281,1.511781,5.500914,19.770047,19.770047
1.511781,6.574183,5.102260,5.461937,19.915837,19.915837
5.102260,6.574183,1.511781,5.461937,19.915837,19.915837
1.511781,7.517576,6.047118,5.459666,19.936825,19.936825
6.047118,7.517576,1.511781,5.459666,19.936825,19.936825
1.889726,3.747127,1.889734,15.569133,10.038836,10.038836
1.889734,3.747127,1.889726,15.569133,10.038836,10.038836
1.889726,3.934554,2.078701,14.548191,7.076677,7.076677
2.078701,3.934554,1.889726,14.548191,7.076677,7.076677
1.889726,4.122123,2.267668,13.553987,5.685296,5.685296
2.267668,4.122123,1.889726,13.553987,5.685296,5.685296
1.889726,4.309814,2.456635,12.298254,4.778118,4.778118
2.456635,4.309814,1.889726,12.298254,4.778118,4.778118
1.889726,4.497633,2.645625,11.326970,4.475654,4.475654
2.645625,4.497633,1.889726,11.326970,4.475654,4.475654
1.889726,4.685524,2.834592,10.329808,4.252892,4.252892
2.834592,4.685524,1.889726,10.329808,4.252892,4.252892
1.889726,5.061548,3.212526,8.331201,3.755462,3.755462
3.212526,5.061548,1.889726,8.331201,3.755462,3.755462
1.889726,5.626085,3.779450,6.264316,3.200402,3.200402
3.779450,5.626085,1.889726,6.264316,3.200402,3.200402
1.889726,6.002697,4.157402,5.666993,3.016061,3.016061
4.157402,6.002697,1.889726,5.666993,3.016061,3.016061
1.889726,6.944840,5.102260,5.351583,2.881545,2.881545
5.102260,6.944840,1.889726,5.351583,2.881545,2.881545
1.889726,7.887632,6.047118,5.320347,2.872005,2.872005
6.047118,7.887632,1.889726,5.320347,2.872005,2.872005
2.267668,4.496540,2.267671,12.319720,1.823201,1.823201
2.267671,4.496540,2.267668,12.319720,1.823201,1.823201
2.267671,4.683955,2.456635,11.656849,1.436913,1.436913
2.456635,4.683955,2.267671,11.656849,1.436913,1.436913
2.267671,4.871512,2.645625,10.756236,1.166104,1.166104
2.645625,4.871512,2.267671,10.756236,1.166104,1.166104
2.267671,5.059154,2.834592,10.060228,1.225904,1.225904
2.834592,5.059154,2.267671,10.060228,1.225904,1.225904
2.267671,5.434713,3.212526,8.338366,0.994773,0.994773
3.212526,5.434713,2.267671,8.338366,0.994773,0.994773
2.267671,5.998634,3.779450,6.204100,0.369853,0.369853
3.779450,5.998634,2.267671,6.204100,0.369853,0.369853
2.267671,6.374880,4.157402,5.588635,0.165608,0.165608
4.157402,6.374880,2.267671,5.588635,0.165608,0.165608
2.267671,7.316242,5.102260,5.257168,0.012055,0.012055
5.102260,7.316242,2.267671,5.257168,0.012055,0.012055
2.267671,8.258403,6.047118,5.223246,-0.001171,-0.001171
6.047118,8.258403,2.267671,5.223246,-0.001171,-0.001171
2.645617,5.245974,2.645625,10.056903,1.346716,1.346716
2.645625,5.245974,2.645617,10.056903,1.346716,1.346716
2.645617,5.433381,2.834592,9.413644,1.456471,1.456471
2.834592,5.433381,2.645617,9.413644,1.456471,1.456471
2.645617,5.808497,3.212526,8.045452,1.577283,1.577283
3.212526,5.808497,2.645617,8.045452,1.577283,1.577283
2.645617,6.371818,3.779450,6.108592,1.147241,1.147241
3.779450,6.371818,2.645617,6.108592,1.147241,1.147241
2.645617,6.747705,4.157402,5.516396,0.964721,0.964721
4.157402,6.747705,2.645617,5.516396,0.964721,0.964721
2.645617,7.688283,5.102260,5.192949,0.817197,0.817197
5.102260,7.688283,2.645617,5.192949,0.817197,0.817197
2.645617,8.629796,6.047118,5.158854,0.803147,0.803147
6.047118,8.629796,2.645617,5.158854,0.803147,0.803147
3.023562,6.182787,3.212526,7.533230,2.584501,2.584501
3.212526,6.182787,3.023562,7.533230,2.584501,2.584501
3.023562,6.745532,3.779450,6.005088,2.560738,2.560738
3.779450,6.745532,3.023562,6.005088,2.560738,2.560738
3.023562,7.121069,4.157402,5.457289,2.421539,2.421539
4.157402,7.121069,3.023562,5.457289,2.421539,2.421539
3.023562,8.060872,5.102260,5.150942,2.289842,2.289842
5.102260,8.060872,3.023562,5.150942,2.289842,2.289842
3.023562,9.001735,6.047118,5.117410,2.275922,2.275922
6.047118,9.001735,3.023562,5.117410,2.275922,2.275922
3.779450,7.494234,3.779452,5.670722,4.445776,4.445776
3.779452,7.494234,3.779450,5.670722,4.445776,4.445776
3.779452,7.869109,4.157402,5.382236,4.564767,4.564767
4.157402,7.869109,3.779452,5.382236,4.564767,4.564767
3.779452,8.807421,5.102260,5.242370,4.598201,4.598201
5.102260,8.807421,3.779452,5.242370,4.598201,4.598201
3.779452,9.746998,6.047118,5.211807,4.586753,4.586753
6.047118,9.746998,3.779452,5.211807,4.586753,4.586753
4.535343,9.555439,5.102260,5.132037,5.027679,5.027679
5.102260,9.555439,4.535343,5.132037,5.027679,5.027679
4.535343,10.493782,6.047118,5.127390,5.041902,5.041902
6.047118,10.493782,4.535343,5.127390,5.041902,5.041902
5.291233,11.241783,6.047118,5.177227,5.135742,5.135742
6.047118,11.241783,5.291233,5.177227,5.135742,5.135742
