R1,R2,R3,ETriat,E,ENew
1.511780,2.618481,1.511781,25.032474,49.579190,49.579190
1.511781,2.618481,1.511780,25.032474,49.579190,49.579190
1.511781,2.783738,1.700749,22.574192,36.233450,36.233450
1.700749,2.783738,1.511781,22.574192,36.233450,36.233450
1.511781,2.951851,1.889734,20.013787,28.960898,28.960898
1.889734,2.951851,1.511781,20.013787,28.960898,28.960898
1.511781,3.122342,2.078702,17.512993,24.921444,24.921444
2.078702,3.122342,1.511781,17.512993,24.921444,24.921444
1.511781,3.294850,2.267671,15.153980,22.614429,22.614429
2.267671,3.294850,1.511781,15.153980,22.614429,22.614429
1.511781,3.469073,2.456639,12.962825,21.208001,21.208001
2.456639,3.469073,1.511781,12.962825,21.208001,21.208001
1.511781,3.644777,2.645624,11.026163,20.316869,20.316869
2.645624,3.644777,1.511781,11.026163,20.316869,20.316869
1.511781,3.821737,2.834592,9.309944,19.667274,19.667274
2.834592,3.821737,1.511781,9.309944,19.667274,19.667274
1.511781,4.178812,3.212529,6.654870,18.847389,18.847389
3.212529,4.178812,1.511781,6.654870,18.847389,18.847389
1.511781,4.720533,3.779451,4.979956,18.813435,18.813435
3.779451,4.720533,1.511781,4.979956,18.813435,18.813435
1.511781,5.084738,4.157404,4.860991,19.118024,19.118024
4.157404,5.084738,1.511781,4.860991,19.118024,19.118024
1.511781,6.002672,5.102263,5.355846,19.803351,19.803351
5.102263,6.002672,1.511781,5.355846,19.803351,19.803351
1.511781,6.927849,6.047121,5.442751,19.917572,19.917572
6.047121,6.927849,1.511781,5.442751,19.917572,19.917572
1.889726,3.273106,1.889734,16.928663,10.165763,10.165763
1.889734,3.273106,1.889726,16.928663,10.165763,10.165763
1.889726,3.438057,2.078702,15.330420,6.877332,6.877332
2.078702,3.438057,1.889726,15.330420,6.877332,6.877332
1.889726,3.605367,2.267671,13.797632,5.207553,5.207553
2.267671,3.605367,1.889726,13.797632,5.207553,5.207553
1.889726,3.774722,2.456639,12.360971,4.351979,4.351979
2.456639,3.774722,1.889726,12.360971,4.351979,4.351979
1.889726,3.945869,2.645624,11.001853,3.844879,3.844879
2.645624,3.945869,1.889726,11.001853,3.844879,3.844879
1.889726,4.118565,2.834592,9.675303,3.421385,3.421385
2.834592,4.118565,1.889726,9.675303,3.421385,3.421385
1.889726,4.467910,3.212529,7.477737,2.851191,2.851191
3.212529,4.467910,1.889726,7.477737,2.851191,2.851191
1.889726,4.999744,3.779451,5.836185,2.757698,2.757698
3.779451,4.999744,1.889726,5.836185,2.757698,2.757698
1.889726,5.358304,4.157404,5.487662,2.824869,2.824869
4.157404,5.358304,1.889726,5.487662,2.824869,2.824869
1.889726,6.264665,5.102263,5.331555,2.856091,2.856091
5.102263,6.264665,1.889726,5.331555,2.856091,2.856091
1.889726,7.180957,6.047121,5.319554,2.869187,2.869187
6.047121,7.180957,1.889726,5.319554,2.869187,2.869187
2.267671,3.927722,2.267671,12.076803,1.254177,1.254177
2.267671,3.927722,2.267671,12.076803,1.254177,1.254177
2.267671,4.092465,2.456639,11.184487,0.768889,0.768889
2.456639,4.092465,2.267671,11.184487,0.768889,0.768889
2.267671,4.259231,2.645624,10.245967,0.545651,0.545651
2.645624,4.259231,2.267671,10.245967,0.545651,0.545651
2.267671,4.427772,2.834592,9.267749,0.373452,0.373452
2.834592,4.427772,2.267671,9.267749,0.373452,0.373452
2.267671,4.769450,3.212529,7.484252,0.119121,0.119121
3.212529,4.769450,2.267671,7.484252,0.119121,0.119121
2.267671,5.291232,3.779451,5.895569,0.048047,0.048047
3.779451,5.291232,2.267671,5.895569,0.048047,0.048047
2.267671,5.643931,4.157404,5.473323,0.039635,0.039635
4.157404,5.643931,2.267671,5.473323,0.039635,0.039635
2.267671,6.538017,5.102263,5.244995,-0.004467,-0.004467
5.102263,6.538017,2.267671,5.244995,-0.004467,-0.004467
2.267671,7.444656,6.047121,5.222694,-0.003426,-0.003426
6.047121,7.444656,2.267671,5.222694,-0.003426,-0.003426
2.645617,4.582347,2.645624,9.320912,0.574965,0.574965
2.645624,4.582347,2.645617,9.320912,0.574965,0.574965
2.645617,4.746940,2.834592,8.678305,0.698032,0.698032
2.834592,4.746940,2.645617,8.678305,0.698032,0.698032
2.645617,5.081217,3.212529,7.261527,0.777952,0.777952
3.212529,5.081217,2.645617,7.261527,0.777952,0.777952
2.645617,5.593078,3.779451,5.828185,0.855227,0.855227
3.779451,5.593078,2.645617,5.828185,0.855227,0.855227
2.645617,5.939880,4.157404,5.413954,0.853666,0.853666
4.157404,5.939880,2.645617,5.413954,0.853666,0.853666
2.645617,6.821363,5.102263,5.181253,0.802106,0.802106
5.102263,6.821363,2.645617,5.181253,0.802106,0.802106
2.645617,7.717858,6.047121,5.157223,0.800111,0.800111
6.047121,7.717858,2.645617,5.157223,0.800111,0.800111
3.023562,5.401441,3.212529,6.943097,1.981003,1.981003
3.212529,5.401441,3.023562,6.943097,1.981003,1.981003
3.023562,5.903692,3.779451,5.723674,2.270155,2.270155
3.779451,5.903692,3.023562,5.723674,2.270155,2.270155
3.023562,6.244684,4.157404,5.348962,2.306711,2.306711
4.157404,6.244684,3.023562,5.348962,2.306711,2.306711
3.023562,7.113509,5.102263,5.139212,2.275489,2.275489
5.102263,7.113509,3.023562,5.139212,2.275489,2.275489
3.023562,7.999591,6.047121,5.115173,2.272540,2.272540
6.047121,7.999591,3.023562,5.115173,2.272540,2.272540
3.779451,6.546203,3.779452,5.426748,4.196953,4.196953
3.779452,6.546203,3.779451,5.426748,4.196953,4.196953
3.779452,6.876115,4.157404,5.266753,4.445819,4.445819
4.157404,6.876115,3.779452,5.266753,4.445819,4.445819
3.779452,7.720175,5.102263,5.233393,4.587663,4.587663
5.102263,7.720175,3.779452,5.233393,4.587663,4.587663
3.779452,8.585264,6.047121,5.213207,4.587403,4.587403
6.047121,8.585264,3.779452,5.213207,4.587403,4.587403
4.535343,8.351223,5.102263,5.119356,5.014063,5.014063
5.102263,8.351223,4.535343,5.119356,5.014063,5.014063
4.535343,9.195803,6.047121,5.133037,5.047063,5.047063
6.047121,9.195803,4.535343,5.133037,5.047063,5.047063
5.291233,9.826575,6.047121,5.172731,5.130929,5.130929
6.047121,9.826575,5.291233,5.172731,5.130929,5.130929
