R1,R2,R3,ETriat,E,ENew
1.511781,2.550043,1.511784,27.020457,51.327892,51.327892
1.511784,2.550043,1.511781,27.020457,51.327892,51.327892
1.511781,2.711335,1.700761,24.140403,37.509873,37.509873
1.700761,2.711335,1.511781,24.140403,37.509873,37.509873
1.511781,2.875985,1.889731,21.170093,29.808666,29.808666
1.889731,2.875985,1.511781,21.170093,29.808666,29.808666
1.511781,3.043463,2.078701,18.420445,25.523685,25.523685
2.078701,3.043463,1.511781,18.420445,25.523685,25.523685
1.511781,3.213325,2.267671,15.840445,23.018236,23.018236
2.267671,3.213325,1.511781,15.840445,23.018236,23.018236
1.511781,3.385214,2.456641,13.485744,21.486876,21.486876
2.456641,3.385214,1.511781,13.485744,21.486876,21.486876
1.511781,3.558849,2.645619,11.408279,20.503811,20.503811
2.645619,3.558849,1.511781,11.408279,20.503811,20.503811
1.511781,3.733961,2.834588,9.596705,19.810202,19.810202
2.834588,3.733961,1.511781,9.596705,19.810202,19.810202
1.511781,4.087888,3.212528,6.702087,18.834119,18.834119
3.212528,4.087888,1.511781,6.702087,18.834119,18.834119
1.511781,4.625935,3.779463,4.962038,18.786332,18.786332
3.779463,4.625935,1.511781,4.962038,18.786332,18.786332
1.511781,4.988171,4.157402,4.846000,19.100072,19.100072
4.157402,4.988171,1.511781,4.846000,19.100072,19.100072
1.511781,5.902395,5.102259,5.358469,19.804435,19.804435
5.102259,5.902395,1.511781,5.358469,19.804435,19.804435
1.511781,6.824969,6.047116,5.444424,19.918656,19.918656
6.047116,6.824969,1.511781,5.444424,19.918656,19.918656
1.889726,3.187563,1.889731,17.950519,10.885434,10.885434
1.889731,3.187563,1.889726,17.950519,10.885434,10.885434
1.889726,3.348477,2.078701,16.144996,7.420684,7.420684
2.078701,3.348477,1.889726,16.144996,7.420684,7.420684
1.889726,3.512187,2.267671,14.420538,5.603945,5.603945
2.267671,3.512187,1.889726,14.420538,5.603945,5.603945
1.889726,3.678320,2.456641,12.847695,4.663550,4.663550
2.456641,3.678320,1.889726,12.847695,4.663550,4.663550
1.889726,3.846576,2.645619,11.259188,3.977227,3.977227
2.645619,3.846576,1.889726,11.259188,3.977227,3.977227
1.889726,4.016661,2.834588,9.770739,3.434698,3.434698
2.834588,4.016661,1.889726,9.770739,3.434698,3.434698
1.889726,4.361498,3.212528,7.486590,2.832284,2.832284
3.212528,4.361498,1.889726,7.486590,2.832284,2.832284
1.889726,4.887966,3.779463,5.831564,2.748808,2.748808
3.779463,4.887966,1.889726,5.831564,2.748808,2.748808
1.889726,5.243618,4.157402,5.488094,2.822744,2.822744
4.157402,5.243618,1.889726,5.488094,2.822744,2.822744
1.889726,6.144411,5.102259,5.333271,2.856351,2.856351
5.102259,6.144411,1.889726,5.333271,2.856351,2.856351
1.889726,7.056738,6.047116,5.320443,2.869534,2.869534
6.047116,7.056738,1.889726,5.320443,2.869534,2.869534
2.267671,3.825067,2.267671,12.489897,1.531881,1.531881
2.267671,3.825067,2.267671,12.489897,1.531881,1.531881
2.267671,3.985735,2.456641,11.414944,0.906223,0.906223
2.456641,3.985735,2.267671,11.414944,0.906223,0.906223
2.267671,4.148804,2.645619,10.317979,0.558486,0.558486
2.645619,4.148804,2.267671,10.317979,0.558486,0.558486
2.267671,4.313972,2.834588,9.272321,0.343227,0.343227
2.834588,4.313972,2.267671,9.272321,0.343227,0.343227
2.267671,4.649751,3.212528,7.471007,0.095705,0.095705
3.212528,4.649751,2.267671,7.471007,0.095705,0.095705
2.267671,5.164383,3.779463,5.891508,0.041022,0.041022
3.779463,5.164383,2.267671,5.891508,0.041022,0.041022
2.267671,5.513156,4.157402,5.472243,0.035992,0.035992
4.157402,5.513156,2.267671,5.472243,0.035992,0.035992
2.267671,6.399608,5.102259,5.246125,-0.004597,-0.004597
5.102259,6.399608,2.267671,5.246125,-0.004597,-0.004597
2.267671,7.300726,6.047116,5.223171,-0.003426,-0.003426
6.047116,7.300726,2.267671,5.223171,-0.003426,-0.003426
2.645617,4.462587,2.645619,9.307680,0.540794,0.540794
2.645619,4.462587,2.645617,9.307680,0.540794,0.540794
2.645617,4.623076,2.834588,8.632559,0.640705,0.640705
2.834588,4.623076,2.645617,8.632559,0.640705,0.640705
2.645617,4.950090,3.212528,7.226549,0.738751,0.738751
3.212528,4.950090,2.645617,7.226549,0.738751,0.738751
2.645617,5.452996,3.779463,5.815542,0.839789,0.839789
3.779463,5.452996,2.645617,5.815542,0.839789,0.839789
2.645617,5.794820,4.157402,5.410960,0.848289,0.848289
4.157402,5.794820,2.645617,5.410960,0.848289,0.848289
2.645617,6.666474,5.102259,5.181807,0.801629,0.801629
5.102259,6.666474,2.645617,5.181807,0.801629,0.801629
2.645617,7.555748,6.047116,5.157458,0.799938,0.799938
6.047116,7.555748,2.645617,5.157458,0.799938,0.799938
3.023562,5.260445,3.212528,6.892377,1.927188,1.927188
3.212528,5.260445,3.023562,6.892377,1.927188,1.927188
3.023562,5.751971,3.779463,5.705232,2.249167,2.249167
3.779463,5.751971,3.023562,5.705232,2.249167,2.249167
3.023562,6.086926,4.157402,5.342798,2.298558,2.298558
4.157402,6.086926,3.023562,5.342798,2.298558,2.298558
3.023562,6.943662,5.102259,5.139251,2.274708,2.274708
5.102259,6.943662,3.023562,5.139251,2.274708,2.274708
3.023562,7.820725,6.047116,5.115213,2.272236,2.272236
6.047116,7.820725,3.023562,5.115213,2.272236,2.272236
3.779452,6.375125,3.779463,5.403758,4.172408,4.172408
3.779463,6.375125,3.779452,5.403758,4.172408,4.172408
3.779452,6.696953,4.157402,5.253061,4.430989,4.430989
4.157402,6.696953,3.779452,5.253061,4.430989,4.430989
3.779452,7.524404,5.102259,5.240788,4.594558,4.594558
5.102259,7.524404,3.779452,5.240788,4.594558,4.594558
3.779452,8.376731,6.047116,5.212443,4.586406,4.586406
6.047116,8.376731,3.779452,5.212443,4.586406,4.586406
4.535343,8.133978,5.102259,5.118532,5.012935,5.012935
5.102259,8.133978,4.535343,5.118532,5.012935,5.012935
4.535343,8.962045,6.047116,5.133192,5.047063,5.047063
6.047116,8.962045,4.535343,5.133192,5.047063,5.047063
5.291233,9.571291,6.047116,5.172703,5.130799,5.130799
6.047116,9.571291,5.291233,5.172703,5.130799,5.130799
