R1,R2,R3,ETriat,E,ENew
1.511781,2.793418,1.511793,21.164170,46.391885,46.391885
1.511793,2.793418,1.511781,21.164170,46.391885,46.391885
1.511781,2.968885,1.700764,19.608548,34.020016,34.020016
1.700764,2.968885,1.511781,19.608548,34.020016,34.020016
1.511781,3.145917,1.889735,17.716323,27.423640,27.423640
1.889735,3.145917,1.511781,17.716323,27.423640,27.423640
1.511781,3.324264,2.078706,15.800864,23.924980,23.924980
2.078706,3.324264,1.511781,15.800864,23.924980,23.924980
1.511781,3.503725,2.267676,13.915680,22.003299,22.003299
2.267676,3.503725,1.511781,13.915680,22.003299,22.003299
1.511781,3.684136,2.456647,12.106462,20.860221,20.860221
2.456647,3.684136,1.511781,12.106462,20.860221,20.860221
1.511781,3.865366,2.645618,10.438620,20.108981,20.108981
2.645618,3.865366,1.511781,10.438620,20.108981,20.108981
1.511781,4.047304,2.834589,8.960530,19.578074,19.578074
2.834589,4.047304,1.511781,8.960530,19.578074,19.578074
1.511781,4.412954,3.212530,6.691547,18.978392,18.978392
3.212530,4.412954,1.511781,6.691547,18.978392,18.978392
1.511781,4.964881,3.779443,5.157519,19.004193,19.004193
3.779443,4.964881,1.511781,5.157519,19.004193,19.004193
1.511781,5.334579,4.157384,4.991304,19.254361,19.254361
4.157384,5.334579,1.511781,4.991304,19.254361,19.254361
1.511781,6.263157,5.102265,5.376999,19.827895,19.827895
5.102265,6.263157,1.511781,5.376999,19.827895,19.827895
1.511781,7.195954,6.047119,5.444190,19.920260,19.920260
6.047119,7.195954,1.511781,5.444190,19.920260,19.920260
1.889726,3.491767,1.889735,15.210739,9.116742,9.116742
1.889735,3.491767,1.889726,15.210739,9.116742,9.116742
1.889726,3.667066,2.078706,13.993851,6.102545,6.102545
2.078706,3.667066,1.889726,13.993851,6.102545,6.102545
1.889726,3.843661,2.267676,12.832927,4.678554,4.678554
2.267676,3.843661,1.889726,12.832927,4.678554,4.678554
1.889726,4.021382,2.456647,11.716048,4.018206,4.018206
2.456647,4.021382,1.889726,11.716048,4.018206,4.018206
1.889726,4.200085,2.645618,10.634199,3.681440,3.681440
2.645618,4.200085,1.889726,10.634199,3.681440,3.681440
1.889726,4.379649,2.834589,9.578429,3.447794,3.447794
2.834589,4.379649,1.889726,9.578429,3.447794,3.447794
1.889726,4.740973,3.212530,7.627813,3.037353,3.037353
3.212530,4.740973,1.889726,7.627813,3.037353,3.037353
1.889726,5.287317,3.779443,5.939430,2.868493,2.868493
3.779443,5.287317,1.889726,5.939430,2.868493,2.868493
1.889726,5.653797,4.157384,5.531002,2.874174,2.874174
4.157384,5.653797,1.889726,5.531002,2.874174,2.874174
1.889726,6.575702,5.102265,5.334193,2.861728,2.861728
5.102265,6.575702,1.889726,5.334193,2.861728,2.861728
1.889726,7.503299,6.047119,5.318663,2.869404,2.869404
6.047119,7.503299,1.889726,5.318663,2.869404,2.869404
2.267671,4.190115,2.267676,11.561505,0.958304,0.958304
2.267676,4.190115,2.267671,11.561505,0.958304,0.958304
2.267671,4.365300,2.456647,10.867856,0.590056,0.590056
2.456647,4.365300,2.267671,10.867856,0.590056,0.590056
2.267671,4.541591,2.645618,10.133317,0.512997,0.512997
2.645618,4.541591,2.267671,10.133317,0.512997,0.512997
2.267671,4.718863,2.834589,9.347594,0.496866,0.496866
2.834589,4.718863,2.267671,9.347594,0.496866,0.496866
2.267671,5.075941,3.212530,7.681000,0.329004,0.329004
3.212530,5.075941,2.267671,7.681000,0.329004,0.329004
2.267671,5.616679,3.779443,5.975742,0.134949,0.134949
3.779443,5.616679,2.267671,5.975742,0.134949,0.134949
2.267671,5.979865,4.157384,5.504072,0.076104,0.076104
4.157384,5.979865,2.267671,5.504072,0.076104,0.076104
2.267671,6.894800,5.102265,5.246562,-0.000434,-0.000434
5.102265,6.894800,2.267671,5.246562,-0.000434,-0.000434
2.267671,7.816836,6.047119,5.222179,-0.002992,-0.002992
6.047119,7.816836,2.267671,5.222179,-0.002992,-0.002992
2.645617,4.888463,2.645618,9.302008,0.580906,0.580906
2.645618,4.888463,2.645617,9.302008,0.580906,0.580906
2.645617,5.063566,2.834589,8.775975,0.810042,0.810042
2.834589,5.063566,2.645617,8.775975,0.810042,0.810042
2.645617,5.416568,3.212530,7.461607,0.985927,0.985927
3.212530,5.416568,2.645617,7.461607,0.985927,0.985927
2.645617,5.951818,3.779443,5.903265,0.936578,0.936578
3.779443,5.951818,2.645617,5.903265,0.936578,0.936578
2.645617,6.311723,4.157384,5.444429,0.889008,0.889008
4.157384,6.311723,2.645617,5.444429,0.889008,0.889008
2.645617,7.219581,5.102265,5.183505,0.806312,0.806312
5.102265,7.219581,2.645617,5.183505,0.806312,0.806312
2.645617,8.135849,6.047119,5.157383,0.801065,0.801065
6.047119,8.135849,2.645617,5.157383,0.801065,0.801065
3.023562,5.761852,3.212530,7.126646,2.171588,2.171588
3.212530,5.761852,3.023562,7.126646,2.171588,2.171588
3.023562,6.291810,3.779443,5.815028,2.366727,2.366727
3.779443,6.291810,3.023562,5.815028,2.366727,2.366727
3.023562,6.648503,4.157384,5.387333,2.348861,2.348861
4.157384,6.648503,3.023562,5.387333,2.348861,2.348861
3.023562,7.549313,5.102265,5.142025,2.279825,2.279825
5.102265,7.549313,3.023562,5.142025,2.279825,2.279825
3.023562,8.459718,6.047119,5.115776,2.273797,2.273797
6.047119,8.459718,3.023562,5.115776,2.273797,2.273797
3.779443,6.983508,3.779452,5.517341,4.290402,4.290402
3.779452,6.983508,3.779443,5.517341,4.290402,4.290402
3.779452,7.334107,4.157384,5.309553,4.490658,4.490658
4.157384,7.334107,3.779452,5.309553,4.490658,4.490658
3.779452,8.221237,5.102265,5.241801,4.596986,4.596986
5.102265,8.221237,3.779452,5.241801,4.596986,4.596986
3.779452,9.119949,6.047119,5.212815,4.587446,4.587446
6.047119,9.119949,3.779452,5.212815,4.587446,4.587446
4.535343,8.906631,5.102265,5.125266,5.020524,5.020524
5.102265,8.906631,4.535343,5.125266,5.020524,5.020524
4.535343,9.794022,6.047119,5.132448,5.046759,5.046759
6.047119,9.794022,4.535343,5.132448,5.046759,5.046759
5.291233,10.479265,6.047119,5.173411,5.131796,5.131796
6.047119,10.479265,5.291233,5.173411,5.131796,5.131796
