R1,R2,R3,ETriat,E,ENew
1.511781,1.614578,1.700749,40.223533,64.888241,64.888241
1.700749,1.614578,1.511781,40.223533,64.888241,64.888241
1.511781,1.731971,1.889734,37.735577,51.548919,51.548919
1.889734,1.731971,1.511781,37.735577,51.548919,51.548919
1.511781,1.861168,2.078702,35.147826,43.125829,43.125829
2.078702,1.861168,1.511781,35.147826,43.125829,43.125829
1.511781,1.999897,2.267671,30.220924,35.518593,35.518593
2.267671,1.999897,1.511781,30.220924,35.518593,35.518593
1.511781,2.146311,2.456639,25.409341,29.964820,29.964820
2.456639,2.146311,1.511781,25.409341,29.964820,29.964820
1.511781,2.298959,2.645624,21.088277,26.033170,26.033170
2.645624,2.298959,1.511781,21.088277,26.033170,26.033170
1.511781,2.456648,2.834592,17.493874,23.438044,23.438044
2.834592,2.456648,1.511781,17.493874,23.438044,23.438044
1.511781,2.783734,3.212529,11.706149,20.291717,20.291717
3.212529,2.783734,1.511781,11.706149,20.291717,20.291717
1.511781,3.294849,3.779451,6.718687,18.777356,18.777356
3.779451,3.294849,1.511781,6.718687,18.777356,18.777356
1.511781,3.644779,4.157404,5.304147,18.731346,18.731346
4.157404,3.644779,1.511781,5.304147,18.731346,18.731346
1.511781,4.539281,5.102263,5.181584,19.572524,19.572524
5.102263,4.539281,1.511781,5.181584,19.572524,19.572524
1.511781,5.450801,6.047121,5.421725,19.877894,19.877894
6.047121,5.450801,1.511781,5.421725,19.877894,19.877894
1.889734,1.889726,1.889734,36.187843,28.890431,28.890431
1.889734,1.889726,1.889734,36.187843,28.890431,28.890431
1.889726,1.990954,2.078702,33.269407,22.302858,22.302858
2.078702,1.990954,1.889726,33.269407,22.302858,22.302858
1.889726,2.104309,2.267671,29.305445,16.872023,16.872023
2.267671,2.104309,1.889726,29.305445,16.872023,16.872023
1.889726,2.227949,2.456639,24.600485,12.031634,12.031634
2.456639,2.227949,1.889726,24.600485,12.031634,12.031634
1.889726,2.360275,2.645624,20.812979,8.886131,8.886131
2.645624,2.360275,1.889726,20.812979,8.886131,8.886131
1.889726,2.499876,2.834592,17.437083,6.574911,6.574911
2.834592,2.499876,1.889726,17.437083,6.574911,6.574911
1.889726,2.796533,3.212529,12.533683,4.244696,4.244696
3.212529,2.796533,1.889726,12.533683,4.244696,4.244696
1.889726,3.273100,3.779451,7.945467,3.004223,3.004223
3.779451,3.273100,1.889726,7.945467,3.004223,3.004223
1.889726,3.605375,4.157404,6.481296,2.896029,2.896029
4.157404,3.605375,1.889726,6.481296,2.896029,2.896029
1.889726,4.467916,5.102263,5.416216,2.867452,2.867452
5.102263,4.467916,1.889726,5.416216,2.867452,2.867452
1.889726,5.358296,6.047121,5.337274,2.865110,2.865110
6.047121,5.358296,1.889726,5.337274,2.865110,2.865110
2.267671,2.267671,2.267671,26.374642,10.747449,10.747449
2.267671,2.267671,2.267671,26.374642,10.747449,10.747449
2.003921,2.267671,2.456642,24.323289,10.127472,10.127472
2.456642,2.267671,2.003921,24.323289,10.127472,10.127472
2.267671,2.367815,2.456639,22.938191,7.628355,7.628355
2.456639,2.367815,2.267671,22.938191,7.628355,7.628355
2.267671,2.478360,2.645624,19.525090,5.075510,5.075510
2.645624,2.478360,2.267671,19.525090,5.075510,5.075510
2.267671,2.597947,2.834592,16.563961,3.247625,3.247625
2.834592,2.597947,2.267671,16.563961,3.247625,3.247625
2.267671,2.859669,3.212529,12.119629,1.311027,1.311027
3.212529,2.859669,2.267671,12.119629,1.311027,1.311027
2.267671,3.294849,3.779451,8.098460,0.454066,0.454066
3.779451,3.294849,2.267671,8.098460,0.454066,0.454066
2.267671,3.605375,4.157404,6.631200,0.269248,0.269248
4.157404,3.605375,2.267671,6.631200,0.269248,0.269248
2.267671,4.427773,5.102263,5.382982,0.048308,0.048308
5.102263,4.427773,2.267671,5.382982,0.048308,0.048308
2.267671,5.291231,6.047121,5.249065,-0.001258,-0.001258
6.047121,5.291231,2.267671,5.249065,-0.001258,-0.001258
2.645624,2.645617,2.645624,16.998926,3.976619,3.976619
2.645624,2.645617,2.645624,16.998926,3.976619,3.976619
2.645617,2.744989,2.834592,14.896574,3.009730,3.009730
2.834592,2.744989,2.645617,14.896574,3.009730,3.009730
2.645617,2.969932,3.212529,11.204862,1.712709,1.712709
3.212529,2.969932,2.645617,11.204862,1.712709,1.712709
2.645617,3.359249,3.779451,7.725495,1.158516,1.158516
3.779451,3.359249,2.645617,7.725495,1.158516,1.158516
2.645617,3.644779,4.157404,6.485141,1.077555,1.077555
4.157404,3.644779,2.645617,6.485141,1.077555,1.077555
2.645617,4.419700,5.102263,5.335532,0.867109,0.867109
5.102263,4.419700,2.645617,5.335532,0.867109,0.867109
2.645617,5.250580,6.047121,5.187415,0.804448,0.804448
6.047121,5.250580,2.645617,5.187415,0.804448,0.804448
3.023562,3.122335,3.212529,9.769668,2.389753,2.389753
3.212529,3.122335,3.023562,9.769668,2.389753,2.389753
3.023562,3.463924,3.779451,7.193254,2.450463,2.450463
3.779451,3.463924,3.023562,7.193254,2.450463,2.450463
3.023562,3.722336,4.157404,6.201844,2.461000,2.461000
4.157404,3.722336,3.023562,6.201844,2.461000,2.461000
3.023562,4.443874,5.102263,5.289157,2.340535,2.340535
5.102263,4.443874,3.023562,5.289157,2.340535,2.340535
3.023562,5.236960,6.047121,5.147160,2.277787,2.277787
6.047121,5.236960,3.023562,5.147160,2.277787,2.277787
3.779451,3.779451,3.779452,5.872539,4.040018,4.040018
3.779452,3.779451,3.779451,5.872539,4.040018,4.040018
3.779452,3.981907,4.157404,5.484630,4.324009,4.324009
4.157404,3.981907,3.779452,5.484630,4.324009,4.324009
3.779452,4.586240,5.102263,5.262710,4.555791,4.555791
5.102263,4.586240,3.779452,5.262710,4.555791,4.555791
3.779452,5.102259,5.798287,5.246012,4.585408,4.585408
5.798287,5.102259,3.779452,5.246012,4.585408,4.585408
3.779452,5.291231,6.047121,5.244139,4.592043,4.592043
6.047121,5.291231,3.779452,5.244139,4.592043,4.592043
4.535343,4.843751,5.102263,5.158628,5.013239,5.013239
5.102263,4.843751,4.535343,5.158628,5.013239,5.013239
4.535343,5.450801,6.047121,5.176375,5.067054,5.067054
6.047121,5.450801,4.535343,5.176375,5.067054,5.067054
5.291233,5.706846,6.047121,5.183474,5.123037,5.123037
6.047121,5.706846,5.291233,5.183474,5.123037,5.123037
