R1,R2,R3,ETriat,E,ENew
1.511781,1.511781,2.137981,34.671779,58.711456,58.711456
2.137981,1.511781,1.511781,34.671779,58.711456,58.711456
1.511781,1.470464,2.078706,36.557755,64.706719,64.706719
2.078706,1.470464,1.511781,36.557755,64.706719,64.706719
1.511781,1.606110,2.267676,31.596544,48.587627,48.587627
2.267676,1.606110,1.511781,31.596544,48.587627,48.587627
1.511781,1.751665,2.456647,27.408006,38.007303,38.007303
2.456647,1.751665,1.511781,27.408006,38.007303,38.007303
1.511781,1.904861,2.645618,23.800322,31.253862,31.253862
2.645618,1.904861,1.511781,23.800322,31.253862,31.253862
1.511781,2.063996,2.834589,20.518615,26.877079,26.877079
2.834589,2.063996,1.511781,20.518615,26.877079,26.877079
1.511781,2.395309,3.212530,14.898267,22.186296,22.186296
3.212530,2.395309,1.511781,14.898267,22.186296,22.186296
1.511781,2.913639,3.779443,8.881434,19.495119,19.495119
3.779443,2.913639,1.511781,8.881434,19.495119,19.495119
1.511781,3.268167,4.157384,6.402627,18.777442,18.777442
4.157384,3.268167,1.511781,6.402627,18.777442,18.777442
1.511781,4.157404,5.084738,4.860991,19.118024,19.118024
5.084738,4.157404,1.511781,4.860991,19.118024,19.118024
1.511781,4.172535,5.102265,4.898956,19.165595,19.165595
5.102265,4.172535,1.511781,4.898956,19.165595,19.165595
1.511781,5.091611,6.047119,5.354413,19.802267,19.802267
6.047119,5.091611,1.511781,5.354413,19.802267,19.802267
1.889726,1.446337,1.889735,36.592080,52.521489,52.521489
1.889735,1.446337,1.889726,36.592080,52.521489,52.521489
1.889726,1.889726,2.672476,22.178560,13.075018,13.075018
2.672476,1.889726,1.889726,22.178560,13.075018,13.075018
1.889726,1.528656,2.078706,34.916326,40.939367,40.939367
2.078706,1.528656,1.889726,34.916326,40.939367,40.939367
1.889726,2.078691,2.928606,18.443008,8.159565,8.159565
2.928606,2.078691,1.889726,18.443008,8.159565,8.159565
1.889726,1.628837,2.267676,30.648911,29.409977,29.409977
2.267676,1.628837,1.889726,30.648911,29.409977,29.409977
1.889726,1.743803,2.456647,26.218468,20.159587,20.159587
2.456647,1.743803,1.889726,26.218468,20.159587,20.159587
1.889726,1.870831,2.645618,22.726101,13.882068,13.882068
2.645618,1.870831,1.889726,22.726101,13.882068,13.882068
1.889726,2.007632,2.834589,19.795732,9.705323,9.705323
2.834589,2.007632,1.889726,19.795732,9.705323,9.705323
1.889726,2.303477,3.212530,15.252447,5.503470,5.503470
3.212530,2.303477,1.889726,15.252447,5.503470,5.503470
1.889726,2.784741,3.779443,10.348966,3.511366,3.511366
3.779443,2.784741,1.889726,10.348966,3.511366,3.511366
1.889726,3.121602,4.157384,8.015677,2.933192,2.933192
4.157384,3.121602,1.889726,8.015677,2.933192,2.933192
1.889726,3.996059,5.102265,5.598235,2.802232,2.802232
5.102265,3.996059,1.889726,5.598235,2.802232,2.802232
1.889726,4.896727,6.047119,5.337246,2.852058,2.852058
6.047119,4.896727,1.889726,5.337246,2.852058,2.852058
2.267671,1.735602,2.267676,28.619429,19.821954,19.821954
2.267676,1.735602,2.267671,28.619429,19.821954,19.821954
2.267671,2.267671,3.206972,14.231424,1.683352,1.683352
3.206972,2.267671,2.267671,14.231424,1.683352,1.683352
2.267671,1.816329,2.456647,24.562408,13.559048,13.559048
2.456647,1.816329,2.267671,24.562408,13.559048,13.559048
2.456638,2.267671,3.194739,13.665078,1.323863,1.323863
3.194739,2.267671,2.456638,13.665078,1.323863,1.323863
2.267671,1.912382,2.645618,21.057188,8.681843,8.681843
2.645618,1.912382,2.267671,21.057188,8.681843,8.681843
2.267671,2.021579,2.834589,18.223420,5.222601,5.222601
2.834589,2.021579,2.267671,18.223420,5.222601,5.222601
2.271605,2.267671,3.212530,14.181379,1.652216,1.652216
3.212530,2.267671,2.271605,14.181379,1.652216,1.652216
2.267671,3.212526,4.385615,7.525383,0.101645,0.101645
4.385615,3.212526,2.267671,7.525383,0.101645,0.101645
2.267671,2.702953,3.779443,10.255846,0.315344,0.315344
3.779443,2.702953,2.267671,10.255846,0.315344,0.315344
2.267671,3.779461,5.028843,5.896376,0.042150,0.042150
5.028843,3.779461,2.267671,5.896376,0.042150,0.042150
2.267671,3.015554,4.157384,8.450214,0.178183,0.178183
4.157384,3.015554,2.267671,8.450214,0.178183,0.178183
2.267671,3.848717,5.102265,5.791212,0.044145,0.044145
5.102265,3.848717,2.267671,5.791212,0.044145,0.044145
2.267671,4.724092,6.047119,5.274614,0.002515,0.002515
6.047119,4.724092,2.267671,5.274614,0.002515,0.002515
2.645617,2.024868,2.645618,19.057271,6.145823,6.145823
2.645618,2.024868,2.645617,19.057271,6.145823,6.145823
2.645617,2.645617,3.741467,9.620326,0.263437,0.263437
3.741467,2.645617,2.645617,9.620326,0.263437,0.263437
2.645617,2.104438,2.834589,16.474084,3.748784,3.748784
2.834589,2.104438,2.645617,16.474084,3.748784,3.748784
2.645617,2.302186,3.212530,12.822422,1.164500,1.164500
3.212530,2.302186,2.645617,12.822422,1.164500,1.164500
2.645617,2.672604,3.779443,9.461827,0.271893,0.271893
3.779443,2.672604,2.645617,9.461827,0.271893,0.271893
2.645617,2.954389,4.157384,8.172539,0.523362,0.523362
4.157384,2.954389,2.645617,8.172539,0.523362,0.523362
2.645617,3.733958,5.102265,5.897889,0.836234,0.836234
5.102265,3.733958,2.645617,5.897889,0.836234,0.836234
2.645617,4.576226,6.047119,5.238135,0.818454,0.818454
6.047119,4.576226,2.645617,5.238135,0.818454,0.818454
3.023562,2.392827,3.212530,11.310618,1.273127,1.273127
3.212530,2.392827,3.023562,11.310618,1.273127,1.273127
3.023562,2.695433,3.779443,8.495784,0.908088,0.908088
3.779443,2.695433,3.023562,8.495784,0.908088,0.908088
3.023562,2.940910,4.157384,7.500953,1.311114,1.311114
4.157384,2.940910,3.023562,7.500953,1.311114,1.311114
3.023562,3.654852,5.102265,5.897185,2.196653,2.196653
5.102265,3.654852,3.023562,5.897185,2.196653,2.196653
3.023562,4.455595,6.047119,5.222554,2.295176,2.295176
6.047119,4.455595,3.023562,5.222554,2.295176,2.295176
3.779443,2.892664,3.779452,6.690520,2.113914,2.113914
3.779452,2.892664,3.779443,6.690520,2.113914,2.113914
3.779452,3.779452,5.344953,5.365750,4.117640,4.117640
5.344953,3.779452,3.779452,5.365750,4.117640,4.117640
3.779452,3.057300,4.157384,6.110223,2.601196,2.601196
4.157384,3.057300,3.779452,6.110223,2.601196,2.601196
3.779452,4.157400,5.857226,5.233255,4.401588,4.401588
5.857226,4.157400,3.779452,5.233255,4.401588,4.401588
3.779452,3.611925,5.102265,5.459696,3.882736,3.882736
5.102265,3.611925,3.779452,5.459696,3.882736,3.882736
3.779452,4.304689,6.047119,5.223182,4.467024,4.467024
6.047119,4.304689,3.779452,5.223182,4.467024,4.467024
4.535343,3.725158,5.102265,5.291531,4.483286,4.483286
5.102265,3.725158,4.535343,5.291531,4.483286,4.483286
4.535343,4.283819,6.047119,5.157239,4.932148,4.932148
6.047119,4.283819,4.535343,5.157239,4.932148,4.932148
5.291233,4.394839,6.047119,5.112578,4.969267,4.969267
6.047119,4.394839,5.291233,5.112578,4.969267,4.969267
2.282033,3.400013,4.608687,6.809786,0.047570,0.047570
4.608687,3.400013,2.282033,6.809786,0.047570,0.047570
