R1,R2,R3,ETriat,E,ENew
1.511781,2.841227,1.511787,20.416365,45.839035,45.839035
1.511787,2.841227,1.511781,20.416365,45.839035,45.839035
1.511781,3.019487,1.700755,19.098184,33.712564,33.712564
1.700755,3.019487,1.511781,19.098184,33.712564,33.712564
1.511781,3.198978,1.889723,17.365056,27.267963,27.267963
1.889723,3.198978,1.511781,17.365056,27.267963,27.267963
1.511781,3.379519,2.078705,15.581098,23.880228,23.880228
2.078705,3.379519,1.511781,15.581098,23.880228,23.880228
1.511781,3.560919,2.267672,13.798522,22.030792,22.030792
2.267672,3.560919,1.511781,13.798522,22.030792,22.030792
1.511781,3.743077,2.456642,12.041765,20.905276,20.905276
2.456642,3.743077,1.511781,12.041765,20.905276,20.905276
1.511781,3.925870,2.645610,10.442025,20.188554,20.188554
2.645610,3.925870,1.511781,10.442025,20.188554,20.188554
1.511781,4.109238,2.834592,8.975268,19.641169,19.641169
2.834592,4.109238,1.511781,8.975268,19.641169,19.641169
1.511781,4.477360,3.212542,6.763005,19.064860,19.064860
3.212542,4.477360,1.511781,6.763005,19.064860,19.064860
1.511781,5.032266,3.779460,5.236993,19.085935,19.085935
3.779460,5.032266,1.511781,5.236993,19.085935,19.085935
1.511781,5.403586,4.157397,5.089161,19.353708,19.353708
4.157397,5.403586,1.511781,5.089161,19.353708,19.353708
1.511781,6.335326,5.102265,5.391081,19.842769,19.842769
5.102265,6.335326,1.511781,5.391081,19.842769,19.842769
1.511781,7.270445,6.047120,5.446332,19.922689,19.922689
6.047120,7.270445,1.511781,5.446332,19.922689,19.922689
1.889723,3.551517,1.889726,14.998155,9.057853,9.057853
1.889726,3.551517,1.889723,14.998155,9.057853,9.057853
1.889726,3.729664,2.078705,13.853944,6.082641,6.082641
2.078705,3.729664,1.889726,13.853944,6.082641,6.082641
1.889726,3.908811,2.267672,12.762384,4.693905,4.693905
2.267672,3.908811,1.889726,12.762384,4.693905,4.693905
1.889726,4.088853,2.456642,11.704536,4.062914,4.062914
2.456642,4.088853,1.889726,11.704536,4.062914,4.062914
1.889726,4.269656,2.645610,10.666637,3.747527,3.747527
2.645610,4.269656,1.889726,10.666637,3.747527,3.747527
1.889726,4.451155,2.834592,9.641043,3.528972,3.528972
2.834592,4.451155,1.889726,9.641043,3.528972,3.528972
1.889726,4.815864,3.212542,7.723223,3.137697,3.137697
3.212542,4.815864,1.889726,7.723223,3.137697,3.137697
1.889726,5.366355,3.779460,5.995126,2.925950,2.925950
3.779460,5.366355,1.889726,5.995126,2.925950,2.925950
1.889726,5.735124,4.157397,5.555513,2.900192,2.900192
4.157397,5.735124,1.889726,5.555513,2.900192,2.900192
1.889726,6.661560,5.102265,5.336830,2.865024,2.865024
5.102265,6.661560,1.889726,5.336830,2.865024,2.865024
1.889726,7.592530,6.047120,5.318764,2.869750,2.869750
6.047120,7.592530,1.889726,5.318764,2.869750,2.869750
2.267671,4.261825,2.267672,11.563673,0.996204,0.996204
2.267672,4.261825,2.267671,11.563673,0.996204,0.996204
2.267671,4.439876,2.456642,10.901541,0.644000,0.644000
2.456642,4.439876,2.267671,10.901541,0.644000,0.644000
2.267671,4.618784,2.645610,10.192891,0.583291,0.583291
2.645610,4.618784,2.267671,10.192891,0.583291,0.583291
2.267671,4.798481,2.834592,9.429711,0.584592,0.584592
2.834592,4.798481,2.267671,9.429711,0.584592,0.584592
2.267671,5.159847,3.212542,7.779767,0.430042,0.430042
3.212542,5.159847,2.267671,7.779767,0.430042,0.430042
2.267671,5.705919,3.779460,6.019830,0.180742,0.180742
3.779460,5.705919,2.267671,6.019830,0.180742,0.180742
2.267671,6.072087,4.157397,5.519735,0.093103,0.093103
4.157397,6.072087,2.267671,5.519735,0.093103,0.093103
2.267671,6.993003,5.102265,5.248166,0.001691,0.001691
5.102265,6.993003,2.267671,5.248166,0.001691,0.001691
2.267671,7.919554,6.047120,5.222277,-0.002689,-0.002689
6.047120,7.919554,2.267671,5.222277,-0.002689,-0.002689
2.645610,4.972127,2.645617,9.368791,0.650982,0.650982
2.645617,4.972127,2.645610,9.368791,0.650982,0.650982
2.645617,5.150119,2.834592,8.849856,0.886276,0.886276
2.834592,5.150119,2.645617,8.849856,0.886276,0.886276
2.645617,5.508284,3.212542,7.553731,1.079983,1.079983
3.212542,5.508284,2.645617,7.553731,1.079983,1.079983
2.645617,6.050037,3.779460,5.940863,0.975649,0.975649
3.779460,6.050037,2.645617,5.940863,0.975649,0.975649
2.645617,6.413620,4.157397,5.458339,0.903968,0.903968
4.157397,6.413620,2.645617,5.458339,0.903968,0.903968
2.645617,7.328948,5.102265,5.185011,0.808220,0.808220
5.102265,7.328948,2.645617,5.185011,0.808220,0.808220
2.645617,8.250930,6.047120,5.157562,0.801412,0.801412
6.047120,8.250930,2.645617,5.157562,0.801412,0.801412
3.023562,5.860379,3.212542,7.193303,2.239973,2.239973
3.212542,5.860379,3.023562,7.193303,2.239973,2.239973
3.023562,6.397973,3.779460,5.848410,2.401245,2.401245
3.779460,6.397973,3.023562,5.848410,2.401245,2.401245
3.023562,6.759030,4.157397,5.401906,2.364212,2.364212
4.157397,6.759030,3.023562,5.401906,2.364212,2.364212
3.023562,7.668805,5.102265,5.143537,2.281646,2.281646
5.102265,7.668805,3.023562,5.143537,2.281646,2.281646
3.023562,8.586154,6.047120,5.116030,2.274188,2.274188
6.047120,8.586154,3.023562,5.116030,2.274188,2.274188
3.779452,7.103052,3.779460,5.548402,4.322058,4.322058
3.779460,7.103052,3.779452,5.548402,4.322058,4.322058
3.779452,7.459321,4.157397,5.326833,4.508350,4.508350
4.157397,7.459321,3.779452,5.326833,4.508350,4.508350
3.779452,8.358336,5.102265,5.236718,4.592086,4.592086
5.102265,8.358336,3.779452,5.236718,4.592086,4.592086
3.779452,9.266472,6.047120,5.212640,4.587360,4.587360
6.047120,9.266472,3.779452,5.212640,4.587360,4.587360
4.535343,9.058462,5.102265,5.127802,5.023169,5.023169
5.102265,9.058462,4.535343,5.127802,5.023169,5.023169
4.535343,9.957695,6.047120,5.131870,5.046239,5.046239
6.047120,9.957695,4.535343,5.131870,5.046239,5.046239
5.291233,10.657702,6.047120,5.172594,5.131016,5.131016
6.047120,10.657702,5.291233,5.172594,5.131016,5.131016
