R1,R2,R3,ETriat,E,ENew
1.511788,1.511781,2.316189,30.950903,54.738609,54.738609
2.316189,1.511781,1.511788,30.950903,54.738609,54.738609
1.511781,1.700749,2.551270,26.404005,39.185419,39.185419
2.551270,1.700749,1.511781,26.404005,39.185419,39.185419
1.511781,1.338597,2.078705,36.598230,81.340933,81.340933
2.078705,1.338597,1.511781,36.598230,81.340933,81.340933
1.511781,1.474957,2.267672,31.952703,59.093537,59.093537
2.267672,1.474957,1.511781,31.952703,59.093537,59.093537
2.128418,1.511781,2.267671,29.656728,34.033372,34.033372
2.267671,1.511781,2.128418,29.656728,34.033372,34.033372
1.511781,1.621889,2.456642,28.213018,44.537982,44.537982
2.456642,1.621889,1.511781,28.213018,44.537982,44.537982
1.511781,1.776799,2.645610,24.797959,35.213700,35.213700
2.645610,1.776799,1.511781,24.797959,35.213700,35.213700
1.511781,1.937769,2.834592,21.498308,29.182835,29.182835
2.834592,1.937769,1.511781,21.498308,29.182835,29.182835
1.511781,2.834592,3.821737,9.309944,19.667274,19.667274
3.821737,2.834592,1.511781,9.309944,19.667274,19.667274
1.511781,2.272678,3.212542,15.801719,22.975436,22.975436
3.212542,2.272678,1.511781,15.801719,22.975436,22.975436
1.511781,2.795691,3.779460,9.678923,19.812067,19.812067
3.779460,2.795691,1.511781,9.678923,19.812067,19.812067
1.511781,3.779443,4.808757,5.020689,18.860225,18.860225
4.808757,3.779443,1.511781,5.020689,18.860225,18.860225
1.511781,3.152797,4.157397,6.972141,18.933423,18.933423
4.157397,3.152797,1.511781,6.972141,18.933423,18.933423
1.511781,4.062120,5.102265,4.880011,19.069543,19.069543
5.102265,4.062120,1.511781,4.880011,19.069543,19.069543
1.511781,4.984668,6.047120,5.338126,19.782709,19.782709
6.047120,4.984668,1.511781,5.338126,19.782709,19.782709
1.889723,1.292656,1.889726,37.126983,74.888526,74.888526
1.889726,1.292656,1.889723,37.126983,74.888526,74.888526
1.889731,1.889726,2.895234,19.830776,11.621496,11.621496
2.895234,1.889726,1.889731,19.830776,11.621496,11.621496
1.889726,1.368855,2.078705,35.313089,58.636133,58.636133
2.078705,1.368855,1.889726,35.313089,58.636133,58.636133
2.078691,1.889726,2.928606,18.443008,8.159565,8.159565
2.928606,1.889726,2.078691,18.443008,8.159565,8.159565
1.889726,1.465606,2.267672,30.665394,41.807127,41.807127
2.267672,1.465606,1.889726,30.665394,41.807127,41.807127
1.889726,1.579112,2.456642,26.560706,28.580031,28.580031
2.456642,1.579112,1.889726,26.560706,28.580031,28.580031
1.889726,1.706068,2.645610,23.310071,19.283111,19.283111
2.645610,1.706068,1.889726,23.310071,19.283111,19.283111
1.889726,1.843684,2.834592,20.603306,13.085599,13.085599
2.834592,1.843684,1.889726,20.603306,13.085599,13.085599
2.660516,1.889726,2.834588,16.545122,6.236410,6.236410
2.834588,1.889726,2.660516,16.545122,6.236410,6.236410
1.889726,2.142531,3.212542,16.322552,6.814020,6.814020
3.212542,2.142531,1.889726,16.322552,6.814020,6.814020
1.889726,2.629257,3.779460,11.455770,4.010834,4.010834
3.779460,2.629257,1.889726,11.455770,4.010834,4.010834
1.889726,2.969577,4.157397,8.836192,3.156734,3.156734
4.157397,2.969577,1.889726,8.836192,3.156734,3.156734
1.889726,3.851228,5.102265,5.736749,2.769883,2.769883
5.102265,3.851228,1.889726,5.736749,2.769883,2.769883
1.889726,4.757198,6.047120,5.344993,2.852058,2.852058
6.047120,4.757198,1.889726,5.344993,2.852058,2.852058
2.267671,1.551189,2.267672,28.533817,29.480357,29.480357
2.267672,1.551189,2.267671,28.533817,29.480357,29.480357
2.267673,2.267671,3.474278,12.936952,1.242339,1.242339
3.474278,2.267671,2.267673,12.936952,1.242339,1.242339
2.267671,1.625531,2.456642,24.640727,21.058742,21.058742
2.456642,1.625531,2.267671,24.640727,21.058742,21.058742
2.267671,1.717559,2.645610,21.447994,14.190300,14.190300
2.645610,1.717559,2.267671,21.447994,14.190300,14.190300
2.267671,1.824576,2.834592,18.727139,8.883399,8.883399
2.834592,1.824576,2.267671,18.727139,8.883399,8.883399
2.267671,2.074005,3.212542,14.855695,2.924649,2.924649
3.212542,2.074005,2.267671,14.855695,2.924649,2.924649
2.267671,2.509141,3.779460,11.168587,0.538496,0.538496
3.779460,2.509141,2.267671,11.168587,0.538496,0.538496
2.267671,2.825302,4.157397,9.338946,0.295917,0.295917
4.157397,2.825302,2.267671,9.338946,0.295917,0.295917
2.267671,3.667259,5.102265,6.104133,0.046877,0.046877
5.102265,3.667259,2.267671,6.104133,0.046877,0.046877
2.267671,4.549796,6.047120,5.303456,0.011578,0.011578
6.047120,4.549796,2.267671,5.303456,0.011578,0.011578
2.645610,1.809705,2.645617,18.887004,9.540452,9.540452
2.645617,1.809705,2.645610,18.887004,9.540452,9.540452
2.645617,2.645616,4.053322,9.167820,0.206717,0.206717
4.053322,2.645616,2.645617,9.167820,0.206717,0.206717
2.645617,1.882730,2.834592,16.622499,6.387664,6.387664
2.834592,1.882730,2.645617,16.622499,6.387664,6.387664
2.645617,2.073220,3.212542,13.173134,2.115562,2.115562
3.212542,2.073220,2.645617,13.173134,2.115562,2.115562
2.645617,2.442184,3.779460,10.069463,0.123588,0.123588
3.779460,2.442184,2.645617,10.069463,0.123588,0.123588
2.645617,2.726161,4.157397,8.876669,0.302465,0.302465
4.157397,2.726161,2.645617,8.876669,0.302465,0.302465
2.645617,3.514442,5.102265,6.334464,0.792176,0.792176
5.102265,3.514442,2.645617,6.334464,0.792176,0.792176
2.645617,4.365323,6.047120,5.298579,0.833415,0.833415
6.047120,4.365323,2.645617,5.298579,0.833415,0.833415
3.023562,2.140250,3.212542,11.461725,1.567569,1.567569
3.212542,2.140250,3.023562,11.461725,1.567569,1.567569
3.023562,2.432781,3.779460,8.836678,0.382298,0.382298
3.779460,2.432781,3.023562,8.836678,0.382298,0.382298
3.023562,2.677176,4.157397,7.927700,0.675830,0.675830
4.157397,2.677176,3.023562,7.927700,0.675830,0.675830
3.023562,3.396983,5.102265,6.386569,2.028356,2.028356
5.102265,3.396983,3.023562,6.386569,2.028356,2.028356
3.023562,4.206795,6.047120,5.319424,2.302895,2.302895
6.047120,4.206795,3.023562,5.319424,2.302895,2.302895
3.779452,2.585305,3.779460,6.818958,1.037183,1.037183
3.779460,2.585305,3.779452,6.818958,1.037183,1.037183
3.779462,3.779452,5.790468,5.359548,4.120198,4.120198
5.790468,3.779452,3.779462,5.359548,4.120198,4.120198
3.779452,2.737691,4.157397,6.229074,1.430626,1.430626
4.157397,2.737691,3.779452,6.229074,1.430626,1.430626
4.157400,3.779452,5.857226,5.233255,4.401588,4.401588
5.857226,3.779452,4.157400,5.233255,4.401588,4.401588
3.779452,3.282217,5.102265,5.629390,3.119311,3.119311
5.102265,3.282217,3.779452,5.629390,3.119311,3.119311
5.102259,3.779452,5.798287,5.246012,4.585408,4.585408
5.798287,3.779452,5.102259,5.246012,4.585408,4.585408
3.779452,3.979490,6.047120,5.273304,4.300853,4.300853
6.047120,3.979490,3.779452,5.273304,4.300853,4.300853
4.535343,3.339032,5.102265,5.238662,3.455383,3.455383
5.102265,3.339032,4.535343,5.238662,3.455383,3.455383
4.535343,5.102260,7.653808,5.118175,5.011634,5.011634
7.653808,5.102260,4.535343,5.118175,5.011634,5.011634
4.535343,3.888226,6.047120,5.189658,4.651755,4.651755
6.047120,3.888226,4.535343,5.189658,4.651755,4.651755
5.291233,3.942461,6.047120,5.142537,4.713636,4.713636
6.047120,3.942461,5.291233,5.142537,4.713636,4.713636
