R1,R2,R3,ETriat,E,ENew
1.511781,1.840621,1.511782,35.871792,63.435890,63.435890
1.511782,1.840621,1.511781,35.871792,63.435890,63.435890
1.511781,1.961397,1.700749,33.592433,47.509768,47.509768
1.700749,1.961397,1.511781,33.592433,47.509768,47.509768
1.511781,2.092309,1.889734,31.084068,38.420129,38.420129
1.889734,2.092309,1.511781,31.084068,38.420129,38.420129
1.511781,2.231544,2.078701,28.585416,33.254075,33.254075
2.078701,2.231544,1.511781,28.585416,33.254075,33.254075
1.511781,2.267671,2.128418,27.933438,32.310082,32.310082
2.128418,2.267671,1.511781,27.933438,32.310082,32.310082
1.511781,2.377654,2.267668,26.055537,30.213254,30.213254
2.267668,2.377654,1.511781,26.055537,30.213254,30.213254
1.511781,2.529448,2.456635,23.450396,28.239232,28.239232
2.456635,2.529448,1.511781,23.450396,28.239232,28.239232
1.511781,2.685974,2.645625,20.342667,26.309182,26.309182
2.645625,2.685974,1.511781,20.342667,26.309182,26.309182
1.511781,2.846430,2.834592,16.251600,23.610200,23.610200
2.834592,2.846430,1.511781,16.251600,23.610200,23.610200
1.511781,3.176765,3.212526,10.404142,20.548390,20.548390
3.212526,3.176765,1.511781,10.404142,20.548390,20.548390
1.511781,3.689456,3.779450,5.823613,18.934941,18.934941
3.779450,3.689456,1.511781,5.823613,18.934941,18.934941
1.511781,4.039318,4.157402,4.812669,18.810920,18.810920
4.157402,4.039318,1.511781,4.812669,18.810920,18.810920
1.511781,4.932114,5.102260,5.090071,19.514155,19.514155
5.102260,4.932114,1.511781,5.090071,19.514155,19.514155
1.511781,5.841311,6.047118,5.433957,19.897494,19.897494
6.047118,5.841311,1.511781,5.433957,19.897494,19.897494
1.889726,2.300790,1.889734,25.761949,15.689354,15.689354
1.889734,2.300790,1.889726,25.761949,15.689354,15.689354
1.889726,2.420475,2.078701,23.324176,11.204724,11.204724
2.078701,2.420475,1.889726,23.324176,11.204724,11.204724
1.889726,2.548564,2.267668,21.166211,8.839558,8.839558
2.267668,2.548564,1.889726,21.166211,8.839558,8.839558
1.889726,2.683855,2.456635,19.216378,7.631044,7.631044
2.456635,2.683855,1.889726,19.216378,7.631044,7.631044
1.889726,2.825322,2.645625,17.482623,7.079886,7.079886
2.645625,2.825322,1.889726,17.482623,7.079886,7.079886
1.889726,2.834588,2.660516,17.364097,7.055385,7.055385
2.660516,2.834588,1.889726,17.364097,7.055385,7.055385
1.889726,2.972068,2.834592,15.936396,6.879413,6.879413
2.834592,2.972068,1.889726,15.936396,6.879413,6.879413
1.889726,3.278555,3.212526,11.755792,5.333960,5.333960
3.212526,3.278555,1.889726,11.755792,5.333960,5.333960
1.889726,3.762746,3.779450,7.340130,3.658327,3.658327
3.779450,3.762746,1.889726,7.340130,3.658327,3.658327
1.889726,4.097357,4.157402,6.123521,3.241988,3.241988
4.157402,4.097357,1.889726,6.123521,3.241988,3.241988
1.889726,4.961163,5.102260,5.404596,2.903401,2.903401
5.102260,4.961163,1.889726,5.404596,2.903401,2.903401
1.889726,5.850081,6.047118,5.334526,2.871832,2.871832
6.047118,5.850081,1.889726,5.334526,2.871832,2.871832
2.267668,2.760943,2.267671,17.200513,2.892083,2.892083
2.267671,2.760943,2.267668,17.200513,2.892083,2.892083
2.267671,2.879885,2.456635,15.564149,1.990023,1.990023
2.456635,2.879885,2.267671,15.564149,1.990023,1.990023
2.267671,3.006015,2.645625,14.161287,1.714791,1.714791
2.645625,3.006015,2.267671,14.161287,1.714791,1.714791
2.267671,3.138455,2.834592,12.955467,1.772421,1.772421
2.834592,3.138455,2.267671,12.955467,1.772421,1.772421
2.267671,3.419313,3.212526,11.067092,2.315384,2.315384
3.212526,3.419313,2.267671,11.067092,2.315384,2.315384
2.267671,3.871707,3.779450,7.297702,1.003446,1.003446
3.779450,3.871707,2.267671,7.297702,1.003446,1.003446
2.267671,4.188825,4.157402,6.123227,0.524099,0.524099
4.157402,4.188825,2.267671,6.123227,0.524099,0.524099
2.267671,5.018586,5.102260,5.340850,0.064916,0.064916
5.102260,5.018586,2.267671,5.340850,0.064916,0.064916
2.267671,5.883168,6.047118,5.244213,0.005377,0.005377
6.047118,5.883168,2.267671,5.244213,0.005377,0.005377
2.645617,3.221101,2.645625,11.566807,0.805879,0.805879
2.645625,3.221101,2.645617,11.566807,0.805879,0.805879
2.645617,3.339505,2.834592,10.579521,0.968841,0.968841
2.834592,3.339505,2.645617,10.579521,0.968841,0.968841
2.645617,3.594462,3.212526,9.078047,1.653777,1.653777
3.212526,3.594462,2.645617,9.078047,1.653777,1.653777
2.645617,4.013435,3.779450,6.895238,1.628800,1.628800
3.779450,4.013435,2.645617,6.895238,1.628800,1.628800
2.645617,4.311596,4.157402,5.922228,1.248106,1.248106
4.157402,4.311596,2.645617,5.922228,1.248106,1.248106
2.645617,5.102260,5.103426,5.266478,0.861298,0.861298
5.103426,5.102260,2.645617,5.266478,0.861298,0.861298
2.645617,5.940166,6.047118,5.173538,0.803884,0.803884
6.047118,5.940166,2.645617,5.173538,0.803884,0.803884
2.645617,6.047113,6.165284,5.168858,0.802366,0.802366
6.165284,6.047113,2.645617,5.168858,0.802366,0.802366
3.023562,3.799251,3.212526,7.641436,2.125362,2.125362
3.212526,3.799251,3.023562,7.641436,2.125362,2.125362
3.023562,4.184601,3.779450,6.506614,2.880722,2.880722
3.779450,4.184601,3.023562,6.506614,2.880722,2.880722
3.023562,4.463088,4.157402,5.750644,2.634283,2.634283
4.157402,4.463088,3.023562,5.750644,2.634283,2.634283
3.023562,5.102258,4.962088,5.242180,2.346519,2.346519
4.962088,5.102258,3.023562,5.242180,2.346519,2.346519
3.023562,5.214346,5.102260,5.215437,2.326962,2.326962
5.102260,5.214346,3.023562,5.215437,2.326962,2.326962
3.023562,6.020395,6.047118,5.128297,2.273754,2.273754
6.047118,6.020395,3.023562,5.128297,2.273754,2.273754
3.779450,4.601565,3.779452,5.586467,4.302934,4.302934
3.779452,4.601565,3.779450,5.586467,4.302934,4.302934
3.779452,4.840950,4.157402,5.453798,4.596856,4.596856
4.157402,4.840950,3.779452,5.453798,4.596856,4.596856
3.779452,5.507752,5.102260,5.217095,4.551021,4.551021
5.102260,5.507752,3.779452,5.217095,4.551021,4.551021
3.779452,6.246710,6.047118,5.154664,4.519105,4.519105
6.047118,6.246710,3.779452,5.154664,4.519105,4.519105
4.535343,5.884217,5.102260,5.242593,5.122776,5.122776
5.102260,5.884217,4.535343,5.242593,5.122776,5.122776
4.535343,6.552890,6.047118,5.221650,5.128457,5.128457
6.047118,6.552890,4.535343,5.221650,5.128457,5.128457
5.291233,6.928353,6.047118,5.198232,5.151440,5.151440
6.047118,6.928353,5.291233,5.198232,5.151440,5.151440
