R1,R2,R3,ETriat,E,ENew
1.511776,2.476758,1.511781,23.759078,47.843282,47.843282
1.511781,2.476758,1.511776,23.759078,47.843282,47.843282
1.511781,2.633784,1.700749,20.980122,34.052842,34.052842
1.700749,2.633784,1.511781,20.980122,34.052842,34.052842
1.511781,2.794768,1.889721,18.301888,26.609826,26.609826
1.889721,2.794768,1.511781,18.301888,26.609826,26.609826
1.511781,2.959064,2.078694,15.781956,22.548256,22.548256
2.078694,2.959064,1.511781,15.781956,22.548256,22.548256
1.511781,3.126150,2.267667,13.419014,20.275369,20.275369
2.267667,3.126150,1.511781,13.419014,20.275369,20.275369
1.511781,3.295614,2.456646,11.071693,18.785768,18.785768
2.456646,3.295614,1.511781,11.071693,18.785768,18.785768
1.511781,3.467084,2.645618,9.210399,18.067312,18.067312
2.645618,3.467084,1.511781,9.210399,18.067312,18.067312
1.511781,2.834592,1.937769,17.486650,25.171178,25.171178
1.937769,2.834592,1.511781,17.486650,25.171178,25.171178
1.511781,3.640287,2.834591,7.683529,17.713634,17.713634
2.834591,3.640287,1.511781,7.683529,17.713634,17.713634
1.511781,3.990988,3.212536,5.592463,17.640088,17.640088
3.212536,3.990988,1.511781,5.592463,17.640088,17.640088
1.511781,4.525285,3.779461,4.374058,18.184048,18.184048
3.779461,4.525285,1.511781,4.374058,18.184048,18.184048
1.511781,4.157397,3.389619,4.992952,17.761248,17.761248
3.389619,4.157397,1.511781,4.992952,17.761248,17.761248
1.511781,4.885548,4.157388,4.420453,18.670507,18.670507
4.157388,4.885548,1.511781,4.420453,18.670507,18.670507
1.511781,5.796105,5.102258,5.335955,19.780151,19.780151
5.102258,5.796105,1.511781,5.335955,19.780151,19.780151
1.511781,6.716148,6.047127,5.428084,19.901614,19.901614
6.047127,6.716148,1.511781,5.428084,19.901614,19.901614
1.889721,3.095943,1.889726,15.206556,7.797995,7.797995
1.889726,3.095943,1.889721,15.206556,7.797995,7.797995
1.889726,3.252544,2.078694,13.510216,4.466547,4.466547
2.078694,3.252544,1.889726,13.510216,4.466547,4.466547
1.889726,3.412426,2.267667,12.231057,3.136657,3.136657
2.267667,3.412426,1.889726,12.231057,3.136657,3.136657
1.889726,3.575161,2.456646,10.895926,2.487019,2.487019
2.456646,3.575161,1.889726,10.895926,2.487019,2.487019
1.889726,3.740351,2.645618,9.657331,2.206887,2.206887
2.645618,3.740351,1.889726,9.657331,2.206887,2.206887
1.889726,3.907697,2.834591,8.599573,2.146957,2.146957
2.834591,3.907697,1.889726,8.599573,2.146957,2.146957
1.889726,4.247835,3.212536,6.913884,2.215863,2.215863
3.212536,4.247835,1.889726,6.913884,2.215863,2.215863
1.889726,4.768741,3.779461,5.597288,2.507964,2.507964
3.779461,4.768741,1.889726,5.597288,2.507964,2.507964
1.889726,5.121422,4.157388,5.352989,2.684629,2.684629
4.157388,5.121422,1.889726,5.352989,2.684629,2.684629
1.889726,6.016602,5.102258,5.307441,2.828771,2.828771
5.102258,6.016602,1.889726,5.307441,2.828771,2.828771
1.889726,6.924997,6.047127,5.318157,2.866585,2.866585
6.047127,6.924997,1.889726,5.318157,2.866585,2.866585
2.267667,3.715128,2.267671,10.566061,-0.575052,-0.575052
2.267671,3.715128,2.267667,10.566061,-0.575052,-0.575052
2.267671,3.871455,2.456646,9.787343,-0.854403,-0.854403
2.456646,3.871455,2.267671,9.787343,-0.854403,-0.854403
2.267671,4.030567,2.645618,9.053729,-0.795298,-0.795298
2.645618,4.030567,2.267671,9.053729,-0.795298,-0.795298
2.267671,4.192158,2.834591,8.330476,-0.654365,-0.654365
2.834591,4.192158,2.267671,8.330476,-0.654365,-0.654365
2.267671,4.521714,3.212536,6.969990,-0.422843,-0.422843
3.212536,4.521714,2.267671,6.969990,-0.422843,-0.422843
2.267671,5.028843,3.779461,5.723700,-0.130526,-0.130526
3.779461,5.028843,2.267671,5.723700,-0.130526,-0.130526
2.267671,5.373550,4.157388,5.371990,-0.067171,-0.067171
4.157388,5.373550,2.267671,5.371990,-0.067171,-0.067171
2.267671,6.252187,5.102258,5.227055,-0.025238,-0.025238
5.102258,6.252187,2.267671,5.227055,-0.025238,-0.025238
2.267671,7.147742,6.047127,5.220816,-0.006375,-0.006375
6.047127,7.147742,2.267671,5.220816,-0.006375,-0.006375
2.645617,4.334328,2.645618,8.205678,-0.596777,-0.596777
2.645618,4.334328,2.645617,8.205678,-0.596777,-0.596777
2.645617,4.490431,2.834591,7.771487,-0.240714,-0.240714
2.834591,4.490431,2.645617,7.771487,-0.240714,-0.240714
2.645617,4.809718,3.212536,6.866850,0.372541,0.372541
3.212536,4.809718,2.645617,6.866850,0.372541,0.372541
2.645617,5.303142,3.779461,5.651541,0.672577,0.672577
3.779461,5.303142,2.645617,5.651541,0.672577,0.672577
2.645617,5.639751,4.157388,5.313401,0.747901,0.747901
4.157388,5.639751,2.645617,5.313401,0.747901,0.747901
2.645617,6.501221,5.102258,5.159799,0.778299,0.778299
5.102258,6.501221,2.645617,5.159799,0.778299,0.778299
2.645617,7.383124,6.047127,5.150993,0.792956,0.792956
6.047127,7.383124,2.645617,5.150993,0.792956,0.792956
3.023562,5.109457,3.212536,6.441208,1.472342,1.472342
3.212536,5.109457,3.023562,6.441208,1.472342,1.472342
3.023562,5.589548,3.779461,5.564517,2.105415,2.105415
3.779461,5.589548,3.023562,5.564517,2.105415,2.105415
3.023562,5.918128,4.157388,5.281803,2.235073,2.235073
4.157388,5.918128,3.023562,5.281803,2.235073,2.235073
3.023562,6.762218,5.102258,5.119374,2.253763,2.253763
5.102258,6.762218,3.023562,5.119374,2.253763,2.253763
3.023562,7.629975,6.047127,5.107630,2.264214,2.264214
6.047127,7.629975,3.023562,5.107630,2.264214,2.264214
3.779452,6.191897,3.779461,5.299433,4.066036,4.066036
3.779461,6.191897,3.779452,5.299433,4.066036,4.066036
3.779452,6.505089,4.157388,5.229207,4.405621,4.405621
4.157388,6.505089,3.779452,5.229207,4.405621,4.405621
3.779452,7.314922,5.102258,5.158147,4.511256,4.511256
5.102258,7.314922,3.779452,5.158147,4.511256,4.511256
3.779452,8.153868,6.047127,5.140937,4.514595,4.514595
6.047127,8.153868,3.779452,5.140937,4.514595,4.514595
4.535343,7.901350,5.102258,5.207874,5.101875,5.101875
5.102258,7.901350,4.535343,5.207874,5.101875,5.101875
4.535343,8.711908,6.047127,5.208894,5.122560,5.122560
6.047127,8.711908,4.535343,5.208894,5.122560,5.122560
5.291233,9.297950,6.047127,5.196689,5.154649,5.154649
6.047127,9.297950,5.291233,5.196689,5.154649,5.154649
2.662813,4.364941,2.662869,8.124794,-0.537325,-0.537325
2.662869,4.364941,2.662813,8.124794,-0.537325,-0.537325
2.662869,4.380443,2.681710,8.082550,-0.502373,-0.502373
2.681710,4.380443,2.662869,8.082550,-0.502373,-0.502373
2.662869,4.395971,2.700608,8.040384,-0.466641,-0.466641
2.700608,4.395971,2.662869,8.040384,-0.466641,-0.466641
2.662813,4.380449,2.681767,8.082543,-0.502373,-0.502373
2.681767,4.380449,2.662813,8.082543,-0.502373,-0.502373
2.681710,4.395924,2.681767,8.040385,-0.467595,-0.467595
2.681767,4.395924,2.681710,8.040385,-0.467595,-0.467595
2.681767,4.411425,2.700608,7.999075,-0.431256,-0.431256
2.700608,4.411425,2.681767,7.999075,-0.431256,-0.431256
2.662813,4.395968,2.700658,8.040400,-0.466641,-0.466641
2.700658,4.395968,2.662813,8.040400,-0.466641,-0.466641
2.681710,4.411416,2.700658,7.999098,-0.431256,-0.431256
2.700658,4.411416,2.681710,7.999098,-0.431256,-0.431256
2.700608,4.426891,2.700658,7.957850,-0.395090,-0.395090
2.700658,4.426891,2.700608,7.957850,-0.395090,-0.395090
