R1,R2,R3,ETriat,E,ENew
1.511776,2.977621,1.511781,19.056346,45.034328,45.034328
1.511781,2.977621,1.511776,19.056346,45.034328,45.034328
1.511781,3.163893,1.700749,18.146653,33.317127,33.317127
1.700749,3.163893,1.511781,18.146653,33.317127,33.317127
1.511781,3.350468,1.889721,17.019324,27.437950,27.437950
1.889721,3.350468,1.511781,17.019324,27.437950,27.437950
1.511781,3.537298,2.078694,15.808104,24.548686,24.548686
2.078694,3.537298,1.511781,15.808104,24.548686,24.548686
1.511781,3.724344,2.267667,14.202471,22.781381,22.781381
2.267667,3.724344,1.511781,14.202471,22.781381,22.781381
1.511781,3.911579,2.456646,12.401952,21.514282,21.514282
2.456646,3.911579,1.511781,12.401952,21.514282,21.514282
1.511781,4.098970,2.645618,10.530933,20.440456,20.440456
2.645618,4.098970,1.511781,10.530933,20.440456,20.440456
1.511781,4.286500,2.834591,8.984895,19.748192,19.748192
2.834591,4.286500,1.511781,8.984895,19.748192,19.748192
1.511781,4.661909,3.212536,6.661226,18.990274,18.990274
3.212536,4.661909,1.511781,6.661226,18.990274,18.990274
1.511781,5.225713,3.779461,5.134569,18.988626,18.988626
3.779461,5.225713,1.511781,5.134569,18.988626,18.988626
1.511781,5.601911,4.157388,5.066980,19.335539,19.335539
4.157388,5.601911,1.511781,5.066980,19.335539,19.335539
1.511781,6.543329,5.102258,5.862225,20.315871,20.315871
5.102258,6.543329,1.511781,5.862225,20.315871,20.315871
1.511781,7.485616,6.047127,5.450782,19.927849,19.927849
6.047127,7.485616,1.511781,5.450782,19.927849,19.927849
1.889721,3.722029,1.889726,15.321750,9.746822,9.746822
1.889726,3.722029,1.889721,15.321750,9.746822,9.746822
1.889726,3.908269,2.078694,14.416576,6.914018,6.914018
2.078694,3.908269,1.889726,14.416576,6.914018,6.914018
1.889726,4.094760,2.267667,13.608409,5.720160,5.720160
2.267667,4.094760,1.889726,13.608409,5.720160,5.720160
1.889726,4.281472,2.456646,12.627888,5.096584,5.096584
2.456646,4.281472,1.889726,12.627888,5.096584,5.096584
1.889726,4.468370,2.645618,11.457864,4.600629,4.600629
2.645618,4.468370,1.889726,11.457864,4.600629,4.600629
1.889726,4.655436,2.834591,10.065330,3.985466,3.985466
2.834591,4.655436,1.889726,10.065330,3.985466,3.985466
1.889726,5.029996,3.212536,7.967375,3.390727,3.390727
3.212536,5.029996,1.889726,7.967375,3.390727,3.390727
1.889726,5.592695,3.779461,6.131772,3.067231,3.067231
3.779461,5.592695,1.889726,6.131772,3.067231,3.067231
1.889726,5.968250,4.157388,5.604508,2.953053,2.953053
4.157388,5.968250,1.889726,5.604508,2.953053,2.953053
1.889726,6.908321,5.102258,5.341980,2.871745,2.871745
5.102258,6.908321,1.889726,5.341980,2.871745,2.871745
1.889726,7.849544,6.047127,5.322028,2.873610,2.873610
6.047127,7.849544,1.889726,5.322028,2.873610,2.873610
2.267667,4.466437,2.267671,12.487695,1.985079,1.985079
2.267671,4.466437,2.267667,12.487695,1.985079,1.985079
2.267671,4.652659,2.456646,11.813375,1.590379,1.590379
2.456646,4.652659,2.267671,11.813375,1.590379,1.590379
2.267671,4.839090,2.645618,11.048071,1.456297,1.456297
2.645618,4.839090,2.267671,11.048071,1.456297,1.456297
2.267671,5.025712,2.834591,9.993681,1.158342,1.158342
2.834591,5.025712,2.267671,9.993681,1.158342,1.158342
2.267671,5.399446,3.212536,8.106335,0.762038,0.762038
3.212536,5.399446,2.267671,8.106335,0.762038,0.762038
2.267671,5.961046,3.779461,6.138213,0.303419,0.303419
3.779461,5.961046,2.267671,6.138213,0.303419,0.303419
2.267671,6.335952,4.157388,5.556306,0.132868,0.132868
4.157388,6.335952,2.267671,5.556306,0.132868,0.132868
2.267671,7.274636,5.102258,5.250032,0.004770,0.004770
5.102258,7.274636,2.267671,5.250032,0.004770,0.004770
2.267671,8.214737,6.047127,5.223047,-0.001431,-0.001431
6.047127,8.214737,2.267671,5.223047,-0.001431,-0.001431
2.645617,5.210849,2.645618,10.049469,1.338433,1.338433
2.645618,5.210849,2.645617,10.049469,1.338433,1.338433
2.645617,5.397051,2.834591,9.212727,1.254784,1.254784
2.834591,5.397051,2.645617,9.212727,1.254784,1.254784
2.645617,5.769996,3.212536,7.820028,1.351226,1.351226
3.212536,5.769996,2.645617,7.820028,1.351226,1.351226
2.645617,6.330529,3.779461,6.051069,1.089307,1.089307
3.779461,6.330529,2.645617,6.051069,1.089307,1.089307
2.645617,6.704794,4.157388,5.484997,0.933022,0.933022
4.157388,6.704794,2.645617,5.484997,0.933022,0.933022
2.645617,7.642083,5.102258,5.181658,0.805792,0.805792
5.102258,7.642083,2.645617,5.181658,0.805792,0.805792
2.645617,8.581036,6.047127,5.153569,0.797813,0.797813
6.047127,8.581036,2.645617,5.153569,0.797813,0.797813
3.023562,6.141447,3.212536,7.217245,2.268030,2.268030
3.212536,6.141447,3.023562,7.217245,2.268030,2.268030
3.023562,6.700955,3.779461,5.948004,2.503367,2.503367
3.779461,6.700955,3.023562,5.948004,2.503367,2.503367
3.023562,7.074596,4.157388,5.426239,2.390273,2.390273
4.157388,7.074596,3.023562,5.426239,2.390273,2.390273
3.023562,8.010508,5.102258,5.138799,2.277613,2.277613
5.102258,8.010508,3.023562,5.138799,2.277613,2.277613
3.023562,8.948302,6.047127,5.107691,2.266165,2.266165
6.047127,8.948302,3.023562,5.107691,2.266165,2.266165
3.779452,7.444077,3.779461,5.685079,4.459999,4.459999
3.779461,7.444077,3.779452,5.685079,4.459999,4.459999
3.779452,7.816538,4.157388,5.367089,4.549503,4.549503
4.157388,7.816538,3.779452,5.367089,4.549503,4.549503
3.779452,8.749793,5.102258,5.165188,4.520969,4.520969
5.102258,8.749793,3.779452,5.165188,4.520969,4.520969
3.779452,9.685301,6.047127,5.137158,4.512080,4.512080
6.047127,9.685301,3.779452,5.137158,4.512080,4.512080
4.535343,9.491695,5.102258,5.218057,5.113670,5.113670
5.102258,9.491695,4.535343,5.218057,5.113670,5.113670
4.535343,10.425006,6.047127,5.207455,5.121952,5.121952
6.047127,10.425006,4.535343,5.207455,5.121952,5.121952
5.291233,11.166878,6.047127,5.196534,5.155039,5.155039
6.047127,11.166878,5.291233,5.196534,5.155039,5.155039
