R1,R2,R3,ETriat,E,ENew
1.511781,2.951896,1.511784,18.575341,44.448912,44.448912
1.511784,2.951896,1.511781,18.575341,44.448912,44.448912
1.511781,3.136658,1.700761,17.548804,32.617057,32.617057
1.700761,3.136658,1.511781,17.548804,32.617057,32.617057
1.511781,3.321890,1.889731,16.465715,26.792172,26.792172
1.889731,3.321890,1.511781,16.465715,26.792172,26.792172
1.511781,3.507520,2.078701,15.087652,23.751784,23.751784
2.078701,3.507520,1.511781,15.087652,23.751784,23.751784
1.511781,3.693490,2.267671,13.539168,22.060106,22.060106
2.267671,3.693490,1.511781,13.539168,22.060106,22.060106
1.511781,3.879749,2.456641,11.685633,20.757882,20.757882
2.456641,3.879749,1.511781,11.685633,20.757882,20.757882
1.511781,4.066263,2.645619,9.929257,19.813585,19.813585
2.645619,4.066263,1.511781,9.929257,19.813585,19.813585
1.511781,4.252990,2.834588,8.496196,19.245038,19.245038
2.834588,4.252990,1.511781,8.496196,19.245038,19.245038
1.511781,4.626990,3.212528,6.347782,18.673022,18.673022
3.212528,4.626990,1.511781,6.347782,18.673022,18.673022
1.511781,5.189084,3.779463,4.974603,18.827788,18.827788
3.779463,5.189084,1.511781,4.974603,18.827788,18.827788
1.511781,5.564343,4.157402,4.954221,19.222055,19.222055
4.157402,5.564343,1.511781,4.954221,19.222055,19.222055
1.511781,6.503855,5.102259,5.786285,20.239594,20.239594
5.102259,6.503855,1.511781,5.786285,20.239594,20.239594
1.511781,7.444721,6.047116,5.445615,19.922559,19.922559
6.047116,7.444721,1.511781,5.445615,19.922559,19.922559
1.889726,3.689869,1.889731,14.669748,9.033873,9.033873
1.889731,3.689869,1.889726,14.669748,9.033873,9.033873
1.889726,3.874576,2.078701,13.797730,6.252282,6.252282
2.078701,3.874576,1.889726,13.797730,6.252282,6.252282
1.889726,4.059675,2.267671,13.001314,5.085613,5.085613
2.267671,4.059675,1.889726,13.001314,5.085613,5.085613
1.889726,4.245116,2.456641,12.038940,4.491612,4.491612
2.456641,4.245116,1.889726,12.038940,4.491612,4.491612
1.889726,4.430859,2.645619,10.963272,4.097475,4.097475
2.645619,4.430859,1.889726,10.963272,4.097475,4.097475
1.889726,4.616860,2.834588,9.673217,3.589031,3.589031
2.834588,4.616860,1.889726,9.673217,3.589031,3.589031
1.889726,4.989531,3.212528,7.691746,3.113760,3.113760
3.212528,4.989531,1.889726,7.691746,3.113760,3.113760
1.889726,5.549898,3.779463,6.041632,2.976253,2.976253
3.779463,5.549898,1.889726,6.041632,2.976253,2.976253
1.889726,5.924155,4.157402,5.562683,2.910556,2.910556
4.157402,5.924155,1.889726,5.562683,2.910556,2.910556
1.889726,6.861568,5.102259,5.335176,2.864677,2.864677
5.102259,6.861568,1.889726,5.335176,2.864677,2.864677
1.889726,7.800778,6.047116,5.320872,2.872352,2.872352
6.047116,7.800778,1.889726,5.320872,2.872352,2.872352
2.267671,4.427837,2.267671,11.981988,1.470477,1.470477
2.267671,4.427837,2.267671,11.981988,1.470477,1.470477
2.267671,4.612510,2.456641,11.334167,1.106609,1.106609
2.456641,4.612510,2.267671,11.334167,1.106609,1.106609
2.267671,4.797521,2.645619,10.602294,1.008172,1.008172
2.645619,4.797521,2.267671,10.602294,1.008172,1.008172
2.267671,4.982826,2.834588,9.655208,0.818454,0.818454
2.834588,4.982826,2.267671,9.655208,0.818454,0.818454
2.267671,5.354204,3.212528,7.877589,0.532295,0.532295
3.212528,5.354204,2.267671,7.877589,0.532295,0.532295
2.267671,5.912853,3.779463,6.075951,0.240411,0.240411
3.779463,5.912853,2.267671,6.075951,0.240411,0.240411
2.267671,6.286095,4.157402,5.528303,0.104334,0.104334
4.157402,6.286095,2.267671,5.528303,0.104334,0.104334
2.267671,7.221343,5.102259,5.245551,0.000087,0.000087
5.102259,7.221343,2.267671,5.245551,0.000087,0.000087
2.267671,8.158805,6.047116,5.222306,-0.002255,-0.002255
6.047116,8.158805,2.267671,5.222306,-0.002255,-0.002255
2.645617,5.165810,2.645619,9.697363,0.985233,0.985233
2.645619,5.165810,2.645617,9.697363,0.985233,0.985233
2.645617,5.350457,2.834588,9.055803,1.096852,1.096852
2.834588,5.350457,2.645617,9.055803,1.096852,1.096852
2.645617,5.720599,3.212528,7.608153,1.138438,1.138438
3.212528,5.720599,2.645617,7.608153,1.138438,1.138438
2.645617,6.277577,3.779463,5.995790,1.033454,1.033454
3.779463,6.277577,2.645617,5.995790,1.033454,1.033454
2.645617,6.649816,4.157402,5.460795,0.908435,0.908435
4.157402,6.649816,2.645617,5.460795,0.908435,0.908435
2.645617,7.582885,5.102259,5.177604,0.801586,0.801586
5.102259,7.582885,2.645617,5.177604,0.801586,0.801586
2.645617,8.518553,6.047116,5.152941,0.797119,0.797119
6.047116,8.518553,2.645617,5.152941,0.797119,0.797119
3.023562,6.088407,3.212528,7.044390,2.094443,2.094443
3.212528,6.088407,3.023562,7.044390,2.094443,2.094443
3.023562,6.643780,3.779463,5.895075,2.450029,2.450029
3.779463,6.643780,3.023562,5.895075,2.450029,2.450029
3.023562,7.015041,4.157402,5.403876,2.367637,2.367637
4.157402,7.015041,3.023562,5.403876,2.367637,2.367637
3.023562,7.945954,5.102259,5.135402,2.274101,2.274101
5.102259,7.945954,3.023562,5.135402,2.274101,2.274101
3.023562,8.879813,6.047116,5.107831,2.266252,2.266252
6.047116,8.879813,3.023562,5.107831,2.266252,2.266252
3.779452,7.379738,3.779463,5.661039,4.435759,4.435759
3.779463,7.379738,3.779452,5.661039,4.435759,4.435759
3.779452,7.749152,4.157402,5.341598,4.523875,4.523875
4.157402,7.749152,3.779452,5.341598,4.523875,4.523875
3.779452,8.675905,5.102259,5.163304,4.519018,4.519018
5.102259,8.675905,3.779452,5.163304,4.519018,4.519018
3.779452,9.606185,6.047116,5.137798,4.512687,4.512687
6.047116,9.606185,3.779452,5.137798,4.512687,4.512687
4.535343,9.409952,5.102259,5.217100,5.112673,5.112673
5.102259,9.409952,4.535343,5.217100,5.112673,5.112673
4.535343,10.336791,6.047116,5.207780,5.122256,5.122256
6.047116,10.336791,4.535343,5.207780,5.122256,5.122256
5.291233,11.070793,6.047116,5.196547,5.155039,5.155039
6.047116,11.070793,5.291233,5.196547,5.155039,5.155039
