R1,R2,R3,ETriat,E,ENew
1.511781,1.511776,1.734233,36.098462,66.756757,66.756757
1.734233,1.511776,1.511781,36.098462,66.756757,66.756757
1.511781,1.492829,1.700760,36.325157,69.950568,69.950568
1.700760,1.492829,1.511781,36.325157,69.950568,69.950568
1.511781,1.606015,1.889727,34.835016,54.608474,54.608474
1.889727,1.606015,1.511781,34.835016,54.608474,54.608474
1.511781,1.732490,2.078699,32.890120,44.474584,44.474584
2.078699,1.732490,1.511781,32.890120,44.474584,44.474584
1.511781,1.869520,2.267666,30.555520,37.795859,37.795859
2.267666,1.869520,1.511781,30.555520,37.795859,37.795859
1.511781,2.014989,2.456648,27.593781,32.991722,32.991722
2.456648,2.014989,1.511781,27.593781,32.991722,32.991722
1.511781,2.167164,2.645615,22.313287,27.415878,27.415878
2.645615,2.167164,1.511781,22.313287,27.415878,27.415878
1.511781,2.324763,2.834587,17.938765,23.647623,23.647623
2.834587,2.324763,1.511781,17.938765,23.647623,23.647623
1.511781,2.652274,3.212537,11.538685,19.606998,19.606998
3.212537,2.652274,1.511781,11.538685,19.606998,19.606998
1.511781,3.164679,3.779443,6.372764,17.971607,17.971607
3.779443,3.164679,1.511781,6.372764,17.971607,17.971607
1.511781,3.515600,4.157393,4.880391,18.003827,18.003827
4.157393,3.515600,1.511781,4.880391,18.003827,18.003827
1.511781,4.412481,5.102264,4.632452,18.996952,18.996952
5.102264,4.412481,1.511781,4.632452,18.996952,18.996952
1.511781,5.325977,6.047124,5.329806,19.783317,19.783317
6.047124,5.325977,1.511781,5.329806,19.783317,19.783317
1.889726,1.745150,1.889727,29.951834,26.371973,26.371973
1.889727,1.745150,1.889726,29.951834,26.371973,26.371973
1.889726,1.889721,2.167801,26.703363,16.786162,16.786162
2.167801,1.889721,1.889726,26.703363,16.786162,16.786162
1.889726,1.840073,2.078699,27.720444,19.234327,19.234327
2.078699,1.840073,1.889726,27.720444,19.234327,19.234327
1.889726,1.948722,2.267666,25.274762,14.261243,14.261243
2.267666,1.948722,1.889726,25.274762,14.261243,14.261243
1.889726,2.068975,2.456648,23.273483,11.304851,11.304851
2.456648,2.068975,1.889726,23.273483,11.304851,11.304851
1.889726,2.198896,2.645615,21.366619,9.462787,9.462787
2.645615,2.198896,1.889726,21.366619,9.462787,9.462787
1.889726,2.336910,2.834587,19.635298,8.428987,8.428987
2.834587,2.336910,1.889726,19.635298,8.428987,8.428987
1.889726,2.631978,3.212537,14.036533,5.102525,5.102525
3.212537,2.631978,1.889726,14.036533,5.102525,5.102525
1.889726,3.108401,3.779443,8.531989,2.992644,2.992644
3.779443,3.108401,1.889726,8.531989,2.992644,2.992644
1.889726,3.441299,4.157393,6.577856,2.572316,2.572316
4.157393,3.441299,1.889726,6.577856,2.572316,2.572316
1.889726,4.306208,5.102264,5.350784,2.755096,2.755096
5.102264,4.306208,1.889726,5.350784,2.755096,2.755096
1.889726,5.199021,6.047124,5.312825,2.837054,2.837054
6.047124,5.199021,1.889726,5.312825,2.837054,2.837054
2.267666,2.094186,2.267671,20.905034,5.750689,5.750689
2.267671,2.094186,2.267666,20.905034,5.750689,5.750689
2.267671,2.267667,2.601368,17.780167,2.858823,2.858823
2.601368,2.267667,2.267671,17.780167,2.858823,2.858823
2.267671,2.187880,2.456648,19.052137,3.778749,3.778749
2.456648,2.187880,2.267671,19.052137,3.778749,3.778749
2.267671,2.293332,2.645615,17.419157,2.659348,2.659348
2.645615,2.293332,2.267671,17.419157,2.659348,2.659348
2.267671,2.409036,2.834587,15.996120,2.126316,2.126316
2.834587,2.409036,2.267671,15.996120,2.126316,2.126316
2.267671,2.665661,3.212537,13.638716,2.054809,2.054809
3.212537,2.665661,2.267671,13.638716,2.054809,2.054809
2.267671,3.097549,3.779443,9.227084,0.869451,0.869451
3.779443,3.097549,2.267671,9.227084,0.869451,0.869451
2.267671,3.407539,4.157393,7.116896,0.236074,0.236074
4.157393,3.407539,2.267671,7.116896,0.236074,0.236074
2.267671,4.231141,5.102264,5.399174,-0.005724,-0.005724
5.102264,4.231141,2.267671,5.399174,-0.005724,-0.005724
2.267671,5.096989,6.047124,5.235027,-0.020034,-0.020034
6.047124,5.096989,2.267671,5.235027,-0.020034,-0.020034
2.645615,2.443212,2.645617,14.281080,0.607748,0.607748
2.645617,2.443212,2.645615,14.281080,0.607748,0.607748
2.645618,2.645617,3.034925,11.950361,0.486892,0.486892
3.034925,2.645617,2.645618,11.950361,0.486892,0.486892
2.645617,2.536030,2.834587,13.065697,0.406972,0.406972
2.834587,2.536030,2.645617,13.065697,0.406972,0.406972
2.645617,2.834592,3.339505,10.579521,0.968841,0.968841
3.339505,2.834592,2.645617,10.579521,0.968841,0.968841
2.645617,2.751340,3.212537,11.121880,0.742307,0.742307
3.212537,2.751340,2.645617,11.121880,0.742307,0.742307
2.645617,3.132594,3.779443,9.167964,1.812100,1.812100
3.779443,3.132594,2.645617,9.167964,1.812100,1.812100
2.645617,3.779452,4.613409,5.971777,0.959778,0.959778
4.613409,3.779452,2.645617,5.971777,0.959778,0.959778
2.645617,3.415521,4.157393,7.228867,1.239997,1.239997
4.157393,3.415521,2.645617,7.228867,1.239997,1.239997
2.645617,4.188957,5.102264,5.394170,0.835453,0.835453
5.102264,4.188957,2.645617,5.394170,0.835453,0.835453
2.645617,5.021401,6.047124,5.175318,0.786322,0.786322
6.047124,5.021401,2.645617,5.175318,0.786322,0.786322
3.023562,2.884386,3.212537,9.180878,0.855357,0.855357
3.212537,2.884386,3.023562,9.180878,0.855357,0.855357
3.023562,3.212034,3.779443,7.647717,2.098216,2.098216
3.779443,3.212034,3.023562,7.647717,2.098216,2.098216
3.023562,3.464958,4.157393,7.019154,2.685800,2.685800
4.157393,3.464958,3.023562,7.019154,2.685800,2.685800
3.023562,4.180652,5.102264,5.398334,2.348817,2.348817
5.102264,4.180652,3.023562,5.398334,2.348817,2.348817
3.023562,4.973461,6.047124,5.142328,2.265645,2.265645
6.047124,4.973461,3.023562,5.142328,2.265645,2.265645
3.779443,3.490309,3.779452,5.777371,3.322689,3.322689
3.779452,3.490309,3.779443,5.777371,3.322689,3.322689
3.779461,3.779452,4.335617,5.566206,4.224098,4.224098
4.335617,3.779452,3.779461,5.566206,4.224098,4.224098
3.779452,3.680121,4.157393,5.625971,4.020677,4.020677
4.157393,3.680121,3.779452,5.625971,4.020677,4.020677
3.779452,4.265664,5.102264,5.367048,4.576345,4.576345
5.102264,4.265664,3.779452,5.367048,4.576345,4.576345
3.779452,4.963272,6.047124,5.189695,4.528688,4.528688
6.047124,4.963272,3.779452,5.189695,4.528688,4.528688
4.535343,4.478468,5.102264,5.264564,5.078892,5.078892
5.102264,4.478468,4.535343,5.264564,5.078892,5.078892
4.535343,5.067106,6.047124,5.222933,5.104607,5.104607
6.047124,5.067106,4.535343,5.222933,5.104607,5.104607
5.291233,5.278238,6.047124,5.199965,5.130799,5.130799
6.047124,5.278238,5.291233,5.199965,5.130799,5.130799
2.282033,6.000042,7.007163,5.219087,-0.011622,-0.011622
7.007163,6.000042,2.282033,5.219087,-0.011622,-0.011622
