R1,R2,R3,ETriat,E,ENew
1.511781,1.943512,1.511788,35.695880,61.383553,61.383553
1.511788,1.943512,1.511781,35.695880,61.383553,61.383553
1.511781,2.070054,1.700758,33.218891,46.090591,46.090591
1.700758,2.070054,1.511781,33.218891,46.090591,46.090591
1.511781,2.205534,1.889731,30.608489,37.526395,37.526395
1.889731,2.205534,1.511781,30.608489,37.526395,37.526395
1.511781,2.348426,2.078700,27.912687,32.594984,32.594984
2.078700,2.348426,1.511781,27.912687,32.594984,32.594984
1.511781,2.497439,2.267673,25.206830,29.646615,29.646615
2.267673,2.497439,1.511781,25.206830,29.646615,29.646615
1.511781,2.651559,2.456643,22.181867,27.399443,27.399443
2.456643,2.651559,1.511781,22.181867,27.399443,27.399443
1.511781,2.809930,2.645616,17.983893,24.444872,24.444872
2.645616,2.809930,1.511781,17.983893,24.444872,24.444872
1.511781,2.971886,2.834585,14.546536,22.415171,22.415171
2.834585,2.971886,1.511781,14.546536,22.415171,22.415171
1.511781,3.304411,3.212528,9.521276,20.112667,20.112667
3.212528,3.304411,1.511781,9.521276,20.112667,20.112667
1.511781,3.819089,3.779462,5.569552,18.903936,18.903936
3.779462,3.819089,1.511781,5.569552,18.903936,18.903936
1.511781,4.169734,4.157404,4.764049,18.856972,18.856972
4.157404,4.169734,1.511781,4.764049,18.856972,18.856972
1.511781,5.063562,5.102259,5.165109,19.593598,19.593598
5.102259,5.063562,1.511781,5.165109,19.593598,19.593598
1.511781,5.973117,6.047113,5.440228,19.905863,19.905863
6.047113,5.973117,1.511781,5.440228,19.905863,19.905863
1.889726,2.429386,1.889731,25.199253,15.309874,15.309874
1.889731,2.429386,1.889726,25.199253,15.309874,15.309874
1.889726,2.554964,2.078700,22.824213,11.085342,11.085342
2.078700,2.554964,1.889726,22.824213,11.085342,11.085342
1.889726,2.687960,2.267673,20.652830,8.832360,8.832360
2.267673,2.687960,1.889726,20.652830,8.832360,8.832360
1.889726,2.827348,2.456643,18.708132,7.696393,7.696393
2.456643,2.827348,1.889726,18.708132,7.696393,7.696393
1.889726,2.972209,2.645616,16.975670,7.170300,7.170300
2.645616,2.972209,1.889726,16.975670,7.170300,7.170300
1.889726,3.121799,2.834585,15.164520,6.695203,6.695203
2.834585,3.121799,1.889726,15.164520,6.695203,6.695203
1.889726,3.432644,3.212528,10.475510,4.539356,4.539356
3.212528,3.432644,1.889726,10.475510,4.539356,4.539356
1.889726,3.921088,3.779462,6.916897,3.461410,3.461410
3.779462,3.921088,1.889726,6.916897,3.461410,3.461410
1.889726,4.257531,4.157404,5.955217,3.167315,3.167315
4.157404,4.257531,1.889726,5.955217,3.167315,3.167315
1.889726,5.124014,5.102259,5.402139,2.905916,2.905916
5.102259,5.124014,1.889726,5.402139,2.905916,2.905916
1.889726,6.014148,6.047113,5.332963,2.872829,2.872829
6.047113,6.014148,1.889726,5.332963,2.872829,2.872829
2.267671,2.915260,2.267673,16.796355,3.115365,3.115365
2.267673,2.915260,2.267671,16.796355,3.115365,3.115365
2.267671,3.040183,2.456643,15.189272,2.261048,2.261048
2.456643,3.040183,2.267671,15.189272,2.261048,2.261048
2.267671,3.171440,2.645616,13.815820,2.006631,2.006631
2.645616,3.171440,2.267671,13.815820,2.006631,2.006631
2.267671,3.308298,2.834585,12.656715,2.076057,2.076057
2.834585,3.308298,2.267671,12.656715,2.076057,2.076057
2.267671,3.596198,3.212528,10.024553,1.735996,1.735996
3.212528,3.596198,2.267671,10.024553,1.735996,1.735996
2.267671,4.055874,3.779462,6.771816,0.674529,0.674529
3.779462,4.055874,2.267671,6.771816,0.674529,0.674529
2.267671,4.376315,4.157404,5.867946,0.347216,0.347216
4.157404,4.376315,2.267671,5.867946,0.347216,0.347216
2.267671,5.211245,5.102259,5.320084,0.049348,0.049348
5.102259,5.211245,2.267671,5.320084,0.049348,0.049348
2.267671,6.078446,6.047113,5.241852,0.005941,0.005941
6.047113,6.078446,2.267671,5.241852,0.005941,0.005941
2.645616,3.401135,2.645617,11.320739,1.152531,1.152531
2.645617,3.401135,2.645616,11.320739,1.152531,1.152531
2.645617,3.525582,2.834585,10.372792,1.299536,1.299536
2.834585,3.525582,2.645617,10.372792,1.299536,1.299536
2.645617,3.790504,3.212528,8.950905,1.907110,1.907110
3.212528,3.790504,2.645617,8.950905,1.907110,1.907110
2.645617,4.220305,3.779462,6.457716,1.337089,1.337089
3.779462,4.220305,2.645617,6.457716,1.337089,1.337089
2.645617,4.523647,4.157404,5.710865,1.092342,1.092342
4.157404,4.523647,2.645617,5.710865,1.092342,1.092342
2.645617,5.323937,5.102259,5.239030,0.839139,0.839139
5.102259,5.323937,2.645617,5.239030,0.839139,0.839139
2.645617,6.165284,6.047113,5.168858,0.802366,0.802366
6.047113,6.165284,2.645617,5.168858,0.802366,0.802366
3.023562,4.011096,3.212528,7.627889,2.374012,2.374012
3.212528,4.011096,3.023562,7.627889,2.374012,2.374012
3.023562,4.411068,3.779462,6.130875,2.595516,2.595516
3.779462,4.411068,3.023562,6.130875,2.595516,2.595516
3.023562,4.696842,4.157404,5.581469,2.498640,2.498640
4.157404,4.696842,3.023562,5.581469,2.498640,2.498640
3.023562,5.460516,5.102259,5.187187,2.304109,2.304109
5.102259,5.460516,3.023562,5.187187,2.304109,2.304109
3.023562,6.273726,6.047113,5.122659,2.271369,2.271369
6.047113,6.273726,3.023562,5.122659,2.271369,2.271369
3.779452,4.858772,3.779462,5.512359,4.249770,4.249770
3.779462,4.858772,3.779452,5.512359,4.249770,4.249770
3.779452,5.109917,4.157404,5.362968,4.515852,4.515852
4.157404,5.109917,3.779452,5.362968,4.515852,4.515852
3.779452,5.798287,5.102259,5.198008,4.537404,4.537404
5.102259,5.798287,3.779452,5.198008,4.537404,4.537404
3.779452,6.550916,6.047113,5.150187,4.517630,4.517630
6.047113,6.550916,3.779452,5.150187,4.517630,4.517630
4.535343,6.210134,5.102259,5.227844,5.112629,5.112629
5.102259,6.210134,4.535343,5.227844,5.112629,5.112629
4.535343,6.900153,6.047113,5.216807,5.125985,5.125985
6.047113,6.900153,4.535343,5.216807,5.125985,5.125985
5.291233,7.311119,6.047113,5.199890,5.154779,5.154779
6.047113,7.311119,5.291233,5.199890,5.154779,5.154779
