R1,R2,R3,ETriat,E,ENew
1.511781,1.511781,2.137981,35.771406,59.811084,59.811084
2.137981,1.511781,1.511781,35.771406,59.811084,59.811084
1.511781,1.470464,2.078706,36.381263,64.530227,64.530227
2.078706,1.470464,1.511781,36.381263,64.530227,64.530227
1.511781,1.606110,2.267676,32.240978,49.232061,49.232061
2.267676,1.606110,1.511781,32.240978,49.232061,49.232061
1.511781,1.751665,2.456647,26.072001,36.671298,36.671298
2.456647,1.751665,1.511781,26.072001,36.671298,36.671298
1.511781,1.904861,2.645618,21.365037,28.818577,28.818577
2.645618,1.904861,1.511781,21.365037,28.818577,28.818577
1.511781,2.063996,2.834589,17.671674,24.030138,24.030138
2.834589,2.063996,1.511781,17.671674,24.030138,24.030138
1.511781,2.395309,3.212530,12.006401,19.294429,19.294429
3.212530,2.395309,1.511781,12.006401,19.294429,19.294429
1.511781,2.913639,3.779443,6.902252,17.515937,17.515937
3.779443,2.913639,1.511781,6.902252,17.515937,17.515937
1.511781,3.268167,4.157384,5.198275,17.573091,17.573091
4.157384,3.268167,1.511781,5.198275,17.573091,17.573091
1.511781,4.157404,5.084738,4.427220,18.684253,18.684253
5.084738,4.157404,1.511781,4.427220,18.684253,18.684253
1.511781,4.172535,5.102265,4.439383,18.706022,18.706022
5.102265,4.172535,1.511781,4.439383,18.706022,18.706022
1.511781,5.091611,6.047119,5.242707,19.690561,19.690561
6.047119,5.091611,1.511781,5.242707,19.690561,19.690561
1.889726,1.446337,1.889735,33.199445,49.128854,49.128854
1.889735,1.446337,1.889726,33.199445,49.128854,49.128854
1.889726,1.889726,2.672476,23.146274,14.042732,14.042732
2.672476,1.889726,1.889726,23.146274,14.042732,14.042732
1.889726,1.528656,2.078706,31.018108,37.041150,37.041150
2.078706,1.528656,1.889726,31.018108,37.041150,37.041150
1.889726,2.078691,2.928606,18.091499,7.808056,7.808056
2.928606,2.078691,1.889726,18.091499,7.808056,7.808056
1.889726,1.628837,2.267676,28.851295,27.612361,27.612361
2.267676,1.628837,1.889726,28.851295,27.612361,27.612361
1.889726,1.743803,2.456647,26.849632,20.790752,20.790752
2.456647,1.743803,1.889726,26.849632,20.790752,20.790752
1.889726,1.870831,2.645618,23.711550,14.867517,14.867517
2.645618,1.870831,1.889726,23.711550,14.867517,14.867517
1.889726,2.007632,2.834589,19.778950,9.688541,9.688541
2.834589,2.007632,1.889726,19.778950,9.688541,9.688541
1.889726,2.303477,3.212530,14.024072,4.275095,4.275095
3.212530,2.303477,1.889726,14.024072,4.275095,4.275095
1.889726,2.784741,3.779443,9.160095,2.322495,2.322495
3.779443,2.784741,1.889726,9.160095,2.322495,2.322495
1.889726,3.121602,4.157384,7.268210,2.185725,2.185725
4.157384,3.121602,1.889726,7.268210,2.185725,2.185725
1.889726,3.996059,5.102265,5.400972,2.604969,2.604969
5.102265,3.996059,1.889726,5.400972,2.604969,2.604969
1.889726,4.896727,6.047119,5.292798,2.807610,2.807610
6.047119,4.896727,1.889726,5.292798,2.807610,2.807610
2.267671,1.735602,2.267676,24.290259,15.492784,15.492784
2.267676,1.735602,2.267671,24.290259,15.492784,15.492784
2.267671,2.267671,3.206972,14.854306,2.306234,2.306234
3.206972,2.267671,2.267671,14.854306,2.306234,2.306234
2.267671,1.816329,2.456647,22.317664,11.314305,11.314305
2.456647,1.816329,2.267671,22.317664,11.314305,11.314305
2.456638,2.267671,3.194739,14.912664,2.571449,2.571449
3.194739,2.267671,2.456638,14.912664,2.571449,2.571449
2.267671,1.912382,2.645618,20.574893,8.199547,8.199547
2.645618,1.912382,2.267671,20.574893,8.199547,8.199547
2.267671,2.021579,2.834589,19.030556,6.029737,6.029737
2.834589,2.021579,2.267671,19.030556,6.029737,6.029737
2.271605,2.267671,3.212530,14.784704,2.255541,2.255541
3.212530,2.267671,2.271605,14.784704,2.255541,2.255541
2.267671,3.212526,4.385615,7.096903,-0.326835,-0.326835
4.385615,3.212526,2.267671,7.096903,-0.326835,-0.326835
2.267671,2.702953,3.779443,9.850696,-0.089807,-0.089807
3.779443,2.702953,2.267671,9.850696,-0.089807,-0.089807
2.267671,3.779461,5.028843,5.723700,-0.130526,-0.130526
5.028843,3.779461,2.267671,5.723700,-0.130526,-0.130526
2.267671,3.015554,4.157384,7.987302,-0.284729,-0.284729
4.157384,3.015554,2.267671,7.987302,-0.284729,-0.284729
2.267671,3.848717,5.102265,5.632759,-0.114308,-0.114308
5.102265,3.848717,2.267671,5.632759,-0.114308,-0.114308
2.267671,4.724092,6.047119,5.232508,-0.039591,-0.039591
6.047119,4.724092,2.267671,5.232508,-0.039591,-0.039591
2.645617,2.024868,2.645618,17.120716,4.209268,4.209268
2.645618,2.024868,2.645617,17.120716,4.209268,4.209268
2.645617,2.645617,3.741467,9.984281,0.627392,0.627392
3.741467,2.645617,2.645617,9.984281,0.627392,0.627392
2.645617,2.104438,2.834589,15.791706,3.066407,3.066407
2.834589,2.104438,2.645617,15.791706,3.066407,3.066407
2.645617,2.302186,3.212530,13.521668,1.863746,1.863746
3.212530,2.302186,2.645617,13.521668,1.863746,1.863746
2.645617,2.672604,3.779443,9.762254,0.572320,0.572320
3.779443,2.672604,2.645617,9.762254,0.572320,0.572320
2.645617,2.954389,4.157384,8.090234,0.441056,0.441056
4.157384,2.954389,2.645617,8.090234,0.441056,0.441056
2.645617,3.733958,5.102265,5.766452,0.704797,0.704797
5.102265,3.733958,2.645617,5.766452,0.704797,0.704797
2.645617,4.576226,6.047119,5.187182,0.767501,0.767501
6.047119,4.576226,2.645617,5.187182,0.767501,0.767501
3.023562,2.392827,3.212530,11.330349,1.292858,1.292858
3.212530,2.392827,3.023562,11.330349,1.292858,1.292858
3.023562,2.695433,3.779443,9.318575,1.730879,1.730879
3.779443,2.695433,3.023562,9.318575,1.730879,1.730879
3.023562,2.940910,4.157384,7.723541,1.533702,1.533702
4.157384,2.940910,3.023562,7.723541,1.533702,1.533702
3.023562,3.654852,5.102265,5.748923,2.048391,2.048391
5.102265,3.654852,3.023562,5.748923,2.048391,2.048391
3.023562,4.455595,6.047119,5.168089,2.240711,2.240711
6.047119,4.455595,3.023562,5.168089,2.240711,2.240711
3.779443,2.892664,3.779452,7.220560,2.643953,2.643953
3.779452,2.892664,3.779443,7.220560,2.643953,2.643953
3.779452,3.779452,5.344953,5.351656,4.103546,4.103546
5.344953,3.779452,3.779452,5.351656,4.103546,4.103546
3.779452,3.057300,4.157384,6.553751,3.044725,3.044725
4.157384,3.057300,3.779452,6.553751,3.044725,3.044725
3.779452,4.157400,5.857226,5.239934,4.408266,4.408266
5.857226,4.157400,3.779452,5.239934,4.408266,4.408266
3.779452,3.611925,5.102265,5.459609,3.882649,3.882649
5.102265,3.611925,3.779452,5.459609,3.882649,3.882649
3.779452,4.304689,6.047119,5.234153,4.477995,4.477995
6.047119,4.304689,3.779452,5.234153,4.477995,4.477995
4.535343,3.725158,5.102265,5.360827,4.552582,4.552582
5.102265,3.725158,4.535343,5.360827,4.552582,4.552582
4.535343,4.283819,6.047119,5.212615,4.987524,4.987524
6.047119,4.283819,4.535343,5.212615,4.987524,4.987524
5.291233,4.394839,6.047119,5.250475,5.107165,5.107165
6.047119,4.394839,5.291233,5.250475,5.107165,5.107165
2.282033,3.400013,4.608687,6.464044,-0.298172,-0.298172
4.608687,3.400013,2.282033,6.464044,-0.298172,-0.298172
