R1,R2,R3,ETriat,E,ENew
1.511780,2.920536,1.511781,18.207010,43.953650,43.953650
1.511781,2.920536,1.511780,18.207010,43.953650,43.953650
1.511781,3.103450,1.700749,17.097870,32.040487,32.040487
1.700749,3.103450,1.511781,17.097870,32.040487,32.040487
1.511781,3.287068,1.889734,15.857230,26.068078,26.068078
1.889734,3.287068,1.511781,15.857230,26.068078,26.068078
1.511781,3.471243,2.078702,14.432904,22.999546,22.999546
2.078702,3.471243,1.511781,14.432904,22.999546,22.999546
1.511781,3.655908,2.267671,12.882438,21.328120,21.328120
2.267671,3.655908,1.511781,12.882438,21.328120,21.328120
1.511781,3.840992,2.456639,11.058419,20.077672,20.077672
2.456639,3.840992,1.511781,11.058419,20.077672,20.077672
1.511781,4.026454,2.645624,9.420121,19.270492,19.270492
2.645624,4.026454,1.511781,9.420121,19.270492,19.270492
1.511781,4.212211,2.834592,8.067312,18.796306,18.796306
2.834592,4.212211,1.511781,8.067312,18.796306,18.796306
1.511781,4.584514,3.212529,6.071210,18.391112,18.391112
3.212529,4.584514,1.511781,6.071210,18.391112,18.391112
1.511781,5.144526,3.779451,4.826515,18.678572,18.678572
3.779451,5.144526,1.511781,4.826515,18.678572,18.678572
1.511781,5.518658,4.157404,4.845246,19.112170,19.112170
4.157404,5.518658,1.511781,4.845246,19.112170,19.112170
1.511781,6.455908,5.102263,5.707663,20.160541,20.160541
5.102263,6.455908,1.511781,5.707663,20.160541,20.160541
1.511781,7.395095,6.047121,5.440307,19.917095,19.917095
6.047121,7.395095,1.511781,5.440307,19.917095,19.917095
1.889726,3.650679,1.889734,14.069732,8.354704,8.354704
1.889734,3.650679,1.889726,14.069732,8.354704,8.354704
1.889726,3.833520,2.078702,13.220834,5.618428,5.618428
2.078702,3.833520,1.889726,13.220834,5.618428,5.618428
1.889726,4.016928,2.267671,12.426926,4.473919,4.473919
2.267671,4.016928,1.889726,12.426926,4.473919,4.473919
1.889726,4.200829,2.456639,11.493999,3.924409,3.924409
2.456639,4.200829,1.889726,11.493999,3.924409,3.924409
1.889726,4.385179,2.645624,10.413409,3.535476,3.535476
2.645624,4.385179,1.889726,10.413409,3.535476,3.535476
1.889726,4.569890,2.834592,9.327761,3.237391,3.237391
2.834592,4.569890,1.889726,9.327761,3.237391,3.237391
1.889726,4.940277,3.212529,7.425268,2.845510,2.845510
3.212529,4.940277,1.889726,7.425268,2.845510,2.845510
1.889726,5.497803,3.779451,5.947860,2.881415,2.881415
3.779451,5.497803,1.889726,5.947860,2.881415,2.881415
1.889726,5.870493,4.157404,5.518704,2.865718,2.865718
4.157404,5.870493,1.889726,5.518704,2.865718,2.865718
1.889726,6.804732,5.102263,5.327972,2.857131,2.857131
5.102263,6.804732,1.889726,5.327972,2.857131,2.857131
1.889726,7.741549,6.047121,5.319701,2.871051,2.871051
6.047121,7.741549,1.889726,5.319701,2.871051,2.871051
2.267671,4.380804,2.267671,11.494945,0.970749,0.970749
2.267671,4.380804,2.267671,11.494945,0.970749,0.970749
2.267671,4.563595,2.456639,10.877028,0.642873,0.642873
2.456639,4.563595,2.267671,10.877028,0.642873,0.642873
2.267671,4.746888,2.645624,10.184629,0.587150,0.587150
2.645624,4.746888,2.267671,10.184629,0.587150,0.587150
2.267671,4.930592,2.834592,9.295589,0.456928,0.456928
2.834592,4.930592,2.267671,9.295589,0.456928,0.456928
2.267671,5.299112,3.212529,7.651956,0.305457,0.305457
3.212529,5.299112,2.267671,7.651956,0.305457,0.305457
2.267671,5.854162,3.779451,6.009838,0.173326,0.173326
3.779451,5.854162,2.267671,6.009838,0.173326,0.173326
2.267671,6.225390,4.157404,5.498470,0.073806,0.073806
4.157404,6.225390,2.267671,5.498470,0.073806,0.073806
2.267671,7.156514,5.102263,5.240825,-0.004900,-0.004900
5.102263,7.156514,2.267671,5.240825,-0.004900,-0.004900
2.267671,8.090823,6.047121,5.221544,-0.003122,-0.003122
6.047121,8.090823,2.267671,5.221544,-0.003122,-0.003122
2.645617,5.110947,2.645624,9.360171,0.646646,0.646646
2.645624,5.110947,2.645617,9.360171,0.646646,0.646646
2.645617,5.293702,2.834592,8.816972,0.856788,0.856788
2.834592,5.293702,2.645617,8.816972,0.856788,0.856788
2.645617,5.660436,3.212529,7.402804,0.931982,0.931982
3.212529,5.660436,2.645617,7.402804,0.931982,0.931982
2.645617,6.213073,3.779451,5.937365,0.974262,0.974262
3.779451,6.213073,2.645617,5.937365,0.974262,0.974262
2.645617,6.582853,4.157404,5.435118,0.882243,0.882243
4.157404,6.582853,2.645617,5.435118,0.882243,0.882243
2.645617,7.510838,5.102263,5.173466,0.797249,0.797249
5.102263,7.510838,2.645617,5.173466,0.797249,0.797249
2.645617,8.442567,6.047121,5.152289,0.796382,0.796382
6.047121,8.442567,2.645617,5.152289,0.796382,0.796382
3.023562,6.023799,3.212529,6.921052,1.970205,1.970205
3.212529,6.023799,3.023562,6.921052,1.970205,1.970205
3.023562,6.574117,3.779451,5.839609,2.394003,2.394003
3.779451,6.574117,3.023562,5.839609,2.394003,2.394003
3.023562,6.942486,4.157404,5.380872,2.344264,2.344264
4.157404,6.942486,3.023562,5.380872,2.344264,2.344264
3.023562,7.867361,5.102263,5.131997,2.270545,2.270545
5.102263,7.867361,3.023562,5.131997,2.270545,2.270545
3.023562,8.796485,6.047121,5.107812,2.266165,2.266165
6.047121,8.796485,3.023562,5.107812,2.266165,2.266165
3.779451,7.301340,3.779452,5.609941,4.384372,4.384372
3.779452,7.301340,3.779451,5.609941,4.384372,4.384372
3.779452,7.667040,4.157404,5.318849,4.500935,4.500935
4.157404,7.667040,3.779452,5.318849,4.500935,4.500935
3.779452,8.585907,5.102263,5.161657,4.517283,4.517283
5.102263,8.585907,3.779452,5.161657,4.517283,4.517283
3.779452,9.509870,6.047121,5.138405,4.513250,4.513250
6.047121,9.509870,3.779452,5.138405,4.513250,4.513250
4.535343,9.310369,5.102263,5.215981,5.111502,5.111502
5.102263,9.310369,4.535343,5.215981,5.111502,5.111502
4.535343,10.229361,6.047121,5.207981,5.122429,5.122429
6.047121,10.229361,4.535343,5.207981,5.122429,5.122429
5.291233,10.953756,6.047121,5.196608,5.155083,5.155083
6.047121,10.953756,5.291233,5.196608,5.155083,5.155083
