R1,R2,R3,ETriat,E,ENew
1.511777,2.883619,1.511781,17.978612,43.575125,43.575125
1.511781,2.883619,1.511777,17.978612,43.575125,43.575125
1.511781,3.064382,1.700760,16.717308,31.508323,31.508323
1.700760,3.064382,1.511781,16.717308,31.508323,31.508323
1.511781,3.246064,1.889727,15.372621,25.442854,25.442854
1.889727,3.246064,1.511781,15.372621,25.442854,25.442854
1.511781,3.428544,2.078699,13.892026,22.337853,22.337853
2.078699,3.428544,1.511781,13.892026,22.337853,22.337853
1.511781,3.611682,2.267666,12.327738,20.678222,20.678222
2.267666,3.611682,1.511781,12.327738,20.678222,20.678222
1.511781,3.795408,2.456648,10.452321,19.403100,19.403100
2.456648,3.795408,1.511781,10.452321,19.403100,19.403100
1.511781,3.979610,2.645615,8.993029,18.798387,18.798387
2.645615,3.979610,1.511781,8.993029,18.798387,18.798387
1.511781,4.164248,2.834587,7.705582,18.407633,18.407633
2.834587,4.164248,1.511781,7.705582,18.407633,18.407633
1.511781,4.534595,3.212537,5.837417,18.149834,18.149834
3.212537,4.534595,1.511781,5.837417,18.149834,18.149834
1.511781,5.092193,3.779443,4.693704,18.544360,18.544360
3.779443,5.092193,1.511781,4.693704,18.544360,18.544360
1.511781,5.465001,4.157393,4.743572,19.009397,19.009397
4.157393,5.465001,1.511781,4.743572,19.009397,19.009397
1.511781,6.399659,5.102264,5.632095,20.084437,20.084437
5.102264,6.399659,1.511781,5.632095,20.084437,20.084437
1.511781,7.336925,6.047124,5.435211,19.911804,19.911804
6.047124,7.336925,1.511781,5.435211,19.911804,19.911804
1.889726,3.604526,1.889727,13.556322,7.741015,7.741015
1.889727,3.604526,1.889726,13.556322,7.741015,7.741015
1.889726,3.785183,2.078699,12.718117,5.041686,5.041686
2.078699,3.785183,1.889726,12.718117,5.041686,5.041686
1.889726,3.966603,2.267666,11.918791,3.915996,3.915996
2.267666,3.966603,1.889726,11.918791,3.915996,3.915996
1.889726,4.148715,2.456648,11.010315,3.410241,3.410241
2.456648,4.148715,1.889726,11.010315,3.410241,3.410241
1.889726,4.331398,2.645615,9.919203,3.024127,3.024127
2.645615,4.331398,1.889726,9.919203,3.024127,3.024127
1.889726,4.514609,2.834587,8.997960,2.898674,2.898674
2.834587,4.514609,1.889726,8.997960,2.898674,2.898674
1.889726,4.882346,3.212537,7.179102,2.596947,2.596947
3.212537,4.882346,1.889726,7.179102,2.596947,2.596947
1.889726,5.436562,3.779443,5.854946,2.787229,2.787229
3.779443,5.436562,1.889726,5.854946,2.787229,2.787229
1.889726,5.807411,4.157393,5.474758,2.820706,2.820706
4.157393,5.807411,1.889726,5.474758,2.820706,2.820706
1.889726,6.737988,5.102264,5.320857,2.849586,2.849586
5.102264,6.737988,1.889726,5.320857,2.849586,2.849586
1.889726,7.672051,6.047124,5.318563,2.869750,2.869750
6.047124,7.672051,1.889726,5.318563,2.869750,2.869750
2.267666,4.325428,2.267671,11.041521,0.499381,0.499381
2.267671,4.325428,2.267666,11.041521,0.499381,0.499381
2.267671,4.506022,2.456648,10.455586,0.211920,0.211920
2.456648,4.506022,2.267671,10.455586,0.211920,0.211920
2.267671,4.687261,2.645615,9.803867,0.201470,0.201470
2.645615,4.687261,2.267671,9.803867,0.201470,0.201470
2.267671,4.869098,2.834587,8.959559,0.118211,0.118211
2.834587,4.869098,2.267671,8.959559,0.118211,0.118211
2.267671,5.234285,3.212537,7.439359,0.091412,0.091412
3.212537,5.234285,2.267671,7.439359,0.091412,0.091412
2.267671,5.785124,3.779443,5.943031,0.105331,0.105331
3.779443,5.785124,2.267671,5.943031,0.105331,0.105331
2.267671,6.153983,4.157393,5.468176,0.042627,0.042627
4.157393,6.153983,2.267671,5.468176,0.042627,0.042627
2.267671,7.080326,5.102264,5.236171,-0.009887,-0.009887
5.102264,7.080326,2.267671,5.236171,-0.009887,-0.009887
2.267671,8.010990,6.047124,5.220810,-0.003989,-0.003989
6.047124,8.010990,2.267671,5.220810,-0.003989,-0.003989
2.645615,5.046335,2.645617,9.051931,0.336549,0.336549
2.645617,5.046335,2.645615,9.051931,0.336549,0.336549
2.645617,5.226875,2.834587,8.552092,0.590359,0.590359
2.834587,5.226875,2.645617,8.552092,0.590359,0.590359
2.645617,5.589621,3.212537,7.210946,0.738794,0.738794
3.212537,5.589621,2.645617,7.210946,0.738794,0.738794
2.645617,6.137166,3.779443,5.878136,0.914072,0.914072
3.779443,6.137166,2.645617,5.878136,0.914072,0.914072
2.645617,6.504050,4.157393,5.409072,0.855531,0.855531
4.157393,6.504050,2.645617,5.409072,0.855531,0.855531
2.645617,7.426118,5.102264,5.169383,0.792913,0.792913
5.102264,7.426118,2.645617,5.169383,0.792913,0.792913
2.645617,8.353276,6.047124,5.151616,0.795601,0.795601
6.047124,8.353276,2.645617,5.151616,0.795601,0.795601
3.023562,5.947745,3.212537,6.884085,1.932132,1.932132
3.212537,5.947745,3.023562,6.884085,1.932132,1.932132
3.023562,6.492121,3.779443,5.783552,2.337239,2.337239
3.779443,6.492121,3.023562,5.783552,2.337239,2.337239
3.023562,6.857078,4.157393,5.357288,2.320197,2.320197
4.157393,6.857078,3.023562,5.357288,2.320197,2.320197
3.023562,7.774904,5.102264,5.128678,2.267033,2.267033
5.102264,7.774904,3.023562,5.128678,2.267033,2.267033
3.023562,8.698516,6.047124,5.107595,2.265862,2.265862
6.047124,8.698516,3.023562,5.107595,2.265862,2.265862
3.779443,7.209046,3.779452,5.559478,4.333549,4.333549
3.779452,7.209046,3.779443,5.559478,4.333549,4.333549
3.779452,7.570354,4.157393,5.294127,4.475957,4.475957
4.157393,7.570354,3.779452,5.294127,4.475957,4.475957
3.779452,8.479976,5.102264,5.160253,4.515766,4.515766
5.102264,8.479976,3.779452,5.160253,4.515766,4.515766
3.779452,9.396550,6.047124,5.138937,4.513727,4.513727
6.047124,9.396550,3.779452,5.138937,4.513727,4.513727
4.535343,9.193128,5.102264,5.214791,5.110244,5.110244
5.102264,9.193128,4.535343,5.214791,5.110244,5.110244
4.535343,10.102914,6.047124,5.208190,5.122603,5.122603
6.047124,10.102914,4.535343,5.208190,5.122603,5.122603
5.291233,10.815975,6.047124,5.196631,5.155083,5.155083
6.047124,10.815975,5.291233,5.196631,5.155083,5.155083
