R1,R2,R3,ETriat,E,ENew
1.511781,2.997695,1.511782,19.630485,45.688475,45.688475
1.511782,2.997695,1.511781,19.630485,45.688475,45.688475
1.511781,3.185141,1.700749,18.807534,34.056138,34.056138
1.700749,3.185141,1.511781,18.807534,34.056138,34.056138
1.511781,3.372776,1.889734,17.761520,28.249856,28.249856
1.889734,3.372776,1.511781,17.761520,28.249856,28.249856
1.511781,3.560534,2.078701,16.458860,25.256735,25.256735
2.078701,3.560534,1.511781,16.458860,25.256735,25.256735
1.511781,3.748415,2.267668,14.911095,23.532881,23.532881
2.267668,3.748415,1.511781,14.911095,23.532881,23.532881
1.511781,3.936399,2.456635,13.190916,22.332389,22.332389
2.456635,3.936399,1.511781,13.190916,22.332389,22.332389
1.511781,4.124495,2.645625,11.190620,21.118237,21.118237
2.645625,4.124495,1.511781,11.190620,21.118237,21.118237
1.511781,4.312647,2.834592,9.509423,20.282914,20.282914
2.834592,4.312647,1.511781,9.509423,20.282914,20.282914
1.511781,4.689148,3.212526,6.990125,19.321749,19.321749
3.212526,4.689148,1.511781,6.990125,19.321749,19.321749
1.511781,5.254307,3.779450,5.297492,19.152195,19.152195
3.779450,5.254307,1.511781,5.297492,19.152195,19.152195
1.511781,5.631281,4.157402,5.177722,19.446854,19.446854
4.157402,5.631281,1.511781,5.177722,19.446854,19.446854
1.511781,6.574183,5.102260,5.926714,20.380614,20.380614
5.102260,6.574183,1.511781,5.926714,20.380614,20.380614
1.511781,7.517576,6.047118,5.455547,19.932706,19.932706
6.047118,7.517576,1.511781,5.455547,19.932706,19.932706
1.889726,3.747127,1.889734,15.976799,10.446502,10.446502
1.889734,3.747127,1.889726,15.976799,10.446502,10.446502
1.889726,3.934554,2.078701,15.028969,7.557455,7.557455
2.078701,3.934554,1.889726,15.028969,7.557455,7.557455
1.889726,4.122123,2.267668,14.200546,6.331855,6.331855
2.267668,4.122123,1.889726,14.200546,6.331855,6.331855
1.889726,4.309814,2.456635,13.234399,5.714263,5.714263
2.456635,4.309814,1.889726,13.234399,5.714263,5.714263
1.889726,4.497633,2.645625,12.017717,5.166401,5.166401
2.645625,4.497633,1.889726,12.017717,5.166401,5.166401
1.889726,4.685524,2.834592,10.507037,4.430121,4.430121
2.834592,4.685524,1.889726,10.507037,4.430121,4.430121
1.889726,5.061548,3.212526,8.237492,3.661753,3.661753
3.212526,5.061548,1.889726,8.237492,3.661753,3.661753
1.889726,5.626085,3.779450,6.213623,3.149709,3.149709
3.779450,5.626085,1.889726,6.213623,3.149709,3.149709
1.889726,6.002697,4.157402,5.642015,2.991083,2.991083
4.157402,6.002697,1.889726,5.642015,2.991083,2.991083
1.889726,6.944840,5.102260,5.348070,2.878033,2.878033
5.102260,6.944840,1.889726,5.348070,2.878033,2.878033
1.889726,7.887632,6.047118,5.322992,2.874651,2.874651
6.047118,7.887632,1.889726,5.322992,2.874651,2.874651
2.267668,4.496540,2.267671,12.967276,2.470757,2.470757
2.267671,4.496540,2.267668,12.967276,2.470757,2.470757
2.267671,4.683955,2.456635,12.282333,2.062397,2.062397
2.456635,4.683955,2.267671,12.282333,2.062397,2.062397
2.267671,4.871512,2.645625,11.508560,1.918428,1.918428
2.645625,4.871512,2.267671,11.508560,1.918428,1.918428
2.267671,5.059154,2.834592,10.356839,1.522514,1.522514
2.834592,5.059154,2.267671,10.356839,1.522514,1.522514
2.267671,5.434713,3.212526,8.324879,0.981287,0.981287
3.212526,5.434713,2.267671,8.324879,0.981287,0.981287
2.267671,5.998634,3.779450,6.193433,0.359185,0.359185
3.779450,5.998634,2.267671,6.193433,0.359185,0.359185
2.267671,6.374880,4.157402,5.580916,0.157889,0.157889
4.157402,6.374880,2.267671,5.580916,0.157889,0.157889
2.267671,7.316242,5.102260,5.254046,0.008933,0.008933
5.102260,7.316242,2.267671,5.254046,0.008933,0.008933
2.267671,8.258403,6.047118,5.223723,-0.000694,-0.000694
6.047118,8.258403,2.267671,5.223723,-0.000694,-0.000694
2.645617,5.245974,2.645625,10.391934,1.681747,1.681747
2.645625,5.245974,2.645617,10.391934,1.681747,1.681747
2.645617,5.433381,2.834592,9.545384,1.588211,1.588211
2.834592,5.433381,2.645617,9.545384,1.588211,1.588211
2.645617,5.808497,3.212526,8.028800,1.560631,1.560631
3.212526,5.808497,2.645617,8.028800,1.560631,1.560631
2.645617,6.371818,3.779450,6.100787,1.139435,1.139435
3.779450,6.371818,2.645617,6.100787,1.139435,1.139435
2.645617,6.747705,4.157402,5.506639,0.954965,0.954965
4.157402,6.747705,2.645617,5.506639,0.954965,0.954965
2.645617,7.688283,5.102260,5.185404,0.809651,0.809651
5.102260,7.688283,2.645617,5.185404,0.809651,0.809651
2.645617,8.629796,6.047118,5.154214,0.798507,0.798507
6.047118,8.629796,2.645617,5.154214,0.798507,0.798507
3.023562,6.182787,3.212526,7.386442,2.437714,2.437714
3.212526,6.182787,3.023562,7.386442,2.437714,2.437714
3.023562,6.745532,3.779450,5.997803,2.553453,2.553453
3.779450,6.745532,3.023562,5.997803,2.553453,2.553453
3.023562,7.121069,4.157402,5.447098,2.411348,2.411348
4.157402,7.121069,3.023562,5.447098,2.411348,2.411348
3.023562,8.060872,5.102260,5.142226,2.281126,2.281126
5.102260,8.060872,3.023562,5.142226,2.281126,2.281126
3.023562,9.001735,6.047118,5.107393,2.265905,2.265905
6.047118,9.001735,3.023562,5.107393,2.265905,2.265905
3.779450,7.494234,3.779452,5.735292,4.510345,4.510345
3.779452,7.494234,3.779450,5.735292,4.510345,4.510345
3.779452,7.869109,4.157402,5.392340,4.574871,4.574871
4.157402,7.869109,3.779452,5.392340,4.574871,4.574871
3.779452,8.807421,5.102260,5.167567,4.523398,4.523398
5.102260,8.807421,3.779452,5.167567,4.523398,4.523398
3.779452,9.746998,6.047118,5.136570,4.511516,4.511516
6.047118,9.746998,3.779452,5.136570,4.511516,4.511516
4.535343,9.555439,5.102260,5.218808,5.114450,5.114450
5.102260,9.555439,4.535343,5.218808,5.114450,5.114450
4.535343,10.493782,6.047118,5.207136,5.121649,5.121649
6.047118,10.493782,4.535343,5.207136,5.121649,5.121649
5.291233,11.241783,6.047118,5.196524,5.155039,5.155039
6.047118,11.241783,5.291233,5.196524,5.155039,5.155039
