R1,R2,R3,ETriat,E,ENew
1.511780,1.511780,1.511781,36.715856,80.197942,80.197942
1.511781,1.511780,1.511780,36.715856,80.197942,80.197942
1.511781,1.614578,1.700749,35.535005,60.199713,60.199713
1.700749,1.614578,1.511781,35.535005,60.199713,60.199713
1.511781,1.731971,1.889734,33.740918,47.554260,47.554260
1.889734,1.731971,1.511781,33.740918,47.554260,47.554260
1.511781,1.861168,2.078702,31.502205,39.480208,39.480208
2.078702,1.861168,1.511781,31.502205,39.480208,39.480208
1.511781,1.999897,2.267671,29.160888,34.458557,34.458557
2.267671,1.999897,1.511781,29.160888,34.458557,34.458557
1.511781,2.146311,2.456639,26.683162,31.238641,31.238641
2.456639,2.146311,1.511781,26.683162,31.238641,31.238641
1.511781,2.298959,2.645624,22.515433,27.460326,27.460326
2.645624,2.298959,1.511781,22.515433,27.460326,27.460326
1.511781,2.456648,2.834592,17.927385,23.871555,23.871555
2.834592,2.456648,1.511781,17.927385,23.871555,23.871555
1.511781,2.783734,3.212529,11.344362,19.929931,19.929931
3.212529,2.783734,1.511781,11.344362,19.929931,19.929931
1.511781,3.294849,3.779451,6.221821,18.280490,18.280490
3.779451,3.294849,1.511781,6.221821,18.280490,18.280490
1.511781,3.644779,4.157404,4.836031,18.263231,18.263231
4.157404,3.644779,1.511781,4.836031,18.263231,18.263231
1.511781,4.539281,5.102263,4.757787,19.148726,19.148726
5.102263,4.539281,1.511781,4.757787,19.148726,19.148726
1.511781,5.450801,6.047121,5.369124,19.825293,19.825293
6.047121,5.450801,1.511781,5.369124,19.825293,19.825293
1.889734,1.889726,1.889734,28.626703,21.329291,21.329291
1.889734,1.889726,1.889734,28.626703,21.329291,21.329291
1.889726,1.990954,2.078702,26.353091,15.386542,15.386542
2.078702,1.990954,1.889726,26.353091,15.386542,15.386542
1.889726,2.104309,2.267671,23.905572,11.472150,11.472150
2.267671,2.104309,1.889726,23.905572,11.472150,11.472150
1.889726,2.227949,2.456639,21.909742,9.340891,9.340891
2.456639,2.227949,1.889726,21.909742,9.340891,9.340891
1.889726,2.360275,2.645624,20.033032,8.106184,8.106184
2.645624,2.360275,1.889726,20.033032,8.106184,8.106184
1.889726,2.499876,2.834592,18.375049,7.512876,7.512876
2.834592,2.499876,1.889726,18.375049,7.512876,7.512876
1.889726,2.796533,3.212529,13.915220,5.626234,5.626234
3.212529,2.796533,1.889726,13.915220,5.626234,5.626234
1.889726,3.273100,3.779451,8.087138,3.145893,3.145893
3.779451,3.273100,1.889726,8.087138,3.145893,3.145893
1.889726,3.605375,4.157404,6.451114,2.865848,2.865848
4.157404,3.605375,1.889726,6.451114,2.865848,2.865848
1.889726,4.467916,5.102263,5.361534,2.812770,2.812770
5.102263,4.467916,1.889726,5.361534,2.812770,2.812770
1.889726,5.358296,6.047121,5.322574,2.850410,2.850410
6.047121,5.358296,1.889726,5.322574,2.850410,2.850410
2.267671,2.267671,2.267671,19.597091,3.969898,3.969898
2.267671,2.267671,2.267671,19.597091,3.969898,3.969898
2.003921,2.267671,2.456642,20.545754,6.349937,6.349937
2.456642,2.267671,2.003921,20.545754,6.349937,6.349937
2.267671,2.367815,2.456639,17.821269,2.511433,2.511433
2.456639,2.367815,2.267671,17.821269,2.511433,2.511433
2.267671,2.478360,2.645624,16.259772,1.810192,1.810192
2.645624,2.478360,2.267671,16.259772,1.810192,1.810192
2.267671,2.597947,2.834592,14.898735,1.582400,1.582400
2.834592,2.597947,2.267671,14.898735,1.582400,1.582400
2.267671,2.859669,3.212529,12.701229,1.892627,1.892627
3.212529,2.859669,2.267671,12.701229,1.892627,1.892627
2.267671,3.294849,3.779451,8.658334,1.013940,1.013940
3.779451,3.294849,2.267671,8.658334,1.013940,1.013940
2.267671,3.605375,4.157404,6.799106,0.437154,0.437154
4.157404,3.605375,2.267671,6.799106,0.437154,0.437154
2.267671,4.427773,5.102263,5.360693,0.026018,0.026018
5.102263,4.427773,2.267671,5.360693,0.026018,0.026018
2.267671,5.291231,6.047121,5.239394,-0.010928,-0.010928
6.047121,5.291231,2.267671,5.239394,-0.010928,-0.010928
2.645624,2.645617,2.645624,13.226769,0.204462,0.204462
2.645624,2.645617,2.645624,13.226769,0.204462,0.204462
2.645617,2.744989,2.834592,12.086102,0.199258,0.199258
2.834592,2.744989,2.645617,12.086102,0.199258,0.199258
2.645617,2.969932,3.212529,10.295474,0.803320,0.803320
3.212529,2.969932,2.645617,10.295474,0.803320,0.803320
2.645617,3.359249,3.779451,8.637789,2.070810,2.070810
3.779451,3.359249,2.645617,8.637789,2.070810,2.070810
2.645617,3.644779,4.157404,6.783963,1.376377,1.376377
4.157404,3.644779,2.645617,6.783963,1.376377,1.376377
2.645617,4.419700,5.102263,5.328941,0.860518,0.860518
5.102263,4.419700,2.645617,5.328941,0.860518,0.860518
2.645617,5.250580,6.047121,5.176574,0.793607,0.793607
6.047121,5.250580,2.645617,5.176574,0.793607,0.793607
3.023562,3.122335,3.212529,8.437392,1.057477,1.057477
3.212529,3.122335,3.023562,8.437392,1.057477,1.057477
3.023562,3.463924,3.779451,7.140003,2.397212,2.397212
3.779451,3.463924,3.023562,7.140003,2.397212,2.397212
3.023562,3.722336,4.157404,6.641599,2.900756,2.900756
4.157404,3.722336,3.023562,6.641599,2.900756,2.900756
3.023562,4.443874,5.102263,5.323198,2.374576,2.374576
5.102263,4.443874,3.023562,5.323198,2.374576,2.374576
3.023562,5.236960,6.047121,5.140829,2.271456,2.271456
6.047121,5.236960,3.023562,5.140829,2.271456,2.271456
3.779451,3.779451,3.779452,5.521636,3.689115,3.689115
3.779452,3.779451,3.779451,5.521636,3.689115,3.689115
3.779452,3.981907,4.157404,5.477301,4.316681,4.316681
4.157404,3.981907,3.779452,5.477301,4.316681,4.316681
3.779452,4.586240,5.102263,5.306421,4.599502,4.599502
5.102263,4.586240,3.779452,5.306421,4.599502,4.599502
3.779452,5.102259,5.798287,5.198008,4.537404,4.537404
5.798287,5.102259,3.779452,5.198008,4.537404,4.537404
3.779452,5.291231,6.047121,5.179614,4.527517,4.527517
6.047121,5.291231,3.779452,5.179614,4.527517,4.527517
4.535343,4.843751,5.102263,5.221462,5.076073,5.076073
5.102263,4.843751,4.535343,5.221462,5.076073,5.076073
4.535343,5.450801,6.047121,5.222558,5.113236,5.113236
6.047121,5.450801,4.535343,5.222558,5.113236,5.113236
5.291233,5.706846,6.047121,5.193535,5.133097,5.133097
6.047121,5.706846,5.291233,5.193535,5.133097,5.133097
2.722936,2.722906,2.722955,12.223483,0.097699,0.097699
2.722955,2.722906,2.722936,12.223483,0.097699,0.097699
2.722955,2.732434,2.741804,12.112157,0.099130,0.099130
2.741804,2.732434,2.722955,12.112157,0.099130,0.099130
2.722955,2.742028,2.760701,12.003404,0.104247,0.104247
2.760701,2.742028,2.722955,12.003404,0.104247,0.104247
2.722906,2.732434,2.741852,12.112157,0.099130,0.099130
2.741852,2.732434,2.722906,12.112157,0.099130,0.099130
2.741833,2.741804,2.741852,11.990398,0.089894,0.089894
2.741852,2.741804,2.741833,11.990398,0.089894,0.089894
2.741852,2.751330,2.760701,11.883194,0.096312,0.096312
2.760701,2.751330,2.741852,11.883194,0.096312,0.096312
2.722906,2.742028,2.760749,12.003404,0.104247,0.104247
2.760749,2.742028,2.722906,12.003404,0.104247,0.104247
2.741804,2.751330,2.760749,11.883194,0.096312,0.096312
2.760749,2.751330,2.741804,11.883194,0.096312,0.096312
2.760730,2.760701,2.760749,11.763979,0.090458,0.090458
2.760749,2.760701,2.760730,11.763979,0.090458,0.090458
