R1,R2,R3,ETriat,E,ENew
1.511781,2.841227,1.511787,17.927134,43.349805,43.349805
1.511787,2.841227,1.511781,17.927134,43.349805,43.349805
1.511781,3.019487,1.700755,16.506440,31.120821,31.120821
1.700755,3.019487,1.511781,16.506440,31.120821,31.120821
1.511781,3.198978,1.889723,15.063549,24.966456,24.966456
1.889723,3.198978,1.511781,15.063549,24.966456,24.966456
1.511781,3.379519,2.078705,13.496282,21.795411,21.795411
2.078705,3.379519,1.511781,13.496282,21.795411,21.795411
1.511781,3.560919,2.267672,11.903163,20.135433,20.135433
2.267672,3.560919,1.511781,11.903163,20.135433,20.135433
1.511781,3.743077,2.456642,10.093372,18.956883,18.956883
2.456642,3.743077,1.511781,10.093372,18.956883,18.956883
1.511781,3.925870,2.645610,8.661928,18.408457,18.408457
2.645610,3.925870,1.511781,8.661928,18.408457,18.408457
1.511781,4.109238,2.834592,7.409130,18.075031,18.075031
2.834592,4.109238,1.511781,7.409130,18.075031,18.075031
1.511781,4.477360,3.212542,5.639918,17.941773,17.941773
3.212542,4.477360,1.511781,5.639918,17.941773,17.941773
1.511781,5.032266,3.779460,4.577078,18.426020,18.426020
3.779460,5.032266,1.511781,4.577078,18.426020,18.426020
1.511781,5.403586,4.157397,4.651921,18.916468,18.916468
4.157397,5.403586,1.511781,4.651921,18.916468,18.916468
1.511781,6.335326,5.102265,5.562977,20.014664,20.014664
5.102265,6.335326,1.511781,5.562977,20.014664,20.014664
1.511781,7.270445,6.047120,5.430591,19.906948,19.906948
6.047120,7.270445,1.511781,5.430591,19.906948,19.906948
1.889723,3.551517,1.889726,13.148285,7.207983,7.207983
1.889726,3.551517,1.889723,13.148285,7.207983,7.207983
1.889726,3.729664,2.078705,12.316426,4.545123,4.545123
2.078705,3.729664,1.889726,12.316426,4.545123,4.545123
1.889726,3.908811,2.267672,11.501616,3.433137,3.433137
2.267672,3.908811,1.889726,11.501616,3.433137,3.433137
1.889726,4.088853,2.456642,10.585178,2.943556,2.943556
2.456642,4.088853,1.889726,10.585178,2.943556,2.943556
1.889726,4.269656,2.645610,9.597538,2.678428,2.678428
2.645610,4.269656,1.889726,9.597538,2.678428,2.678428
1.889726,4.451155,2.834592,8.705463,2.593391,2.593391
2.834592,4.451155,1.889726,8.705463,2.593391,2.593391
1.889726,4.815864,3.212542,6.961272,2.375746,2.375746
3.212542,4.815864,1.889726,6.961272,2.375746,2.375746
1.889726,5.366355,3.779460,5.767161,2.697985,2.697985
3.779460,5.366355,1.889726,5.767161,2.697985,2.697985
1.889726,5.735124,4.157397,5.432922,2.777602,2.777602
4.157397,5.735124,1.889726,5.432922,2.777602,2.777602
1.889726,6.661560,5.102265,5.314150,2.842344,2.842344
5.102265,6.661560,1.889726,5.314150,2.842344,2.842344
1.889726,7.592530,6.047120,5.317506,2.868493,2.868493
6.047120,7.592530,1.889726,5.317506,2.868493,2.868493
2.267671,4.261825,2.267672,10.650511,0.083042,0.083042
2.267672,4.261825,2.267671,10.650511,0.083042,0.083042
2.267671,4.439876,2.456642,10.089331,-0.168209,-0.168209
2.456642,4.439876,2.267671,10.089331,-0.168209,-0.168209
2.267671,4.618784,2.645610,9.470792,-0.138809,-0.138809
2.645610,4.618784,2.267671,9.470792,-0.138809,-0.138809
2.267671,4.798481,2.834592,8.701064,-0.144056,-0.144056
2.834592,4.798481,2.267671,8.701064,-0.144056,-0.144056
2.267671,5.159847,3.212542,7.247472,-0.102253,-0.102253
3.212542,5.159847,2.267671,7.247472,-0.102253,-0.102253
2.267671,5.705919,3.779460,5.878550,0.039461,0.039461
3.779460,5.705919,2.267671,5.878550,0.039461,0.039461
2.267671,6.072087,4.157397,5.438818,0.012185,0.012185
4.157397,6.072087,2.267671,5.438818,0.012185,0.012185
2.267671,6.993003,5.102265,5.231731,-0.014744,-0.014744
5.102265,6.993003,2.267671,5.231731,-0.014744,-0.014744
2.267671,7.919554,6.047120,5.220153,-0.004813,-0.004813
6.047120,7.919554,2.267671,5.220153,-0.004813,-0.004813
2.645610,4.972127,2.645617,8.761086,0.043277,0.043277
2.645617,4.972127,2.645610,8.761086,0.043277,0.043277
2.645617,5.150119,2.834592,8.307848,0.344268,0.344268
2.834592,5.150119,2.645617,8.307848,0.344268,0.344268
2.645617,5.508284,3.212542,7.038001,0.564254,0.564254
3.212542,5.508284,2.645617,7.038001,0.564254,0.564254
2.645617,6.050037,3.779460,5.820398,0.855184,0.855184
3.779460,6.050037,2.645617,5.820398,0.855184,0.855184
2.645617,6.413620,4.157397,5.383579,0.829209,0.829209
4.157397,6.413620,2.645617,5.383579,0.829209,0.829209
2.645617,7.328948,5.102265,5.165584,0.788793,0.788793
5.102265,7.328948,2.645617,5.165584,0.788793,0.788793
2.645617,8.250930,6.047120,5.151014,0.794864,0.794864
6.047120,8.250930,2.645617,5.151014,0.794864,0.794864
3.023562,5.860379,3.212542,6.837153,1.883824,1.883824
3.212542,5.860379,3.023562,6.837153,1.883824,1.883824
3.023562,6.397973,3.779460,5.751925,2.304759,2.304759
3.779460,6.397973,3.023562,5.751925,2.304759,2.304759
3.023562,6.759030,4.157397,5.333997,2.296303,2.296303
4.157397,6.759030,3.023562,5.333997,2.296303,2.296303
3.023562,7.668805,5.102265,5.125541,2.263650,2.263650
5.102265,7.668805,3.023562,5.125541,2.263650,2.263650
3.023562,8.586154,6.047120,5.107357,2.265515,2.265515
6.047120,8.586154,3.023562,5.107357,2.265515,2.265515
3.779452,7.103052,3.779460,5.508811,4.282467,4.282467
3.779460,7.103052,3.779452,5.508811,4.282467,4.282467
3.779452,7.459321,4.157397,5.337588,4.519105,4.519105
4.157397,7.459321,3.779452,5.337588,4.519105,4.519105
3.779452,8.358336,5.102265,5.159009,4.514378,4.514378
5.102265,8.358336,3.779452,5.159009,4.514378,4.514378
3.779452,9.266472,6.047120,5.139354,4.514074,4.514074
6.047120,9.266472,3.779452,5.139354,4.514074,4.514074
4.535343,9.058462,5.102265,5.213532,5.108900,5.108900
5.102265,9.058462,4.535343,5.213532,5.108900,5.108900
4.535343,9.957695,6.047120,5.208321,5.122690,5.122690
6.047120,9.957695,4.535343,5.208321,5.122690,5.122690
5.291233,10.657702,6.047120,5.196617,5.155039,5.155039
6.047120,10.657702,5.291233,5.196617,5.155039,5.155039
