R1,R2,R3,ETriat,E,ENew
2.199642,4.006603,2.282033,10.173849,-0.490838,-0.490838
2.282033,4.006603,2.199642,10.173849,-0.490838,-0.490838
2.282033,4.185830,2.399946,9.607879,-0.877950,-0.877950
2.399946,4.185830,2.282033,9.607879,-0.877950,-0.877950
2.282033,4.366898,2.600265,9.006013,-0.822661,-0.822661
2.600265,4.366898,2.282033,9.006013,-0.822661,-0.822661
2.282033,4.549587,2.800580,8.336483,-0.674182,-0.674182
2.800580,4.549587,2.282033,8.336483,-0.674182,-0.674182
2.282033,4.733686,3.000884,7.670573,-0.506493,-0.506493
3.000884,4.733686,2.282033,7.670573,-0.506493,-0.506493
2.282033,4.917296,3.199298,6.915081,-0.492096,-0.492096
3.199298,4.917296,2.282033,6.915081,-0.492096,-0.492096
2.282033,5.104169,3.400022,6.444418,-0.288978,-0.288978
3.400022,5.104169,2.282033,6.444418,-0.288978,-0.288978
2.282033,5.291389,3.600027,6.038175,-0.161445,-0.161445
3.600027,5.291389,2.282033,6.038175,-0.161445,-0.161445
2.282033,5.479497,3.800021,5.715102,-0.097743,-0.097743
3.800021,5.479497,2.282033,5.715102,-0.097743,-0.097743
2.282033,5.668435,4.000026,5.490364,-0.068342,-0.068342
4.000026,5.668435,2.282033,5.490364,-0.068342,-0.068342
2.282033,5.858092,4.200020,5.353143,-0.054292,-0.054292
4.200020,5.858092,2.282033,5.353143,-0.054292,-0.054292
2.282033,6.048414,4.400014,5.279064,-0.046443,-0.046443
4.400014,6.048414,2.282033,5.279064,-0.046443,-0.046443
2.282033,6.239357,4.600019,5.243540,-0.040936,-0.040936
4.600019,6.239357,2.282033,5.243540,-0.040936,-0.040936
2.282033,6.430848,4.800028,5.228321,-0.036209,-0.036209
4.800028,6.430848,2.282033,5.228321,-0.036209,-0.036209
2.282033,6.622845,5.000034,5.222280,-0.031743,-0.031743
5.000034,6.622845,2.282033,5.222280,-0.031743,-0.031743
2.282033,6.815288,5.200027,5.219939,-0.027233,-0.027233
5.200027,6.815288,2.282033,5.219939,-0.027233,-0.027233
2.282033,7.008169,5.400033,5.218869,-0.022766,-0.022766
5.400033,7.008169,2.282033,5.218869,-0.022766,-0.022766
2.282033,7.201423,5.600027,5.218032,-0.018690,-0.018690
5.600027,7.201423,2.282033,5.218032,-0.018690,-0.018690
2.282033,7.395036,5.800021,5.217219,-0.015134,-0.015134
5.800021,7.395036,2.282033,5.217219,-0.015134,-0.015134
2.282033,7.588995,6.000026,5.216399,-0.012185,-0.012185
6.000026,7.588995,2.282033,5.216399,-0.012185,-0.012185
2.282033,8.075173,6.500037,5.214820,-0.006938,-0.006938
6.500037,8.075173,2.282033,5.214820,-0.006938,-0.006938
2.282033,8.562932,7.000033,5.214084,-0.003686,-0.003686
7.000033,8.562932,2.282033,5.214084,-0.003686,-0.003686
2.282033,9.052038,7.500045,5.213882,-0.001561,-0.001561
7.500045,9.052038,2.282033,5.213882,-0.001561,-0.001561
2.282033,9.542263,8.000041,5.213904,-0.000130,-0.000130
8.000041,9.542263,2.282033,5.213904,-0.000130,-0.000130
2.282033,10.033452,8.500037,5.213974,0.000824,0.000824
8.500037,10.033452,2.282033,5.213974,0.000824,0.000824
2.282033,10.525483,9.000048,5.214096,0.001518,0.001518
9.000048,10.525483,2.282033,5.214096,0.001518,0.001518
2.282033,11.018220,9.500044,5.214237,0.002038,0.002038
9.500044,11.018220,2.282033,5.214237,0.002038,0.002038
2.282033,11.511582,10.000041,5.214370,0.002428,0.002428
10.000041,11.511582,2.282033,5.214370,0.002428,0.002428
