R1,R2,R3,ETriat,E,ENew
1.511781,1.511776,2.476758,23.759078,47.843282,47.843282
2.476758,1.511776,1.511781,23.759078,47.843282,47.843282
1.700749,1.511781,2.551270,23.101351,35.882765,35.882765
2.551270,1.511781,1.700749,23.101351,35.882765,35.882765
1.511781,1.345858,2.267666,29.256315,72.312741,72.312741
2.267666,1.345858,1.511781,29.256315,72.312741,72.312741
1.511781,1.495353,2.456648,24.005948,49.480450,49.480450
2.456648,1.495353,1.511781,24.005948,49.480450,49.480450
1.511781,1.652946,2.645615,20.299739,35.592529,35.592529
2.645615,1.652946,1.511781,20.299739,35.592529,35.592529
1.511781,1.816526,2.834587,17.310869,27.371690,27.371690
2.834587,1.816526,1.511781,17.310869,27.371690,27.371690
1.511781,2.156200,3.212537,12.773916,20.142371,20.142371
3.212537,2.156200,1.511781,12.773916,20.142371,20.142371
1.511781,2.684941,3.779443,7.954177,17.646593,17.646593
3.779443,2.684941,1.511781,7.954177,17.646593,17.646593
1.511781,3.045087,4.157393,5.975470,17.523352,17.523352
4.157393,3.045087,1.511781,5.975470,17.523352,17.523352
1.511781,3.959990,5.102264,4.431976,18.525367,18.525367
5.102264,3.959990,1.511781,4.431976,18.525367,18.525367
1.511781,4.886299,6.047124,5.180408,19.621135,19.621135
6.047124,4.886299,1.511781,5.180408,19.621135,19.621135
1.889726,1.889721,3.095943,15.206556,7.797995,7.797995
3.095943,1.889721,1.889726,15.206556,7.797995,7.797995
1.889726,1.301077,2.267666,32.131458,65.611294,65.611294
2.267666,1.301077,1.889726,32.131458,65.611294,65.611294
1.889726,1.414402,2.456648,26.227780,43.281160,43.281160
2.456648,1.414402,1.889726,26.227780,43.281160,43.281160
1.889726,1.542621,2.645615,21.743653,26.977206,26.977206
2.645615,1.542621,1.889726,21.743653,26.977206,26.977206
1.889726,1.682320,2.834587,18.267785,15.997499,15.997499
2.834587,1.682320,1.889726,18.267785,15.997499,15.997499
1.889726,1.986357,3.212537,13.899699,5.516739,5.516739
3.212537,1.986357,1.889726,13.899699,5.516739,5.516739
1.889726,2.480787,3.779443,10.034650,2.098433,2.098433
3.779443,2.480787,1.889726,10.034650,2.098433,2.098433
1.889726,2.825585,4.157393,8.224296,1.959104,1.959104
4.157393,2.825585,1.889726,8.224296,1.959104,1.959104
1.889726,4.157397,5.563714,5.364827,2.706268,2.706268
5.563714,4.157397,1.889726,5.364827,2.706268,2.706268
1.889726,3.715890,5.102264,5.673701,2.487539,2.487539
5.102264,3.715890,1.889726,5.673701,2.487539,2.487539
1.889726,4.627870,6.047124,5.298195,2.793516,2.793516
6.047124,4.627870,1.889726,5.298195,2.793516,2.793516
2.267666,1.363802,2.267671,28.339134,49.038050,49.038050
2.267671,1.363802,2.267666,28.339134,49.038050,49.038050
2.267671,2.267667,3.715128,10.566061,-0.575052,-0.575052
3.715128,2.267667,2.267671,10.566061,-0.575052,-0.575052
2.267671,1.432016,2.456648,26.245778,38.459200,38.459200
2.456648,1.432016,2.267671,26.245778,38.459200,38.459200
2.267671,1.520794,2.645615,22.589822,26.777558,26.777558
2.645615,1.520794,2.267671,22.589822,26.777558,26.777558
2.267671,1.626751,2.834587,18.906588,16.623113,16.623113
2.834587,1.626751,2.267671,18.906588,16.623113,16.623113
2.267671,1.878221,3.212537,13.971055,4.435976,4.435976
3.212537,1.878221,2.267671,13.971055,4.435976,4.435976
2.267671,2.320642,3.779443,10.267570,-0.748855,-0.748855
3.779443,2.320642,2.267671,10.267570,-0.748855,-0.748855
2.267671,3.779443,5.409088,5.731799,-0.113180,-0.113180
5.409088,3.779443,2.267671,5.731799,-0.113180,-0.113180
2.267671,2.642156,4.157393,8.852637,-0.914462,-0.914462
4.157393,2.642156,2.267671,8.852637,-0.914462,-0.914462
2.267671,3.495689,5.102264,6.203294,-0.256585,-0.256585
5.102264,3.495689,2.267671,6.203294,-0.256585,-0.256585
2.267671,4.386813,6.047124,5.286223,-0.040806,-0.040806
6.047124,4.386813,2.267671,5.286223,-0.040806,-0.040806
2.645615,1.591112,2.645617,20.689319,20.638630,20.638630
2.645617,1.591112,2.645615,20.689319,20.638630,20.638630
2.645618,2.645617,4.334328,8.205678,-0.596777,-0.596777
4.334328,2.645617,2.645618,8.205678,-0.596777,-0.596777
2.645617,1.657746,2.834587,19.028692,15.998063,15.998063
2.834587,1.657746,2.645617,19.028692,15.998063,15.998063
2.645617,1.842688,3.212537,13.914818,5.993138,5.993138
3.212537,1.842688,2.645617,13.914818,5.993138,5.993138
2.645617,2.214078,3.779443,9.888336,-0.221807,-0.221807
3.779443,2.214078,2.645617,9.888336,-0.221807,-0.221807
3.779452,2.645617,4.613409,5.971777,0.959778,0.959778
4.613409,2.645617,3.779452,5.971777,0.959778,0.959778
2.645617,2.502745,4.157393,8.632798,-0.741700,-0.741700
4.157393,2.502745,2.645617,8.632798,-0.741700,-0.741700
2.645617,3.304169,5.102264,6.468355,0.301944,0.301944
5.102264,3.304169,2.645617,6.468355,0.301944,0.301944
2.645617,4.166145,6.047124,5.314070,0.760693,0.760693
6.047124,4.166145,2.645617,5.314070,0.760693,0.760693
3.023562,1.883871,3.212537,13.436017,6.175440,6.175440
3.212537,1.883871,3.023562,13.436017,6.175440,6.175440
3.023562,2.169007,3.779443,9.226273,0.732420,0.732420
3.779443,2.169007,3.023562,9.226273,0.732420,0.732420
3.023562,2.414988,4.157393,8.058473,-0.029097,-0.029097
4.157393,2.414988,3.023562,8.058473,-0.029097,-0.029097
3.023562,3.146571,5.102264,6.547618,1.336829,1.336829
5.102264,3.146571,3.023562,6.547618,1.336829,1.336829
4.962088,3.023562,5.102258,5.242180,2.346519,2.346519
5.102258,3.023562,4.962088,5.242180,2.346519,2.346519
3.023562,5.102264,7.271327,5.118499,2.255411,2.255411
7.271327,5.102264,3.023562,5.118499,2.255411,2.255411
3.023562,3.969268,6.047124,5.405219,2.206149,2.206149
6.047124,3.969268,3.023562,5.405219,2.206149,2.206149
3.779443,2.273004,3.779452,7.618317,1.186225,1.186225
3.779452,2.273004,3.779443,7.618317,1.186225,1.186225
3.779461,3.779452,6.191897,5.299433,4.066036,4.066036
6.191897,3.779452,3.779461,5.299433,4.066036,4.066036
3.779452,2.413727,4.157393,6.566819,0.692612,0.692612
4.157393,2.413727,3.779452,6.566819,0.692612,0.692612
3.779452,2.953763,5.102264,5.668901,1.919209,1.919209
5.102264,2.953763,3.779452,5.668901,1.919209,1.919209
3.779452,5.102263,7.720175,5.156682,4.510952,4.510952
7.720175,5.102263,3.779452,5.156682,4.510952,4.510952
3.779452,3.661800,6.047124,5.327520,3.875928,3.875928
6.047124,3.661800,3.779452,5.327520,3.875928,3.875928
4.535343,2.948094,5.102264,5.313672,2.080393,2.080393
5.102264,2.948094,4.535343,5.313672,2.080393,2.080393
5.102260,4.535343,7.653808,5.207895,5.101355,5.101355
7.653808,4.535343,5.102260,5.207895,5.101355,5.101355
4.535343,3.493597,6.047124,5.173495,3.864176,3.864176
6.047124,3.493597,4.535343,5.173495,3.864176,3.864176
6.047118,4.535343,7.868775,5.210528,5.123037,5.123037
7.868775,4.535343,6.047118,5.210528,5.123037,5.123037
5.291233,3.484881,6.047124,5.145977,3.857108,3.857108
6.047124,3.484881,5.291233,5.145977,3.857108,3.857108
5.291233,6.047116,9.571291,5.196683,5.154779,5.154779
9.571291,6.047116,5.291233,5.196683,5.154779,5.154779
2.282033,4.200020,5.858092,5.353143,-0.054292,-0.054292
5.858092,4.200020,2.282033,5.353143,-0.054292,-0.054292
2.662869,2.662813,4.364941,8.124794,-0.537325,-0.537325
4.364941,2.662813,2.662869,8.124794,-0.537325,-0.537325
2.662869,2.681710,4.380443,8.082550,-0.502373,-0.502373
4.380443,2.681710,2.662869,8.082550,-0.502373,-0.502373
2.662813,2.681767,4.380449,8.082543,-0.502373,-0.502373
4.380449,2.681767,2.662813,8.082543,-0.502373,-0.502373
2.681767,2.681710,4.395924,8.040385,-0.467595,-0.467595
4.395924,2.681710,2.681767,8.040385,-0.467595,-0.467595
2.681767,2.700608,4.411425,7.999075,-0.431256,-0.431256
4.411425,2.700608,2.681767,7.999075,-0.431256,-0.431256
2.681710,2.700658,4.411416,7.999098,-0.431256,-0.431256
4.411416,2.700658,2.681710,7.999098,-0.431256,-0.431256
2.700658,2.700608,4.426891,7.957850,-0.395090,-0.395090
4.426891,2.700608,2.700658,7.957850,-0.395090,-0.395090
