R1,R2,R3,ETriat,E,ENew
1.511781,2.137981,1.511781,35.771406,59.811084,59.811084
1.511781,2.137981,1.511781,35.771406,59.811084,59.811084
1.511781,2.275532,1.700754,32.603184,44.849857,44.849857
1.700754,2.275532,1.511781,32.603184,44.849857,44.849857
1.511781,2.420030,1.889726,28.432634,35.448733,35.448733
1.889726,2.420030,1.511781,28.432634,35.448733,35.448733
1.511781,2.570305,2.078699,24.302743,29.542150,29.542150
2.078699,2.570305,1.511781,24.302743,29.542150,29.542150
1.511781,2.725402,2.267671,20.604286,25.857068,25.857068
2.267671,2.725402,1.511781,20.604286,25.857068,25.857068
1.511781,2.884542,2.456644,16.902586,23.050542,23.050542
2.456644,2.884542,1.511781,16.902586,23.050542,23.050542
1.511781,3.047092,2.645617,13.748155,21.167412,21.167412
2.645617,3.047092,1.511781,13.748155,21.167412,21.167412
1.511781,3.212534,2.834589,11.266417,20.058592,20.058592
2.834589,3.212534,1.511781,11.266417,20.058592,20.058592
1.511781,3.550473,3.212534,7.603510,18.909356,18.909356
3.212534,3.550473,1.511781,7.603510,18.909356,18.909356
1.511781,4.070595,3.779452,5.002766,18.620508,18.620508
3.779452,4.070595,1.511781,5.002766,18.620508,18.620508
1.511781,4.423735,4.157397,4.621193,18.816514,18.816514
4.157397,4.423735,1.511781,4.621193,18.816514,18.816514
1.511781,5.321517,5.102261,5.258408,19.693249,19.693249
5.102261,5.321517,1.511781,5.258408,19.693249,19.693249
1.511781,6.233232,6.047124,5.441989,19.911111,19.911111
6.047124,6.233232,1.511781,5.441989,19.911111,19.911111
1.889726,2.672476,1.889726,23.146274,14.042732,14.042732
1.889726,2.672476,1.889726,23.146274,14.042732,14.042732
1.889726,2.809280,2.078699,20.575690,9.805927,9.805927
2.078699,2.809280,1.889726,20.575690,9.805927,9.805927
1.889726,2.951847,2.267671,18.046730,7.290895,7.290895
2.267671,2.951847,1.889726,18.046730,7.290895,7.290895
1.889726,3.099381,2.456644,15.708517,5.787462,5.787462
2.456644,3.099381,1.889726,15.708517,5.787462,5.787462
1.889726,3.251208,2.645617,13.583712,4.837094,4.837094
2.645617,3.251208,1.889726,13.583712,4.837094,4.837094
1.889726,3.406752,2.834589,11.722224,4.228175,4.228175
2.834589,3.406752,1.889726,11.722224,4.228175,4.228175
1.889726,3.727123,3.212534,8.561765,3.318439,3.318439
3.212534,3.727123,1.889726,8.561765,3.318439,3.318439
1.889726,3.779451,3.273100,8.087138,3.145893,3.145893
3.273100,3.779451,1.889726,8.087138,3.145893,3.145893
1.889726,4.225556,3.779452,6.192353,2.982757,2.982757
3.779452,4.225556,1.889726,6.192353,2.982757,2.982757
1.889726,4.566730,4.157397,5.625793,2.922525,2.922525
4.157397,4.566730,1.889726,5.625793,2.922525,2.922525
1.889726,5.440968,5.102261,5.357867,2.868883,2.868883
5.102261,5.440968,1.889726,5.357867,2.868883,2.868883
1.889726,6.335516,6.047124,5.327298,2.871181,2.871181
6.047124,6.335516,1.889726,5.327298,2.871181,2.871181
2.267671,3.206972,2.267671,14.854306,2.306234,2.306234
2.267671,3.206972,2.267671,14.854306,2.306234,2.306234
2.267671,3.343267,2.456644,13.297182,1.464103,1.464103
2.456644,3.343267,2.267671,13.297182,1.464103,1.464103
2.267671,3.484483,2.645617,11.873103,1.074563,1.074563
2.645617,3.484483,2.267671,11.873103,1.074563,1.074563
2.267671,3.630045,2.834589,10.583099,0.888140,0.888140
2.834589,3.630045,2.267671,10.583099,0.888140,0.888140
2.267671,3.212530,2.271605,14.784704,2.255541,2.255541
2.271605,3.212530,2.267671,14.784704,2.255541,2.255541
2.267671,3.932265,3.212534,8.104780,0.386504,0.386504
3.212534,3.932265,2.267671,8.104780,0.386504,0.386504
2.267671,4.407561,3.779452,6.144763,0.226274,0.226274
3.779452,4.407561,2.267671,6.144763,0.226274,0.226274
2.267671,4.735640,4.157397,5.573886,0.112053,0.112053
4.157397,4.735640,2.267671,5.573886,0.112053,0.112053
2.267671,5.583493,5.102261,5.269645,0.006852,0.006852
5.102261,5.583493,2.267671,5.269645,0.006852,0.006852
2.267671,6.458331,6.047124,5.230724,-0.000867,-0.000867
6.047124,6.458331,2.267671,5.230724,-0.000867,-0.000867
2.645617,3.741467,2.645617,9.984281,0.627392,0.627392
2.645617,3.741467,2.645617,9.984281,0.627392,0.627392
2.645617,3.877394,2.834589,9.154040,0.754579,0.754579
2.834589,3.877394,2.645617,9.154040,0.754579,0.754579
2.645617,4.161690,3.212534,7.655462,1.003055,1.003055
3.212534,4.161690,2.645617,7.655462,1.003055,1.003055
2.645617,4.613409,3.779452,5.971777,0.959778,0.959778
3.779452,4.613409,2.645617,5.971777,0.959778,0.959778
2.645617,4.927803,4.157397,5.470165,0.887230,0.887230
4.157397,4.927803,2.645617,5.470165,0.887230,0.887230
2.645617,5.747378,5.102261,5.195287,0.803841,0.803841
5.102261,5.747378,2.645617,5.195287,0.803841,0.803841
2.645617,6.600530,6.047124,5.159311,0.797206,0.797206
6.047124,6.600530,2.645617,5.159311,0.797206,0.797206
3.023562,4.411610,3.212534,6.914204,1.879834,1.879834
3.212534,4.411610,3.023562,6.914204,1.879834,1.879834
3.023562,4.840060,3.779452,5.768700,2.289105,2.289105
3.779452,4.840060,3.023562,5.768700,2.289105,2.289105
3.023562,5.140611,4.157397,5.396644,2.334290,2.334290
4.157397,5.140611,3.023562,5.396644,2.334290,2.334290
3.023562,5.930851,5.102261,5.148258,2.273797,2.273797
5.102261,5.930851,3.023562,5.148258,2.273797,2.273797
3.023562,6.047121,5.236960,5.140829,2.271456,2.271456
5.236960,6.047121,3.023562,5.140829,2.271456,2.271456
3.023562,6.760890,6.047124,5.114254,2.267206,2.267206
6.047124,6.760890,3.023562,5.114254,2.267206,2.267206
3.779452,5.344953,3.779452,5.351656,4.103546,4.103546
3.779452,5.344953,3.779452,5.351656,4.103546,4.103546
3.779452,5.618560,4.157397,5.263384,4.427433,4.427433
4.157397,5.618560,3.779452,5.263384,4.427433,4.427433
3.779452,6.349592,5.102261,5.174317,4.521316,4.521316
5.102261,6.349592,3.779452,5.174317,4.521316,4.521316
3.779452,7.131056,6.047124,5.144759,4.515722,4.515722
6.047124,7.131056,3.779452,5.144759,4.515722,4.515722
4.535343,6.826595,5.102261,5.213342,5.103523,5.103523
5.102261,6.826595,4.535343,5.213342,5.103523,5.103523
4.535343,7.558904,6.047124,5.211729,5.123514,5.123514
6.047124,7.558904,4.535343,5.211729,5.123514,5.123514
5.291233,8.035226,6.047124,5.197482,5.154172,5.154172
6.047124,8.035226,5.291233,5.197482,5.154172,5.154172
