R1,R2,R3,ETriat,E,ENew
1.511781,2.793418,1.511793,18.091779,43.319494,43.319494
1.511793,2.793418,1.511781,18.091779,43.319494,43.319494
1.511781,2.968885,1.700764,16.501986,30.913454,30.913454
1.700764,2.968885,1.511781,16.501986,30.913454,30.913454
1.511781,3.145917,1.889735,14.931350,24.638666,24.638666
1.889735,3.145917,1.511781,14.931350,24.638666,24.638666
1.511781,3.324264,2.078706,13.273734,21.397849,21.397849
2.078706,3.324264,1.511781,13.273734,21.397849,21.397849
1.511781,3.503725,2.267676,11.630044,19.717663,19.717663
2.267676,3.503725,1.511781,11.630044,19.717663,19.717663
1.511781,3.684136,2.456647,9.833748,18.587508,18.587508
2.456647,3.684136,1.511781,9.833748,18.587508,18.587508
1.511781,3.865366,2.645618,8.400897,18.071258,18.071258
2.645618,3.865366,1.511781,8.400897,18.071258,18.071258
1.511781,4.047304,2.834589,7.185724,17.803268,17.803268
2.834589,4.047304,1.511781,7.185724,17.803268,17.803268
1.511781,4.412954,3.212530,5.480778,17.767622,17.767622
3.212530,4.412954,1.511781,5.480778,17.767622,17.767622
1.511781,4.964881,3.779443,4.478610,18.325285,18.325285
3.779443,4.964881,1.511781,4.478610,18.325285,18.325285
1.511781,5.334579,4.157384,4.572580,18.835637,18.835637
4.157384,5.334579,1.511781,4.572580,18.835637,18.835637
1.511781,6.263157,5.102265,5.502451,19.953347,19.953347
5.102265,6.263157,1.511781,5.502451,19.953347,19.953347
1.511781,7.195954,6.047119,5.426801,19.902871,19.902871
6.047119,7.195954,1.511781,5.426801,19.902871,19.902871
1.889726,3.491767,1.889735,13.071283,6.977286,6.977286
1.889735,3.491767,1.889726,13.071283,6.977286,6.977286
1.889726,3.667066,2.078706,12.040775,4.149469,4.149469
2.078706,3.667066,1.889726,12.040775,4.149469,4.149469
1.889726,3.843661,2.267676,11.195195,3.040822,3.040822
2.267676,3.843661,1.889726,11.195195,3.040822,3.040822
1.889726,4.021382,2.456647,10.190629,2.492786,2.492786
2.456647,4.021382,1.889726,10.190629,2.492786,2.492786
1.889726,4.200085,2.645618,9.334446,2.381687,2.381687
2.645618,4.200085,1.889726,9.334446,2.381687,2.381687
1.889726,4.379649,2.834589,8.469955,2.339321,2.339321
2.834589,4.379649,1.889726,8.469955,2.339321,2.339321
1.889726,4.740973,3.212530,6.773237,2.182776,2.182776
3.212530,4.740973,1.889726,6.773237,2.182776,2.182776
1.889726,5.287317,3.779443,5.689089,2.618152,2.618152
3.779443,5.287317,1.889726,5.689089,2.618152,2.618152
1.889726,5.653797,4.157384,5.395533,2.738704,2.738704
4.157384,5.653797,1.889726,5.395533,2.738704,2.738704
1.889726,6.575702,5.102265,5.308348,2.835883,2.835883
5.102265,6.575702,1.889726,5.308348,2.835883,2.835883
1.889726,7.503299,6.047119,5.316668,2.867409,2.867409
6.047119,7.503299,1.889726,5.316668,2.867409,2.867409
2.267671,4.190115,2.267676,10.337293,-0.265909,-0.265909
2.267676,4.190115,2.267671,10.337293,-0.265909,-0.265909
2.267671,4.365300,2.456647,9.789478,-0.488323,-0.488323
2.456647,4.365300,2.267671,9.789478,-0.488323,-0.488323
2.267671,4.541591,2.645618,9.192880,-0.427440,-0.427440
2.645618,4.541591,2.267671,9.192880,-0.427440,-0.427440
2.267671,4.718863,2.834589,8.489896,-0.360833,-0.360833
2.834589,4.718863,2.267671,8.489896,-0.360833,-0.360833
2.267671,5.075941,3.212530,7.082445,-0.269551,-0.269551
3.212530,5.075941,2.267671,7.082445,-0.269551,-0.269551
2.267671,5.616679,3.779443,5.819761,-0.021032,-0.021032
3.779443,5.616679,2.267671,5.819761,-0.021032,-0.021032
2.267671,5.979865,4.157384,5.411923,-0.016045,-0.016045
4.157384,5.979865,2.267671,5.411923,-0.016045,-0.016045
2.267671,6.894800,5.102265,5.227872,-0.019124,-0.019124
5.102265,6.894800,2.267671,5.227872,-0.019124,-0.019124
2.267671,7.816836,6.047119,5.219620,-0.005551,-0.005551
6.047119,7.816836,2.267671,5.219620,-0.005551,-0.005551
2.645617,4.888463,2.645618,8.526744,-0.194358,-0.194358
2.645618,4.888463,2.645617,8.526744,-0.194358,-0.194358
2.645617,5.063566,2.834589,8.101012,0.135079,0.135079
2.834589,5.063566,2.645617,8.101012,0.135079,0.135079
2.645617,5.416568,3.212530,6.937985,0.462305,0.462305
3.212530,5.416568,2.645617,6.937985,0.462305,0.462305
2.645617,5.951818,3.779443,5.766712,0.800025,0.800025
3.779443,5.951818,2.645617,5.766712,0.800025,0.800025
2.645617,6.311723,4.157384,5.359826,0.804404,0.804404
4.157384,6.311723,2.645617,5.359826,0.804404,0.804404
2.645617,7.219581,5.102265,5.162214,0.785021,0.785021
5.102265,7.219581,2.645617,5.162214,0.785021,0.785021
2.645617,8.135849,6.047119,5.150532,0.794214,0.794214
6.047119,8.135849,2.645617,5.150532,0.794214,0.794214
3.023562,5.761852,3.212530,6.723620,1.768562,1.768562
3.212530,5.761852,3.023562,6.723620,1.768562,1.768562
3.023562,6.291810,3.779443,5.700113,2.251812,2.251812
3.779443,6.291810,3.023562,5.700113,2.251812,2.251812
3.023562,6.648503,4.157384,5.311966,2.273494,2.273494
4.157384,6.648503,3.023562,5.311966,2.273494,2.273494
3.023562,7.549313,5.102265,5.122685,2.260485,2.260485
5.102265,7.549313,3.023562,5.122685,2.260485,2.260485
3.023562,8.459718,6.047119,5.107103,2.265125,2.265125
6.047119,8.459718,3.023562,5.107103,2.265125,2.265125
3.779443,6.983508,3.779452,5.460664,4.233725,4.233725
3.779452,6.983508,3.779443,5.460664,4.233725,4.233725
3.779452,7.334107,4.157384,5.314800,4.495905,4.495905
4.157384,7.334107,3.779452,5.314800,4.495905,4.495905
3.779452,8.221237,5.102265,5.157978,4.513164,4.513164
5.102265,8.221237,3.779452,5.157978,4.513164,4.513164
3.779452,9.119949,6.047119,5.139660,4.514291,4.514291
6.047119,9.119949,3.779452,5.139660,4.514291,4.514291
4.535343,8.906631,5.102265,5.212298,5.107556,5.107556
5.102265,8.906631,4.535343,5.212298,5.107556,5.107556
4.535343,9.794022,6.047119,5.208379,5.122690,5.122690
6.047119,9.794022,4.535343,5.208379,5.122690,5.122690
5.291233,10.479265,6.047119,5.196654,5.155039,5.155039
6.047119,10.479265,5.291233,5.196654,5.155039,5.155039
