R1,R2,R3,ETriat,E,ENew
1.511781,2.740281,1.511787,18.515884,43.530330,43.530330
1.511787,2.740281,1.511781,18.515884,43.530330,43.530330
1.511781,2.912642,1.700755,16.786392,30.970304,30.970304
1.700755,2.912642,1.511781,16.786392,30.970304,30.970304
1.511781,3.086947,1.889723,15.021819,24.504931,24.504931
1.889723,3.086947,1.511781,15.021819,24.504931,24.504931
1.511781,3.262895,2.078705,13.288613,21.207047,21.207047
2.078705,3.262895,1.511781,13.288613,21.207047,21.207047
1.511781,3.440216,2.267672,11.584119,19.497070,19.497070
2.267672,3.440216,1.511781,11.584119,19.497070,19.497070
1.511781,3.618710,2.456642,9.709608,18.326759,18.326759
2.456642,3.618710,1.511781,9.709608,18.326759,18.326759
1.511781,3.798223,2.645610,8.252173,17.824559,17.824559
2.645610,3.798223,1.511781,8.252173,17.824559,17.824559
1.511781,3.978622,2.834592,7.048060,17.601364,17.601364
2.834592,3.978622,1.511781,7.048060,17.601364,17.601364
1.511781,4.341601,3.212542,5.367895,17.633540,17.633540
3.212542,4.341601,1.511781,5.367895,17.633540,17.633540
1.511781,4.890319,3.779460,4.401123,18.244844,18.244844
3.779460,4.890319,1.511781,4.401123,18.244844,18.244844
1.511781,5.258265,4.157397,4.507582,18.768943,18.768943
4.157397,5.258265,1.511781,4.507582,18.768943,18.768943
1.511781,6.183437,5.102265,5.451578,19.901527,19.901527
5.102265,6.183437,1.511781,5.451578,19.901527,19.901527
1.511781,7.113773,6.047120,5.424110,19.899836,19.899836
6.047120,7.113773,1.511781,5.424110,19.899836,19.899836
1.889723,3.425348,1.889726,13.109813,6.830152,6.830152
1.889726,3.425348,1.889723,13.109813,6.830152,6.830152
1.889726,3.597508,2.078705,11.915878,3.874454,3.874454
2.078705,3.597508,1.889726,11.915878,3.874454,3.874454
1.889726,3.771271,2.267672,11.013733,2.747984,2.747984
2.267672,3.771271,1.889726,11.013733,2.747984,2.747984
1.889726,3.946424,2.456642,10.077711,2.304109,2.304109
2.456642,3.946424,1.889726,10.077711,2.304109,2.304109
1.889726,4.122805,2.645610,9.153997,2.154026,2.154026
2.645610,4.122805,1.889726,9.153997,2.154026,2.154026
1.889726,4.300265,2.834592,8.301910,2.144312,2.144312
2.834592,4.300265,1.889726,8.301910,2.144312,2.144312
1.889726,4.657895,3.212542,6.745282,2.147564,2.147564
3.212542,4.657895,1.889726,6.745282,2.147564,2.147564
1.889726,5.199727,3.779460,5.625048,2.552108,2.552108
3.779460,5.199727,1.889726,5.625048,2.552108,2.552108
1.889726,5.563714,4.157397,5.364827,2.706268,2.706268
4.157397,5.563714,1.889726,5.364827,2.706268,2.706268
1.889726,6.480706,5.102265,5.303866,2.830593,2.830593
5.102265,6.480706,1.889726,5.303866,2.830593,2.830593
1.889726,7.404695,6.047120,5.316100,2.866541,2.866541
6.047120,7.404695,1.889726,5.316100,2.866541,2.866541
2.267671,4.110422,2.267672,10.116528,-0.537021,-0.537021
2.267672,4.110422,2.267671,10.116528,-0.537021,-0.537021
2.267671,4.282424,2.456642,9.567032,-0.740572,-0.740572
2.456642,4.282424,2.267671,9.567032,-0.740572,-0.740572
2.267671,4.455808,2.645610,8.976425,-0.660262,-0.660262
2.645610,4.455808,2.267671,8.976425,-0.660262,-0.660262
2.267671,4.630422,2.834592,8.323068,-0.536197,-0.536197
2.834592,4.630422,2.267671,8.323068,-0.536197,-0.536197
2.267671,4.982785,3.212542,6.949440,-0.405411,-0.405411
3.212542,4.982785,2.267671,6.949440,-0.405411,-0.405411
2.267671,5.517679,3.779460,5.769732,-0.072982,-0.072982
3.779460,5.517679,2.267671,5.769732,-0.072982,-0.072982
2.267671,5.877599,4.157397,5.389102,-0.040459,-0.040459
4.157397,5.877599,2.267671,5.389102,-0.040459,-0.040459
2.267671,6.786007,5.102265,5.224834,-0.022810,-0.022810
5.102265,6.786007,2.267671,5.224834,-0.022810,-0.022810
2.267671,7.703177,6.047120,5.219223,-0.006201,-0.006201
6.047120,7.703177,2.267671,5.219223,-0.006201,-0.006201
2.645610,4.795479,2.645617,8.339323,-0.386678,-0.386678
2.645617,4.795479,2.645610,8.339323,-0.386678,-0.386678
2.645617,4.967396,2.834592,7.933876,-0.035125,-0.035125
2.834592,4.967396,2.645617,7.933876,-0.035125,-0.035125
2.645617,5.314697,3.212542,6.812731,0.334901,0.334901
3.212542,5.314697,2.645617,6.812731,0.334901,0.334901
2.645617,5.842781,3.779460,5.719606,0.751197,0.751197
3.779460,5.842781,2.645617,5.719606,0.751197,0.751197
2.645617,6.198637,4.157397,5.339045,0.782332,0.782332
4.157397,6.198637,2.645617,5.339045,0.782332,0.782332
2.645617,7.098304,5.102265,5.159467,0.781768,0.781768
5.102265,7.098304,2.645617,5.159467,0.781768,0.781768
2.645617,8.008374,6.047120,5.150134,0.793607,0.793607
6.047120,8.008374,2.645617,5.150134,0.793607,0.793607
3.023562,5.652392,3.212542,6.616997,1.659978,1.659978
3.212542,5.652392,3.023562,6.616997,1.659978,1.659978
3.023562,6.173904,3.779460,5.653555,2.203894,2.203894
3.779460,6.173904,3.023562,5.653555,2.203894,2.203894
3.023562,6.525773,4.157397,5.292077,2.252636,2.252636
4.157397,6.525773,3.023562,5.292077,2.252636,2.252636
3.023562,7.416714,5.102265,5.120257,2.257666,2.257666
5.102265,7.416714,3.023562,5.120257,2.257666,2.257666
3.023562,8.319546,6.047120,5.106927,2.264778,2.264778
6.047120,8.319546,3.023562,5.106927,2.264778,2.264778
3.779452,6.850703,3.779460,5.416264,4.188627,4.188627
3.779460,6.850703,3.779452,5.416264,4.188627,4.188627
3.779452,7.194999,4.157397,5.292327,4.472922,4.472922
4.157397,7.194999,3.779452,5.292327,4.472922,4.472922
3.779452,8.068961,5.102265,5.157214,4.512166,4.512166
5.102265,8.068961,3.779452,5.157214,4.512166,4.512166
3.779452,8.957315,6.047120,5.139858,4.514378,4.514378
6.047120,8.957315,3.779452,5.139858,4.514378,4.514378
4.535343,8.737926,5.102265,5.211093,5.106211,5.106211
5.102265,8.737926,4.535343,5.211093,5.106211,5.106211
4.535343,9.612226,6.047120,5.208451,5.122690,5.122690
6.047120,9.612226,4.535343,5.208451,5.122690,5.122690
5.291233,10.281003,6.047120,5.196659,5.154996,5.154996
6.047120,10.281003,5.291233,5.196659,5.154996,5.154996
