R1,R2,R3,ETriat,E,ENew
1.511781,2.042701,1.511788,35.688058,60.292989,60.292989
1.511788,2.042701,1.511781,35.688058,60.292989,60.292989
1.511781,2.174831,1.700762,33.034693,45.419011,45.419011
1.700762,2.174831,1.511781,33.034693,45.419011,45.419011
1.511781,2.314845,1.889718,30.144954,37.006199,37.006199
1.889718,2.314845,1.511781,30.144954,37.006199,37.006199
1.511781,2.461435,2.078691,27.294624,32.200631,32.200631
2.078691,2.461435,1.511781,27.294624,32.200631,32.200631
1.511781,2.613463,2.267665,23.444645,28.269977,28.269977
2.267665,2.613463,1.511781,23.444645,28.269977,28.269977
1.511781,2.770052,2.456638,19.256598,24.938920,24.938920
2.456638,2.770052,1.511781,19.256598,24.938920,24.938920
1.511781,2.930454,2.645612,15.697981,22.650075,22.650075
2.645612,2.930454,1.511781,15.697981,22.650075,22.650075
1.511781,3.094091,2.834585,12.793184,21.144299,21.144299
2.834585,3.094091,1.511781,12.793184,21.144299,21.144299
1.511781,3.429184,3.212532,8.497390,19.477599,19.477599
3.212532,3.429184,1.511781,8.497390,19.477599,19.477599
1.511781,3.946364,3.779453,5.278389,18.778266,18.778266
3.779453,3.946364,1.511781,5.278389,18.778266,18.778266
1.511781,4.298129,4.157400,4.696694,18.852202,18.852202
4.157400,4.298129,1.511781,4.696694,18.852202,18.852202
1.511781,5.193657,5.102269,5.219974,19.651880,19.651880
5.102269,5.193657,1.511781,5.219974,19.651880,19.651880
1.511781,6.104062,6.047118,5.442397,19.909896,19.909896
6.047118,6.104062,1.511781,5.442397,19.909896,19.909896
1.889718,2.553349,1.889726,24.833255,15.299294,15.299294
1.889726,2.553349,1.889718,24.833255,15.299294,15.299294
1.889726,2.684642,2.078691,22.476826,11.210101,11.210101
2.078691,2.684642,1.889726,22.476826,11.210101,11.210101
1.889726,2.822477,2.267665,20.268806,8.986172,8.986172
2.267665,2.822477,1.889726,20.268806,8.986172,8.986172
1.743803,2.456647,1.889726,26.849632,20.790752,20.790752
1.889726,2.456647,1.743803,26.849632,20.790752,20.790752
1.889726,2.965962,2.456638,17.953581,7.505808,7.505808
2.456638,2.965962,1.889726,17.953581,7.505808,7.505808
1.889726,3.114297,2.645612,15.481207,6.234415,6.234415
2.645612,3.114297,1.889726,15.481207,6.234415,6.234415
1.889726,3.266840,2.834585,13.192315,5.248619,5.248619
2.834585,3.266840,1.889726,13.192315,5.248619,5.248619
1.889726,3.582352,3.212532,9.342947,3.799000,3.799000
3.212532,3.582352,1.889726,9.342947,3.799000,3.799000
1.889726,4.075584,3.779453,6.507732,3.203047,3.203047
3.779453,4.075584,1.889726,6.507732,3.203047,3.203047
1.889726,4.414251,4.157400,5.768966,3.035488,3.035488
4.157400,4.414251,1.889726,5.768966,3.035488,3.035488
1.889726,5.284271,5.102269,5.379373,2.887009,2.887009
5.102269,5.284271,1.889726,5.379373,2.887009,2.887009
1.889726,6.176307,6.047118,5.330211,2.872266,2.872266
6.047118,6.176307,1.889726,5.330211,2.872266,2.872266
2.267665,3.064024,2.267671,16.508730,3.422990,3.422990
2.267671,3.064024,2.267665,16.508730,3.422990,3.422990
2.267671,3.194739,2.456638,14.912664,2.571449,2.571449
2.456638,3.194739,2.267671,14.912664,2.571449,2.571449
2.267671,3.331038,2.645612,13.366343,2.111139,2.111139
2.645612,3.331038,2.267671,13.366343,2.111139,2.111139
2.267671,3.472287,2.834585,11.820179,1.737297,1.737297
2.834585,3.472287,2.267671,11.820179,1.737297,1.737297
2.267671,3.767344,3.212532,8.893417,0.943516,0.943516
3.212532,3.767344,2.267671,8.893417,0.943516,0.943516
2.267671,4.234698,3.779453,6.401428,0.419635,0.419635
3.779453,4.234698,2.267671,6.401428,0.419635,0.419635
2.267671,4.558837,4.157400,5.693305,0.212181,0.212181
4.157400,4.558837,2.267671,5.693305,0.212181,0.212181
2.267671,5.399875,5.102269,5.291379,0.024848,0.024848
5.102269,5.399875,2.267671,5.291379,0.024848,0.024848
2.267671,6.270538,6.047118,5.235594,0.002081,0.002081
6.047118,6.270538,2.267671,5.235594,0.002081,0.002081
2.645612,3.574699,2.645617,11.047413,1.346196,1.346196
2.645617,3.574699,2.645612,11.047413,1.346196,1.346196
2.645617,3.704995,2.834585,10.019311,1.344678,1.344678
2.834585,3.704995,2.645617,10.019311,1.344678,1.344678
2.645617,3.979723,3.212532,8.181907,1.383402,1.383402
3.212532,3.979723,2.645617,8.181907,1.383402,1.383402
2.645617,4.420479,3.779453,6.166252,1.119401,1.119401
3.779453,4.420479,2.645617,6.166252,1.119401,1.119401
2.645617,4.729277,4.157400,5.569651,0.975606,0.975606
4.157400,4.729277,2.645617,5.569651,0.975606,0.975606
2.645617,5.538905,5.102269,5.214285,0.818888,0.818888
5.102269,5.538905,2.645617,5.214285,0.818888,0.818888
2.645617,6.385782,6.047118,5.163601,0.799591,0.799591
6.047118,6.385782,2.645617,5.163601,0.799591,0.799591
3.023562,4.215353,3.212532,7.256926,2.148518,2.148518
3.212532,4.215353,3.023562,7.256926,2.148518,2.148518
3.023562,4.629717,3.779453,5.912324,2.416162,2.416162
3.779453,4.629717,3.023562,5.912324,2.416162,2.416162
3.023562,4.922886,4.157400,5.471116,2.401895,2.401895
4.157400,4.922886,3.023562,5.471116,2.401895,2.401895
3.023562,5.699647,5.102269,5.164776,2.286373,2.286373
5.102269,5.699647,3.023562,5.164776,2.286373,2.286373
3.023562,6.520925,6.047118,5.117876,2.269027,2.269027
6.047118,6.520925,3.023562,5.117876,2.269027,2.269027
3.779452,5.106725,3.779453,5.414035,4.160266,4.160266
3.779453,5.106725,3.779452,5.414035,4.160266,4.160266
3.779452,5.369299,4.157400,5.302232,4.461213,4.461213
4.157400,5.369299,3.779452,5.302232,4.461213,4.461213
3.779452,6.079147,5.102269,5.184068,4.527821,4.527821
5.102269,6.079147,3.779452,5.184068,4.527821,4.527821
3.779452,6.846022,6.047118,5.146982,4.516503,4.516503
6.047118,6.846022,3.779452,5.146982,4.516503,4.516503
4.535343,6.524479,5.102269,5.218735,5.106732,5.106732
5.102269,6.524479,4.535343,5.218735,5.106732,5.106732
4.535343,7.235766,6.047118,5.213688,5.124424,5.124424
6.047118,7.235766,4.535343,5.213688,5.124424,5.124424
5.291233,7.680323,6.047118,5.198722,5.154692,5.154692
6.047118,7.680323,5.291233,5.198722,5.154692,5.154692
2.621385,3.539951,2.621428,11.343773,1.378242,1.378242
2.621428,3.539951,2.621385,11.343773,1.378242,1.378242
2.621385,3.552738,2.640325,11.232618,1.368702,1.368702
2.640325,3.552738,2.621385,11.232618,1.368702,1.368702
2.621385,3.565579,2.659223,11.122408,1.360896,1.360896
2.659223,3.565579,2.621385,11.122408,1.360896,1.360896
2.621428,3.552739,2.640280,11.232627,1.368702,1.368702
2.640280,3.552739,2.621428,11.232627,1.368702,1.368702
2.640280,3.565471,2.640325,11.122731,1.359682,1.359682
2.640325,3.565471,2.640280,11.122731,1.359682,1.359682
2.640280,3.578258,2.659223,11.014515,1.353134,1.353134
2.659223,3.578258,2.640280,11.014515,1.353134,1.353134
2.621428,3.565583,2.659195,11.122345,1.360896,1.360896
2.659195,3.565583,2.621428,11.122345,1.360896,1.360896
2.640325,3.578260,2.659195,11.014443,1.353134,1.353134
2.659195,3.578260,2.640325,11.014443,1.353134,1.353134
2.659195,3.590993,2.659223,10.907481,1.347106,1.347106
2.659223,3.590993,2.659195,10.907481,1.347106,1.347106
