R1,R2,R3,ETriat,E,ENew
1.511781,2.229203,1.511788,32.723785,56.531152,56.531152
1.511788,2.229203,1.511781,32.723785,56.531152,56.531152
1.511781,2.371973,1.700762,29.041842,41.362601,41.362601
1.700762,2.371973,1.511781,29.041842,41.362601,41.362601
1.511781,2.520818,1.889718,25.202701,32.490173,32.490173
1.889718,2.520818,1.511781,25.202701,32.490173,32.490173
1.511781,2.674735,2.078691,21.549266,27.170697,27.170697
2.078691,2.674735,1.511781,21.549266,27.170697,27.170697
1.511781,2.832911,2.267665,18.145978,23.832224,23.832224
2.267665,2.832911,1.511781,18.145978,23.832224,23.832224
1.511781,2.994647,2.456638,14.885801,21.479677,21.479677
2.456638,2.994647,1.511781,14.885801,21.479677,21.479677
1.511781,3.159419,2.645612,12.210586,20.059980,20.059980
2.645612,3.159419,1.511781,12.210586,20.059980,20.059980
1.511781,3.326756,2.834585,10.007704,19.190616,19.190616
2.834585,3.326756,1.511781,10.007704,19.190616,19.190616
1.511781,3.667749,3.212532,6.873860,18.442888,18.442888
3.212532,3.667749,1.511781,6.873860,18.442888,18.442888
1.511781,4.191146,3.779453,4.770459,18.469124,18.469124
3.779453,4.191146,1.511781,4.770459,18.469124,18.469124
1.511781,4.545878,4.157400,4.549353,18.769290,18.769290
4.157400,4.545878,1.511781,4.549353,18.769290,18.769290
1.511781,5.446391,5.102269,5.285187,19.722693,19.722693
5.102269,5.446391,1.511781,5.285187,19.722693,19.722693
1.511781,6.359770,6.047118,5.439817,19.910330,19.910330
6.047118,6.359770,1.511781,5.439817,19.910330,19.910330
1.889718,2.786504,1.889726,20.356206,11.704365,11.704365
1.889726,2.786504,1.889718,20.356206,11.704365,11.704365
1.889726,2.928606,2.078691,18.091499,7.808056,7.808056
2.078691,2.928606,1.889726,18.091499,7.808056,7.808056
1.889726,3.075771,2.267665,15.930048,5.666736,5.666736
2.267665,3.075771,1.889726,15.930048,5.666736,5.666736
1.414402,2.456648,1.889726,26.227780,43.281160,43.281160
1.889726,2.456648,1.414402,26.227780,43.281160,43.281160
1.889726,3.227280,2.456638,13.885895,4.438057,4.438057
2.456638,3.227280,1.889726,13.885895,4.438057,4.438057
1.889726,3.382575,2.645612,12.158309,3.842191,3.842191
2.645612,3.382575,1.889726,12.158309,3.842191,3.842191
1.889726,3.541133,2.834585,10.538767,3.413190,3.413190
2.834585,3.541133,1.889726,10.538767,3.413190,3.413190
1.889726,3.866472,3.212532,7.939444,2.915716,2.915716
3.212532,3.866472,1.889726,7.939444,2.915716,2.915716
1.889726,4.370386,3.779453,5.957578,2.805181,2.805181
3.779453,4.370386,1.889726,5.957578,2.805181,2.805181
1.889726,4.714284,4.157400,5.519732,2.832891,2.832891
4.157400,4.714284,1.889726,5.519732,2.832891,2.832891
1.889726,5.593290,5.102269,5.340230,2.854313,2.854313
5.102269,5.593290,1.889726,5.340230,2.854313,2.854313
1.889726,6.490812,6.047118,5.324536,2.869924,2.869924
6.047118,6.490812,1.889726,5.324536,2.869924,2.869924
2.267665,3.343805,2.267671,13.238680,1.156261,1.156261
2.267671,3.343805,2.267665,13.238680,1.156261,1.156261
2.267671,3.485462,2.456638,11.942123,0.528999,0.528999
2.456638,3.485462,2.267671,11.942123,0.528999,0.528999
2.267671,3.631443,2.645612,10.755845,0.314954,0.314954
2.645612,3.631443,2.267671,10.755845,0.314954,0.314954
2.267671,3.781221,2.834585,9.676792,0.267904,0.267904
2.834585,3.781221,2.267671,9.676792,0.267904,0.267904
2.267671,4.090539,3.212532,7.590697,0.021682,0.021682
3.212532,4.090539,2.267671,7.590697,0.021682,0.021682
2.267671,4.573897,3.779453,5.967702,0.082218,0.082218
3.779453,4.573897,2.267671,5.967702,0.082218,0.082218
2.267671,4.906081,4.157400,5.490958,0.038854,0.038854
4.157400,4.906081,2.267671,5.490958,0.038854,0.038854
2.267671,5.761276,5.102269,5.253449,-0.006028,-0.006028
5.102269,5.761276,2.267671,5.253449,-0.006028,-0.006028
2.267671,6.640806,6.047118,5.227082,-0.002992,-0.002992
6.047118,6.640806,2.267671,5.227082,-0.002992,-0.002992
2.645612,3.901106,2.645617,9.232029,0.113918,0.113918
2.645617,3.901106,2.645612,9.232029,0.113918,0.113918
2.645617,4.042440,2.834585,8.556456,0.335031,0.335031
2.834585,4.042440,2.645617,8.556456,0.335031,0.335031
2.645617,4.336023,3.212532,7.303582,0.732507,0.732507
3.212532,4.336023,2.645617,7.303582,0.732507,0.732507
2.645617,4.798591,3.779453,5.841525,0.845687,0.845687
3.779453,4.798591,2.645617,5.841525,0.845687,0.845687
2.645617,5.118639,4.157400,5.402660,0.825826,0.825826
4.157400,5.118639,2.645617,5.402660,0.825826,0.825826
2.645617,5.948562,5.102269,5.181268,0.793173,0.793173
5.102269,5.948562,2.645617,5.181268,0.793173,0.793173
2.645617,6.808498,6.047118,5.156083,0.795428,0.795428
6.047118,6.808498,2.645617,5.156083,0.795428,0.795428
3.023562,4.599497,3.212532,6.693043,1.694063,1.694063
3.212532,4.599497,3.023562,6.693043,1.694063,1.694063
3.023562,5.041637,3.779453,5.673994,2.202333,2.202333
3.779453,5.041637,3.023562,5.673994,2.202333,2.202333
3.023562,5.349485,4.157400,5.345767,2.288281,2.288281
4.157400,5.349485,3.023562,5.345767,2.288281,2.288281
3.023562,6.153387,5.102269,5.136429,2.265125,2.265125
5.102269,6.153387,3.023562,5.136429,2.265125,2.265125
3.023562,6.992615,6.047118,5.111668,2.265948,2.265948
6.047118,6.992615,3.023562,5.111668,2.265948,2.265948
3.779452,5.573008,3.779453,5.314422,4.071023,4.071023
3.779453,5.573008,3.779452,5.314422,4.071023,4.071023
3.779452,5.857226,4.157400,5.239934,4.408266,4.408266
4.157400,5.857226,3.779452,5.239934,4.408266,4.408266
3.779452,6.608992,5.102269,5.167598,4.516936,4.516936
5.102269,6.608992,3.779452,5.167598,4.516936,4.516936
3.779452,7.405118,6.047118,5.143263,4.515245,4.515245
6.047118,7.405118,3.779452,5.143263,4.515245,4.515245
4.535343,7.115906,5.102269,5.210244,5.101918,5.101918
5.102269,7.115906,4.535343,5.210244,5.101918,5.101918
4.535343,7.868775,6.047118,5.210528,5.123037,5.123037
6.047118,7.868775,4.535343,5.210528,5.123037,5.123037
5.291233,8.375095,6.047118,5.197032,5.154215,5.154215
6.047118,8.375095,5.291233,5.197032,5.154215,5.154215
