R1,R2,R3,ETriat,E,ENew
1.511781,1.624569,1.511784,36.378693,72.005116,72.005116
1.511784,1.624569,1.511781,36.378693,72.005116,72.005116
1.511781,1.733438,1.700761,34.785969,53.941750,53.941750
1.700761,1.733438,1.511781,34.785969,53.941750,53.941750
1.511781,1.855220,1.889731,32.755601,43.069586,43.069586
1.889731,1.855220,1.511781,32.755601,43.069586,43.069586
1.511781,1.987534,2.078701,30.359938,36.357602,36.357602
2.078701,1.987534,1.511781,30.359938,36.357602,36.357602
1.511781,2.128418,2.267671,27.933438,32.310082,32.310082
2.267671,2.128418,1.511781,27.933438,32.310082,32.310082
1.511781,2.276281,2.456641,25.449983,29.775059,29.775059
2.456641,2.276281,1.511781,25.449983,29.775059,29.775059
1.511781,2.429846,2.645619,22.410417,27.540159,27.540159
2.645619,2.429846,1.511781,22.410417,27.540159,27.540159
1.511781,2.588104,2.834588,17.762314,24.114177,24.114177
2.834588,2.588104,1.511781,17.762314,24.114177,24.114177
1.511781,2.915614,3.212528,11.129937,20.252516,20.252516
3.212528,2.915614,1.511781,11.129937,20.252516,20.252516
1.511781,3.426422,3.779463,6.107190,18.578531,18.578531
3.779463,3.426422,1.511781,6.107190,18.578531,18.578531
1.511781,3.775858,4.157402,4.831076,18.504075,18.504075
4.157402,3.775858,1.511781,4.831076,18.504075,18.504075
1.511781,4.668918,5.102259,4.882156,19.289659,19.289659
5.102259,4.668918,1.511781,4.882156,19.289659,19.289659
1.511781,5.579068,6.047116,5.400016,19.858770,19.858770
6.047116,5.579068,1.511781,5.400016,19.858770,19.858770
1.597256,1.889723,1.889726,31.508753,34.889683,34.889683
1.889726,1.889723,1.597256,31.508753,34.889683,34.889683
1.889726,2.030700,1.889731,27.562462,18.416003,18.416003
1.889731,2.030700,1.889726,27.562462,18.416003,18.416003
1.889726,2.138184,2.078701,24.965756,12.941717,12.941717
2.078701,2.138184,1.889726,24.965756,12.941717,12.941717
1.889726,2.256399,2.267671,22.776597,9.930990,9.930990
2.267671,2.256399,1.889726,22.776597,9.930990,9.930990
1.889726,2.383750,2.456641,20.789497,8.282199,8.282199
2.456641,2.383750,1.889726,20.789497,8.282199,8.282199
1.889726,2.518845,2.645619,18.967337,7.413746,7.413746
2.645619,2.518845,1.889726,18.967337,7.413746,7.413746
1.889726,2.660516,2.834588,17.364097,7.055385,7.055385
2.834588,2.660516,1.889726,17.364097,7.055385,7.055385
1.889726,2.959753,3.212528,13.629180,6.004369,6.004369
3.212528,2.959753,1.889726,13.629180,6.004369,6.004369
1.889726,3.437817,3.779463,7.881698,3.459632,3.459632
3.779463,3.437817,1.889726,7.881698,3.459632,3.459632
1.889726,3.770224,4.157402,6.332268,3.069572,3.069572
4.157402,3.770224,1.889726,6.332268,3.069572,3.069572
1.889726,4.631894,5.102259,5.378403,2.855614,2.855614
5.102259,4.631894,1.889726,5.378403,2.855614,2.855614
1.889726,5.520852,6.047116,5.329727,2.860948,2.860948
6.047116,5.520852,1.889726,5.329727,2.860948,2.860948
1.916709,2.267671,2.267672,22.441458,9.127496,9.127496
2.267672,2.267671,1.916709,22.441458,9.127496,9.127496
2.267671,2.436841,2.267671,18.582107,3.156864,3.156864
2.267671,2.436841,2.267671,18.582107,3.156864,3.156864
2.267671,2.543375,2.456641,16.851459,1.982130,1.982130
2.456641,2.543375,2.267671,16.851459,1.982130,1.982130
2.267671,2.659077,2.645619,15.276796,1.437000,1.437000
2.645619,2.659077,2.267671,15.276796,1.437000,1.437000
2.267671,2.782821,2.834588,13.900369,1.297324,1.297324
2.834588,2.782821,2.267671,13.900369,1.297324,1.297324
2.267671,3.050435,3.212528,11.943046,1.903164,1.903164
3.212528,3.050435,2.267671,11.943046,1.903164,1.903164
2.267671,3.490343,3.779463,8.215941,1.163156,1.163156
3.779463,3.490343,2.267671,8.215941,1.163156,1.163156
2.267671,3.802337,4.157402,6.517058,0.529346,0.529346
4.157402,3.802337,2.267671,6.517058,0.529346,0.529346
2.267671,4.625557,5.102259,5.346560,0.046356,0.046356
5.102259,4.625557,2.267671,5.346560,0.046356,0.046356
2.267671,5.488106,6.047116,5.242615,-0.003512,-0.003512
6.047116,5.488106,2.267671,5.242615,-0.003512,-0.003512
2.236170,2.645610,2.645617,15.432501,1.562973,1.562973
2.645617,2.645610,2.236170,15.432501,1.562973,1.562973
2.645617,2.842972,2.645619,12.498640,0.259404,0.259404
2.645619,2.842972,2.645617,12.498640,0.259404,0.259404
2.645617,2.948817,2.834588,11.389374,0.330088,0.330088
2.834588,2.948817,2.645617,11.389374,0.330088,0.330088
2.645617,3.183686,3.212528,9.499888,0.834716,0.834716
3.212528,3.183686,2.645617,9.499888,0.834716,0.834716
2.645617,3.582190,3.779463,8.036091,2.082518,2.082518
3.779463,3.582190,2.645617,8.036091,2.082518,2.082518
2.645617,3.871257,4.157402,6.446471,1.426463,1.426463
4.157402,3.871257,2.645617,6.446471,1.426463,1.426463
2.645617,4.650032,5.102259,5.299831,0.870621,0.870621
5.102259,4.650032,2.645617,5.299831,0.870621,0.870621
2.645617,5.481285,6.047116,5.177147,0.799157,0.799157
6.047116,5.481285,2.645617,5.177147,0.799157,0.799157
3.023562,3.354436,3.212528,7.982150,1.414754,1.414754
3.212528,3.354436,3.023562,7.982150,1.414754,1.414754
3.023562,3.710440,3.779463,6.835454,2.666026,2.666026
3.779463,3.710440,3.023562,6.835454,2.666026,2.666026
3.023562,3.975069,4.157402,6.291530,2.907867,2.907867
4.157402,3.975069,3.023562,6.291530,2.907867,2.907867
3.023562,4.704838,5.102259,5.264659,2.354585,2.354585
5.102259,4.704838,3.023562,5.264659,2.354585,2.354585
3.023562,5.500486,6.047116,5.138051,2.274361,2.274361
6.047116,5.500486,3.023562,5.138051,2.274361,2.274361
3.194529,3.779452,3.779460,6.338208,2.941648,2.941648
3.779460,3.779452,3.194529,6.338208,2.941648,2.941648
3.779452,4.061400,3.779463,5.558632,4.064128,4.064128
3.779463,4.061400,3.779452,5.558632,4.064128,4.064128
3.779452,4.276368,4.157402,5.434605,4.476434,4.476434
4.157402,4.276368,3.779452,5.434605,4.476434,4.476434
3.779452,4.900813,5.102259,5.271830,4.589788,4.589788
5.102259,4.900813,3.779452,5.271830,4.589788,4.589788
3.779452,5.615526,6.047116,5.169727,4.524352,4.524352
6.047116,5.615526,3.779452,5.169727,4.524352,4.524352
4.535343,5.200305,5.102259,5.291152,5.157728,5.157728
5.102259,5.200305,4.535343,5.291152,5.157728,5.157728
4.535343,5.827148,6.047116,5.234855,5.132663,5.132663
6.047116,5.827148,4.535343,5.234855,5.132663,5.132663
5.291233,6.125351,6.047116,5.169889,5.116055,5.116055
6.047116,6.125351,5.291233,5.169889,5.116055,5.116055
