R1,R2,R3,ETriat,E,ENew
1.511780,2.618481,1.511781,20.340694,44.887410,44.887410
1.511781,2.618481,1.511780,20.340694,44.887410,44.887410
1.511781,2.783738,1.700749,18.149795,31.809053,31.809053
1.700749,2.783738,1.511781,18.149795,31.809053,31.809053
1.511781,2.951851,1.889734,16.008417,24.955528,24.955528
1.889734,2.951851,1.511781,16.008417,24.955528,24.955528
1.511781,3.122342,2.078702,13.963900,21.372351,21.372351
2.078702,3.122342,1.511781,13.963900,21.372351,21.372351
1.511781,3.294850,2.267671,12.009952,19.470401,19.470401
2.267671,3.294850,1.511781,12.009952,19.470401,19.470401
1.511781,3.469073,2.456639,9.967145,18.212321,18.212321
2.456639,3.469073,1.511781,9.967145,18.212321,18.212321
1.511781,3.644777,2.645624,8.386025,17.676731,17.676731
2.645624,3.644777,1.511781,8.386025,17.676731,17.676731
1.511781,3.821737,2.834592,7.091349,17.448679,17.448679
2.834592,3.821737,1.511781,7.091349,17.448679,17.448679
1.511781,4.178812,3.212529,5.320903,17.513422,17.513422
3.212529,4.178812,1.511781,5.320903,17.513422,17.513422
1.511781,4.720533,3.779451,4.323337,18.156815,18.156815
3.779451,4.720533,1.511781,4.323337,18.156815,18.156815
1.511781,5.084738,4.157404,4.427220,18.684253,18.684253
4.157404,5.084738,1.511781,4.427220,18.684253,18.684253
1.511781,6.002672,5.102263,5.378656,19.826160,19.826160
5.102263,6.002672,1.511781,5.378656,19.826160,19.826160
1.511781,6.927849,6.047121,5.423107,19.897928,19.897928
6.047121,6.927849,1.511781,5.423107,19.897928,19.897928
1.889726,3.273106,1.889734,13.637413,6.874513,6.874513
1.889734,3.273106,1.889726,13.637413,6.874513,6.874513
1.889726,3.438057,2.078702,12.224248,3.771160,3.771160
2.078702,3.438057,1.889726,12.224248,3.771160,3.771160
1.889726,3.605367,2.267671,11.216123,2.626044,2.626044
2.267671,3.605367,1.889726,11.216123,2.626044,2.626044
1.889726,3.774722,2.456639,10.134310,2.125319,2.125319
2.456639,3.774722,1.889726,10.134310,2.125319,2.125319
1.889726,3.945869,2.645624,9.115037,1.958063,1.958063
2.645624,3.945869,1.889726,9.115037,1.958063,1.958063
1.889726,4.118565,2.834592,8.220394,1.966476,1.966476
2.834592,4.118565,1.889726,8.220394,1.966476,1.966476
1.889726,4.467910,3.212529,6.753470,2.126923,2.126923
3.212529,4.467910,1.889726,6.753470,2.126923,2.126923
1.889726,4.999744,3.779451,5.556746,2.478259,2.478259
3.779451,4.999744,1.889726,5.556746,2.478259,2.478259
1.889726,5.358304,4.157404,5.332548,2.669755,2.669755
4.157404,5.358304,1.889726,5.332548,2.669755,2.669755
1.889726,6.264665,5.102263,5.300636,2.825172,2.825172
5.102263,6.264665,1.889726,5.300636,2.825172,2.825172
1.889726,7.180957,6.047121,5.316172,2.865804,2.865804
6.047121,7.180957,1.889726,5.316172,2.865804,2.865804
2.267671,3.927722,2.267671,10.023772,-0.798854,-0.798854
2.267671,3.927722,2.267671,10.023772,-0.798854,-0.798854
2.267671,4.092465,2.456639,9.412456,-1.003142,-1.003142
2.456639,4.092465,2.267671,9.412456,-1.003142,-1.003142
2.267671,4.259231,2.645624,8.769766,-0.930551,-0.930551
2.645624,4.259231,2.267671,8.769766,-0.930551,-0.930551
2.267671,4.427772,2.834592,8.164653,-0.729645,-0.729645
2.834592,4.427772,2.267671,8.164653,-0.729645,-0.729645
2.267671,4.769450,3.212529,6.800400,-0.564731,-0.564731
3.212529,4.769450,2.267671,6.800400,-0.564731,-0.564731
2.267671,5.291232,3.779451,5.709190,-0.138332,-0.138332
3.779451,5.291232,2.267671,5.709190,-0.138332,-0.138332
2.267671,5.643931,4.157404,5.362311,-0.071377,-0.071377
4.157404,5.643931,2.267671,5.362311,-0.071377,-0.071377
2.267671,6.538017,5.102263,5.222445,-0.027016,-0.027016
5.102263,6.538017,2.267671,5.222445,-0.027016,-0.027016
2.267671,7.444656,6.047121,5.219311,-0.006808,-0.006808
6.047121,7.444656,2.267671,5.219311,-0.006808,-0.006808
2.645617,4.582347,2.645624,8.129222,-0.616724,-0.616724
2.645624,4.582347,2.645617,8.129222,-0.616724,-0.616724
2.645617,4.746940,2.834592,7.736436,-0.243836,-0.243836
2.834592,4.746940,2.645617,7.736436,-0.243836,-0.243836
2.645617,5.081217,3.212529,6.861666,0.378092,0.378092
3.212529,5.081217,2.645617,6.861666,0.378092,0.378092
2.645617,5.593078,3.779451,5.655986,0.683028,0.683028
3.779451,5.593078,2.645617,5.655986,0.683028,0.683028
2.645617,5.939880,4.157404,5.311745,0.751457,0.751457
4.157404,5.939880,2.645617,5.311745,0.751457,0.751457
2.645617,6.821363,5.102263,5.156795,0.777649,0.777649
5.102263,6.821363,2.645617,5.156795,0.777649,0.777649
2.645617,7.717858,6.047121,5.149981,0.792869,0.792869
6.047121,7.717858,2.645617,5.149981,0.792869,0.792869
3.023562,5.401441,3.212529,6.475936,1.513841,1.513841
3.212529,5.401441,3.023562,6.475936,1.513841,1.513841
3.023562,5.903692,3.779451,5.585039,2.131520,2.131520
3.779451,5.903692,3.023562,5.585039,2.131520,2.131520
3.023562,6.244684,4.157404,5.263362,2.221110,2.221110
4.157404,6.244684,3.023562,5.263362,2.221110,2.221110
3.023562,7.113509,5.102263,5.117616,2.253893,2.253893
5.102263,7.113509,3.023562,5.117616,2.253893,2.253893
3.023562,7.999591,6.047121,5.106891,2.264257,2.264257
6.047121,7.999591,3.023562,5.106891,2.264257,2.264257
3.779451,6.546203,3.779452,5.343446,4.113650,4.113650
3.779452,6.546203,3.779451,5.343446,4.113650,4.113650
3.779452,6.876115,4.157404,5.253571,4.432637,4.432637
4.157404,6.876115,3.779452,5.253571,4.432637,4.432637
3.779452,7.720175,5.102263,5.156682,4.510952,4.510952
5.102263,7.720175,3.779452,5.156682,4.510952,4.510952
3.779452,8.585264,6.047121,5.140268,4.514465,4.514465
6.047121,8.585264,3.779452,5.140268,4.514465,4.514465
4.535343,8.351223,5.102263,5.208989,5.103696,5.103696
5.102263,8.351223,4.535343,5.208989,5.103696,5.103696
4.535343,9.195803,6.047121,5.208577,5.122603,5.122603
6.047121,9.195803,4.535343,5.208577,5.122603,5.122603
5.291233,9.826575,6.047121,5.196668,5.154866,5.154866
6.047121,9.826575,5.291233,5.196668,5.154866,5.154866
