R1,R2,R3,ETriat,E,ENew
1.511781,3.020692,1.511788,20.863615,47.012729,47.012729
1.511788,3.020692,1.511781,20.863615,47.012729,47.012729
1.511781,3.209496,1.700762,20.068819,35.405066,35.405066
1.700762,3.209496,1.511781,20.068819,35.405066,35.405066
1.511781,3.398301,1.889718,19.091401,29.658019,29.658019
1.889718,3.398301,1.511781,19.091401,29.658019,29.658019
1.511781,3.587140,2.078691,17.835597,26.696727,26.696727
2.078691,3.587140,1.511781,17.835597,26.696727,26.696727
1.511781,3.775992,2.267665,16.463156,25.131586,25.131586
2.267665,3.775992,1.511781,16.463156,25.131586,25.131586
1.511781,3.964856,2.456638,14.885894,24.058671,24.058671
2.456638,3.964856,1.511781,14.885894,24.058671,24.058671
1.511781,4.153730,2.645612,12.537043,22.483687,22.483687
2.645612,4.153730,1.511781,12.537043,22.483687,22.483687
1.511781,4.342612,2.834585,10.530479,21.314547,21.314547
2.834585,4.342612,1.511781,10.530479,21.314547,21.314547
1.511781,4.720399,3.212532,7.618156,19.952480,19.952480
3.212532,4.720399,1.511781,7.618156,19.952480,19.952480
1.511781,5.287123,3.779453,5.576788,19.432241,19.432241
3.779453,5.287123,1.511781,5.576788,19.432241,19.432241
1.511781,5.664961,4.157400,5.354748,19.624517,19.624517
4.157400,5.664961,1.511781,5.354748,19.624517,19.624517
1.511781,6.609610,5.102269,5.987186,20.441367,20.441367
5.102269,6.609610,1.511781,5.987186,20.441367,20.441367
1.511781,7.554295,6.047118,5.462686,19.939948,19.939948
6.047118,7.554295,1.511781,5.462686,19.939948,19.939948
1.889718,3.775847,1.889726,16.907409,11.426054,11.426054
1.889726,3.775847,1.889718,16.907409,11.426054,11.426054
1.889726,3.964648,2.078691,15.863693,8.425431,8.425431
2.078691,3.964648,1.889726,15.863693,8.425431,8.425431
1.889726,4.153467,2.267665,14.903845,7.055688,7.055688
2.267665,4.153467,1.889726,14.903845,7.055688,7.055688
1.889726,4.342298,2.456638,14.208410,6.699843,6.699843
2.456638,4.342298,1.889726,14.208410,6.699843,6.699843
1.889726,4.531141,2.645612,13.113309,6.267936,6.267936
2.645612,4.531141,1.889726,13.113309,6.267936,6.267936
1.889726,4.719995,2.834585,11.416209,5.342242,5.342242
2.834585,4.719995,1.889726,11.416209,5.342242,5.342242
1.889726,5.097729,3.212532,8.665844,4.091144,4.091144
3.212532,5.097729,1.889726,8.665844,4.091144,4.091144
1.889726,5.664383,3.779453,6.328415,3.265231,3.265231
3.779453,5.664383,1.889726,6.328415,3.265231,3.265231
1.889726,6.042181,4.157400,5.693440,3.043077,3.043077
4.157400,6.042181,1.889726,5.693440,3.043077,3.043077
1.889726,6.986745,5.102269,5.356092,2.886272,2.886272
5.102269,6.986745,1.889726,5.356092,2.886272,2.886272
1.889726,7.931363,6.047118,5.324296,2.876038,2.876038
6.047118,7.931363,1.889726,5.324296,2.876038,2.876038
2.267665,4.531019,2.267671,13.421101,2.930764,2.930764
2.267671,4.531019,2.267665,13.421101,2.930764,2.930764
2.267671,4.719820,2.456638,12.777384,2.560564,2.560564
2.456638,4.719820,2.267671,12.777384,2.560564,2.560564
2.267671,4.908635,2.645612,12.208022,2.619496,2.619496
2.645612,4.908635,2.267671,12.208022,2.619496,2.619496
2.267671,5.097460,2.834585,11.176584,2.343310,2.343310
2.834585,5.097460,2.267671,11.176584,2.343310,2.343310
2.267671,5.475143,3.212532,8.650772,1.308035,1.308035
3.212532,5.475143,2.267671,8.650772,1.308035,1.308035
2.267671,6.041729,3.779453,6.267261,0.433641,0.433641
3.779453,6.041729,2.267671,6.267261,0.433641,0.433641
2.267671,6.419486,4.157400,5.613522,0.190932,0.190932
4.157400,6.419486,2.267671,5.613522,0.190932,0.190932
2.267671,7.363964,5.102269,5.259389,0.014440,0.014440
5.102269,7.363964,2.267671,5.259389,0.014440,0.014440
2.267671,8.308511,6.047118,5.224654,0.000304,0.000304
6.047118,8.308511,2.267671,5.224654,0.000304,0.000304
2.645612,5.286192,2.645617,10.998556,2.289235,2.289235
2.645617,5.286192,2.645612,10.998556,2.289235,2.289235
2.645617,5.474992,2.834585,10.273288,2.316945,2.316945
2.834585,5.474992,2.645617,10.273288,2.316945,2.316945
2.645617,5.852625,3.212532,8.371002,1.903598,1.903598
3.212532,5.852625,2.645617,8.371002,1.903598,1.903598
2.645617,6.419145,3.779453,6.169871,1.208992,1.208992
3.779453,6.419145,2.645617,6.169871,1.208992,1.208992
2.645617,6.796862,4.157400,5.536418,0.985059,0.985059
4.157400,6.796862,2.645617,5.536418,0.985059,0.985059
2.645617,7.741253,5.102269,5.191005,0.815375,0.815375
5.102269,7.741253,2.645617,5.191005,0.815375,0.815375
2.645617,8.685728,6.047118,5.155375,0.799721,0.799721
6.047118,8.685728,2.645617,5.155375,0.799721,0.799721
3.023562,6.230164,3.212532,7.661342,2.713206,2.713206
3.212532,6.230164,3.023562,7.661342,2.713206,2.713206
3.023562,6.796620,3.779453,6.078256,2.634240,2.634240
3.779453,6.796620,3.023562,6.078256,2.634240,2.634240
3.023562,7.174298,4.157400,5.479788,2.444262,2.444262
4.157400,7.174298,3.023562,5.479788,2.444262,2.444262
3.023562,8.118603,5.102269,5.148898,2.287891,2.287891
5.102269,8.118603,3.023562,5.148898,2.287891,2.287891
3.023562,9.063006,6.047118,5.107003,2.265558,2.265558
6.047118,9.063006,3.023562,5.107003,2.265558,2.265558
3.779452,7.551711,3.779453,5.814697,4.589918,4.589918
3.779453,7.551711,3.779452,5.814697,4.589918,4.589918
3.779452,7.929316,4.157400,5.423534,4.606180,4.606180
4.157400,7.929316,3.779452,5.423534,4.606180,4.606180
3.779452,8.873455,5.102269,5.174061,4.529946,4.529946
5.102269,8.873455,3.779452,5.174061,4.529946,4.529946
3.779452,9.817716,6.047118,5.135850,4.510822,4.510822
6.047118,9.817716,3.779452,5.135850,4.510822,4.510822
4.535343,9.628470,5.102269,5.219340,5.115014,5.115014
5.102269,9.628470,4.535343,5.219340,5.115014,5.115014
4.535343,10.572594,6.047118,5.206642,5.121172,5.121172
6.047118,10.572594,4.535343,5.206642,5.121172,5.121172
5.291233,11.327608,6.047118,5.196469,5.154996,5.154996
6.047118,11.327608,5.291233,5.196469,5.154996,5.154996
