R1,R2,R3,ETriat,E,ENew
1.511788,1.511781,1.943512,35.695880,61.383553,61.383553
1.943512,1.511781,1.511788,35.695880,61.383553,61.383553
1.511781,1.477776,1.889723,36.214766,65.858860,65.858860
1.889723,1.477776,1.511781,36.214766,65.858860,65.858860
1.511781,1.602032,2.078705,34.521170,52.324963,52.324963
2.078705,1.602032,1.511781,34.521170,52.324963,52.324963
1.511781,1.737974,2.267672,32.306397,43.127347,43.127347
2.267672,1.737974,1.511781,32.306397,43.127347,43.127347
1.511781,1.883106,2.456642,26.947508,34.174175,34.174175
2.456642,1.883106,1.511781,26.947508,34.174175,34.174175
1.511781,2.035429,2.645610,21.915145,27.746096,27.746096
2.645610,2.035429,1.511781,21.915145,27.746096,27.746096
1.511781,2.193480,2.834592,17.842793,23.625811,23.625811
2.834592,2.193480,1.511781,17.842793,23.625811,23.625811
1.511781,2.522363,3.212542,11.759076,19.373656,19.373656
3.212542,2.522363,1.511781,11.759076,19.373656,19.373656
1.511781,3.037165,3.779460,6.589511,17.699627,17.699627
3.779460,3.037165,1.511781,6.589511,17.699627,17.699627
1.511781,3.389619,4.157397,4.992952,17.761248,17.761248
4.157397,3.389619,1.511781,4.992952,17.761248,17.761248
1.511781,4.289788,5.102265,4.520704,18.844960,18.844960
5.102265,4.289788,1.511781,4.520704,18.844960,18.844960
1.511781,5.205815,6.047120,5.286147,19.736917,19.736917
6.047120,5.205815,1.511781,5.286147,19.736917,19.736917
1.889723,1.597256,1.889726,31.508753,34.889683,34.889683
1.889726,1.597256,1.889723,31.508753,34.889683,34.889683
1.889731,1.889726,2.429386,25.199253,15.309874,15.309874
2.429386,1.889726,1.889731,25.199253,15.309874,15.309874
1.889726,1.685851,2.078705,29.318825,25.841891,25.841891
2.078705,1.685851,1.889726,29.318825,25.841891,25.841891
1.889726,1.790062,2.267672,26.938272,19.169801,19.169801
2.267672,1.790062,1.889726,26.938272,19.169801,19.169801
1.414402,1.889726,2.456648,26.227780,43.281160,43.281160
2.456648,1.889726,1.414402,26.227780,43.281160,43.281160
1.743803,1.889726,2.456647,26.849632,20.790752,20.790752
2.456647,1.889726,1.743803,26.849632,20.790752,20.790752
1.889726,1.907367,2.456642,24.932543,14.800042,14.800042
2.456642,1.907367,1.889726,24.932543,14.800042,14.800042
1.889726,2.035464,2.645610,22.989026,11.893302,11.893302
2.645610,2.035464,1.889726,22.989026,11.893302,11.893302
1.889726,2.172482,2.834592,20.259455,9.169039,9.169039
2.834592,2.172482,1.889726,20.259455,9.169039,9.169039
1.889726,2.467185,3.212542,14.055149,4.582546,4.582546
3.212542,2.467185,1.889726,14.055149,4.582546,4.582546
1.889726,2.945098,3.779460,8.836890,2.651976,2.651976
3.779460,2.945098,1.889726,8.836890,2.651976,2.651976
1.889726,3.279500,4.157397,6.907721,2.394827,2.394827
4.157397,3.279500,1.889726,6.907721,2.394827,2.394827
1.889726,4.148348,5.102265,5.358334,2.683805,2.683805
5.102265,4.148348,1.889726,5.358334,2.683805,2.683805
1.889726,5.044595,6.047120,5.301969,2.822093,2.822093
6.047120,5.044595,1.889726,5.301969,2.822093,2.822093
2.267671,1.916709,2.267672,22.441458,9.127496,9.127496
2.267672,1.916709,2.267671,22.441458,9.127496,9.127496
2.267673,2.267671,2.915260,16.796355,3.115365,3.115365
2.915260,2.267671,2.267673,16.796355,3.115365,3.115365
2.267671,2.003921,2.456642,20.545754,6.349937,6.349937
2.456642,2.003921,2.267671,20.545754,6.349937,6.349937
2.267671,2.456638,3.194739,14.912664,2.571449,2.571449
3.194739,2.456638,2.267671,14.912664,2.571449,2.571449
2.267671,2.104505,2.645610,18.860264,4.517370,4.517370
2.645610,2.104505,2.267671,18.860264,4.517370,4.517370
2.267671,2.216684,2.834592,17.382195,3.418653,3.418653
2.834592,2.216684,2.267671,17.382195,3.418653,3.418653
2.267671,2.469286,3.212542,14.771202,2.527564,2.527564
3.212542,2.469286,2.267671,14.771202,2.527564,2.527564
2.267671,2.899744,3.779460,9.591075,0.445133,0.445133
3.779460,2.899744,2.267671,9.591075,0.445133,0.445133
2.267671,3.210359,4.157397,7.458132,-0.072982,-0.072982
4.157397,3.210359,2.267671,7.458132,-0.072982,-0.072982
2.267671,4.037448,5.102265,5.482348,-0.052037,-0.052037
5.102265,4.037448,2.267671,5.482348,-0.052037,-0.052037
2.267671,5.102258,6.252187,5.227055,-0.025238,-0.025238
6.252187,5.102258,2.267671,5.227055,-0.025238,-0.025238
2.267671,4.907244,6.047120,5.231284,-0.030138,-0.030138
6.047120,4.907244,2.267671,5.231284,-0.030138,-0.030138
2.645610,2.236170,2.645617,15.432501,1.562973,1.562973
2.645617,2.236170,2.645610,15.432501,1.562973,1.562973
2.645617,2.645616,3.401135,11.320739,1.152531,1.152531
3.401135,2.645616,2.645617,11.320739,1.152531,1.152531
2.645617,2.322366,2.834592,14.303549,1.175731,1.175731
2.834592,2.322366,2.645617,14.303549,1.175731,1.175731
2.834592,2.645617,3.339505,10.579521,0.968841,0.968841
3.339505,2.645617,2.834592,10.579521,0.968841,0.968841
2.645617,2.528523,3.212542,12.176934,0.976126,0.976126
3.212542,2.528523,2.645617,12.176934,0.976126,0.976126
2.645617,2.903293,3.779460,9.532339,1.269138,1.269138
3.779460,2.903293,2.645617,9.532339,1.269138,1.269138
2.645617,3.184867,4.157397,7.714345,0.959214,0.959214
4.157397,3.184867,2.645617,7.714345,0.959214,0.959214
2.645617,3.959654,5.102265,5.539959,0.798203,0.798203
5.102265,3.959654,2.645617,5.539959,0.798203,0.798203
2.645617,4.795815,6.047120,5.176155,0.777345,0.777345
6.047120,4.795815,2.645617,5.176155,0.777345,0.777345
3.023562,2.641054,3.212542,10.126646,0.831941,0.831941
3.212542,2.641054,3.023562,10.126646,0.831941,0.831941
3.023562,2.955570,3.779460,8.371774,1.834736,1.834736
3.779460,2.955570,3.023562,8.371774,1.834736,1.834736
3.023562,3.204066,4.157397,7.397612,2.226053,2.226053
4.157397,3.204066,3.023562,7.397612,2.226053,2.226053
3.023562,3.916941,5.102265,5.543862,2.267553,2.267553
5.102265,3.916941,3.023562,5.543862,2.267553,2.267553
3.023562,4.712146,6.047120,5.146774,2.255888,2.255888
6.047120,4.712146,3.023562,5.146774,2.255888,2.255888
3.779452,3.194529,3.779460,6.338208,2.941648,2.941648
3.779460,3.194529,3.779452,6.338208,2.941648,2.941648
3.779462,3.779452,4.858772,5.512359,4.249770,4.249770
4.858772,3.779452,3.779462,5.512359,4.249770,4.249770
3.779452,3.371708,4.157397,6.013938,3.622378,3.622378
4.157397,3.371708,3.779452,6.013938,3.622378,3.622378
3.779452,3.940381,5.102265,5.382716,4.349681,4.349681
5.102265,3.940381,3.779452,5.382716,4.349681,4.349681
3.779452,4.633610,6.047120,5.200071,4.517587,4.517587
6.047120,4.633610,3.779452,5.200071,4.517587,4.517587
4.535343,4.105305,5.102265,5.327926,4.985139,4.985139
5.102265,4.105305,4.535343,5.327926,4.985139,4.985139
4.535343,4.677510,6.047120,5.212013,5.073428,5.073428
6.047120,4.677510,4.535343,5.212013,5.073428,5.073428
4.535343,6.047118,7.868775,5.210528,5.123037,5.123037
7.868775,6.047118,4.535343,5.210528,5.123037,5.123037
5.291233,4.840516,6.047120,5.243397,5.160286,5.160286
6.047120,4.840516,5.291233,5.243397,5.160286,5.160286
