R1,R2,R3,ETriat,E,ENew
1.511781,2.645610,1.776799,20.888597,31.304338,31.304338
1.776799,2.645610,1.511781,20.888597,31.304338,31.304338
2.199635,3.597132,2.282033,11.168939,-0.141844,-0.141844
2.282033,3.597132,2.199635,11.168939,-0.141844,-0.141844
2.282033,3.758226,2.399960,10.259034,-0.685543,-0.685543
2.399960,3.758226,2.282033,10.259034,-0.685543,-0.685543
2.282033,3.922924,2.600267,9.408775,-0.719758,-0.719758
2.600267,3.922924,2.282033,9.408775,-0.719758,-0.719758
2.282033,4.090800,2.800574,8.585758,-0.605493,-0.605493
2.800574,4.090800,2.282033,8.585758,-0.605493,-0.605493
2.282033,4.261480,3.000881,7.831449,-0.446477,-0.446477
3.000881,4.261480,2.282033,7.831449,-0.446477,-0.446477
2.282033,4.433001,3.199311,7.106664,-0.354285,-0.354285
3.199311,4.433001,2.282033,7.106664,-0.354285,-0.354285
2.282033,4.608687,3.400013,6.464044,-0.298172,-0.298172
3.400013,4.608687,2.282033,6.464044,-0.298172,-0.298172
2.282033,4.785721,3.600021,6.044788,-0.172242,-0.172242
3.600021,4.785721,2.282033,6.044788,-0.172242,-0.172242
2.282033,4.964485,3.800012,5.720023,-0.105722,-0.105722
3.800012,4.964485,2.282033,5.720023,-0.105722,-0.105722
2.282033,5.144827,4.000020,5.496715,-0.073199,-0.073199
4.000020,5.144827,2.282033,5.496715,-0.073199,-0.073199
2.282033,5.326573,4.200028,5.361003,-0.056720,-0.056720
4.200028,5.326573,2.282033,5.361003,-0.056720,-0.056720
2.282033,5.509570,4.400018,5.287733,-0.047137,-0.047137
4.400018,5.509570,2.282033,5.287733,-0.047137,-0.047137
2.282033,5.693737,4.600032,5.252358,-0.040372,-0.040372
4.600032,5.693737,2.282033,5.252358,-0.040372,-0.040372
2.282033,5.878913,4.800022,5.236679,-0.034908,-0.034908
4.800022,5.878913,2.282033,5.236679,-0.034908,-0.034908
2.282033,6.065045,5.000031,5.229771,-0.030138,-0.030138
5.000031,6.065045,2.282033,5.229771,-0.030138,-0.030138
2.282033,6.252018,5.200021,5.226377,-0.025628,-0.025628
5.200021,6.252018,2.282033,5.226377,-0.025628,-0.025628
2.282033,6.439789,5.400029,5.224279,-0.021292,-0.021292
5.400029,6.439789,2.282033,5.224279,-0.021292,-0.021292
2.282033,6.628261,5.600019,5.222443,-0.017476,-0.017476
5.600019,6.628261,2.282033,5.222443,-0.017476,-0.017476
2.282033,6.817405,5.800028,5.220732,-0.014223,-0.014223
5.800028,6.817405,2.282033,5.220732,-0.014223,-0.014223
2.282033,7.007163,6.000042,5.219087,-0.011622,-0.011622
6.000042,7.007163,2.282033,5.219087,-0.011622,-0.011622
2.282033,7.483845,6.500035,5.216130,-0.006938,-0.006938
6.500035,7.483845,2.282033,5.216130,-0.006938,-0.006938
2.282033,7.963386,7.000029,5.214613,-0.003989,-0.003989
7.000029,7.963386,2.282033,5.214613,-0.003989,-0.003989
2.282033,8.445326,7.500046,5.214034,-0.001951,-0.001951
7.500046,8.445326,2.282033,5.214034,-0.001951,-0.001951
2.282033,8.929229,8.000040,5.213875,-0.000520,-0.000520
8.000040,8.929229,2.282033,5.213875,-0.000520,-0.000520
2.282033,9.414822,8.500039,5.213916,0.000520,0.000520
8.500039,9.414822,2.282033,5.213916,0.000520,0.000520
2.282033,9.901857,9.000050,5.214093,0.001344,0.001344
9.000050,9.901857,2.282033,5.214093,0.001344,0.001344
2.282033,10.390108,9.500044,5.214227,0.001908,0.001908
9.500044,10.390108,2.282033,5.214227,0.001908,0.001908
2.282033,10.879452,10.000061,5.214369,0.002342,0.002342
10.000061,10.879452,2.282033,5.214369,0.002342,0.002342
