R1,R2,R3,ETriat,E,ENew
1.511781,2.398759,1.511782,26.249532,50.148041,50.148041
1.511782,2.398759,1.511781,26.249532,50.148041,50.148041
1.511781,2.551270,1.700749,23.101351,35.882765,35.882765
1.700749,2.551270,1.511781,23.101351,35.882765,35.882765
1.511781,2.708394,1.889734,20.076622,28.038847,28.038847
1.889734,2.708394,1.511781,20.076622,28.038847,28.038847
1.511781,2.869350,2.078701,17.240805,23.642246,23.642246
2.078701,2.869350,1.511781,17.240805,23.642246,23.642246
1.511781,3.033540,2.267668,14.602291,21.099851,21.099851
2.267668,3.033540,1.511781,14.602291,21.099851,21.099851
1.511781,3.200464,2.456635,12.011510,19.394080,19.394080
2.456635,3.200464,1.511781,12.011510,19.394080,19.394080
1.511781,3.369744,2.645625,9.943695,18.514396,18.514396
2.645625,3.369744,1.511781,9.943695,18.514396,18.514396
1.511781,3.540992,2.834592,8.241119,18.041597,18.041597
2.834592,3.540992,1.511781,8.241119,18.041597,18.041597
1.511781,3.888416,3.212526,5.885114,17.816580,17.816580
3.212526,3.888416,1.511781,5.885114,17.816580,17.816580
1.511781,4.418978,3.779450,4.458727,18.246275,18.246275
3.779450,4.418978,1.511781,4.458727,18.246275,18.246275
1.511781,4.777328,4.157402,4.445714,18.689890,18.689890
4.157402,4.777328,1.511781,4.445714,18.689890,18.689890
1.511781,5.684306,5.102260,5.320354,19.762545,19.762545
5.102260,5.684306,1.511781,5.320354,19.762545,19.762545
1.511781,6.601918,6.047118,5.432088,19.904779,19.904779
6.047118,6.601918,1.511781,5.432088,19.904779,19.904779
1.889726,2.998447,1.889734,16.314070,8.522263,8.522263
1.889734,2.998447,1.889726,16.314070,8.522263,8.522263
1.889726,3.150465,2.078701,14.659282,5.247231,5.247231
2.078701,3.150465,1.889726,14.659282,5.247231,5.247231
1.889726,3.306295,2.267668,13.128410,3.700607,3.700607
2.267668,3.306295,1.889726,13.128410,3.700607,3.700607
1.889726,3.465424,2.456635,11.617347,2.926037,2.926037
2.456635,3.465424,1.889726,11.617347,2.926037,2.926037
1.889726,3.627444,2.645625,10.238076,2.565248,2.565248
2.645625,3.627444,1.889726,10.238076,2.565248,2.565248
1.889726,3.791934,2.834592,9.025601,2.410655,2.410655
2.834592,3.791934,1.889726,9.025601,2.410655,2.410655
1.889726,4.127209,3.212526,7.129469,2.363301,2.363301
3.212526,4.127209,1.889726,7.129469,2.363301,2.363301
1.889726,4.642452,3.779450,5.670610,2.570365,2.570365
3.779450,4.642452,1.889726,5.670610,2.570365,2.570365
1.889726,4.992173,4.157402,5.387848,2.715678,2.715678
4.157402,4.992173,1.889726,5.387848,2.715678,2.715678
1.889726,5.881761,5.102260,5.315240,2.834495,2.834495
5.102260,5.881761,1.889726,5.315240,2.834495,2.834495
1.889726,6.786307,6.047118,5.319881,2.867495,2.867495
6.047118,6.786307,1.889726,5.319881,2.867495,2.867495
2.267668,3.598124,2.267671,11.161928,-0.221287,-0.221287
2.267671,3.598124,2.267668,11.161928,-0.221287,-0.221287
2.267671,3.749805,2.456635,10.248565,-0.579258,-0.579258
2.456635,3.749805,2.267671,10.248565,-0.579258,-0.579258
2.267671,3.904767,2.645625,9.402900,-0.578911,-0.578911
2.645625,3.904767,2.267671,9.402900,-0.578911,-0.578911
2.267671,4.062585,2.834592,8.585060,-0.487716,-0.487716
2.834592,4.062585,2.267671,8.585060,-0.487716,-0.487716
2.267671,4.385615,3.212526,7.096903,-0.326835,-0.326835
3.212526,4.385615,2.267671,7.096903,-0.326835,-0.326835
2.267671,4.884981,3.779450,5.769009,-0.090588,-0.090588
3.779450,4.884981,2.267671,5.769009,-0.090588,-0.090588
2.267671,5.225553,4.157402,5.395060,-0.047397,-0.047397
4.157402,5.225553,2.267671,5.395060,-0.047397,-0.047397
2.267671,6.096276,5.102260,5.232861,-0.021379,-0.021379
5.102260,6.096276,2.267671,5.232861,-0.021379,-0.021379
2.267671,6.986292,6.047118,5.222257,-0.005681,-0.005681
6.047118,6.986292,2.267671,5.222257,-0.005681,-0.005681
2.645617,4.197827,2.645625,8.394292,-0.468072,-0.468072
2.645625,4.197827,2.645617,8.394292,-0.468072,-0.468072
2.645617,4.349265,2.834592,7.909368,-0.139112,-0.139112
2.834592,4.349265,2.645617,7.909368,-0.139112,-0.139112
2.645617,4.660372,3.212526,6.938400,0.432470,0.432470
3.212526,4.660372,2.645617,6.938400,0.432470,0.432470
2.645617,5.143870,3.779450,5.679651,0.696905,0.696905
3.779450,5.143870,2.645617,5.679651,0.696905,0.696905
2.645617,5.475098,4.157402,5.329224,0.760476,0.760476
4.157402,5.475098,2.645617,5.329224,0.760476,0.760476
2.645617,5.102265,3.733958,5.766452,0.704797,0.704797
3.733958,5.102265,2.645617,5.766452,0.704797,0.704797
2.645617,6.326115,5.102260,5.164227,0.781031,0.781031
5.102260,6.326115,2.645617,5.164227,0.781031,0.781031
2.645617,6.047120,4.795815,5.176155,0.777345,0.777345
4.795815,6.047120,2.645617,5.176155,0.777345,0.777345
2.645617,7.200575,6.047118,5.152087,0.793390,0.793390
6.047118,7.200575,2.645617,5.152087,0.793390,0.793390
3.023562,4.948757,3.212526,6.475472,1.501526,1.501526
3.212526,4.948757,3.023562,6.475472,1.501526,1.501526
3.023562,5.416775,3.779450,5.578614,2.115995,2.115995
3.779450,5.416775,3.023562,5.578614,2.115995,2.115995
3.023562,5.738701,4.157402,5.291504,2.241751,2.241751
4.157402,5.738701,3.023562,5.291504,2.241751,2.241751
3.023562,6.569671,5.102260,5.122685,2.255671,2.255671
5.102260,6.569671,3.023562,5.122685,2.255671,2.255671
3.023562,7.427918,6.047118,5.108502,2.264517,2.264517
6.047118,7.427918,3.023562,5.108502,2.264517,2.264517
3.779450,5.996883,3.779452,5.291677,4.055629,4.055629
3.779452,5.996883,3.779450,5.291677,4.055629,4.055629
3.779452,6.300929,4.157402,5.225042,4.399463,4.399463
4.157402,6.300929,3.779452,5.225042,4.399463,4.399463
3.779452,7.092200,5.102260,5.160075,4.512296,4.512296
5.102260,7.092200,3.779452,5.160075,4.512296,4.512296
3.779452,7.917222,6.047118,5.141470,4.514725,4.514725
6.047118,7.917222,3.779452,5.141470,4.514725,4.514725
4.535343,7.653808,5.102260,5.207895,5.101355,5.101355
5.102260,7.653808,4.535343,5.207895,5.101355,5.101355
4.535343,8.445921,6.047118,5.209211,5.122603,5.122603
6.047118,8.445921,4.535343,5.209211,5.122603,5.122603
5.291233,9.007081,6.047118,5.196741,5.154519,5.154519
6.047118,9.007081,5.291233,5.196741,5.154519,5.154519
1.322810,2.918915,2.282033,14.462388,43.423481,43.423481
2.282033,2.918915,1.322810,14.462388,43.423481,43.423481
1.228318,2.857866,2.282033,14.963641,61.785712,61.785712
2.282033,2.857866,1.228318,14.963641,61.785712,61.785712
