R1,R2,R3,ETriat,E,ENew
1.511781,2.316189,1.511788,29.280777,53.068484,53.068484
1.511788,2.316189,1.511781,29.280777,53.068484,53.068484
1.511781,2.463939,1.700758,25.770100,38.288476,38.288476
1.700758,2.463939,1.511781,25.770100,38.288476,38.288476
1.511781,2.617011,1.889731,22.355095,29.969937,29.969937
1.889731,2.617011,1.511781,22.355095,29.969937,29.969937
1.511781,2.774500,2.078700,19.142681,25.158429,25.158429
2.078700,2.774500,1.511781,19.142681,25.158429,25.158429
1.511781,2.935719,2.267673,16.159668,22.264871,22.264871
2.267673,2.935719,1.511781,16.159668,22.264871,22.264871
1.511781,3.100063,2.456643,13.269515,20.277451,20.277451
2.456643,3.100063,1.511781,13.269515,20.277451,20.277451
1.511781,3.267082,2.645616,10.932439,19.167026,19.167026
2.645616,3.267082,1.511781,10.932439,19.167026,19.167026
1.511781,3.436365,2.834585,9.007097,18.526191,18.526191
2.834585,3.436365,1.511781,9.007097,18.526191,18.526191
1.511781,3.780543,3.212528,6.305947,18.080885,18.080885
3.212528,3.780543,1.511781,6.305947,18.080885,18.080885
1.511781,4.307457,3.779462,4.589427,18.341980,18.341980
3.779462,4.307457,1.511781,4.589427,18.341980,18.341980
1.511781,4.663936,4.157404,4.489372,18.724321,18.724321
4.157404,4.663936,1.511781,4.489372,18.724321,18.724321
1.511781,5.567531,5.102259,5.304550,19.744506,19.744506
5.102259,5.567531,1.511781,5.304550,19.744506,19.744506
1.511781,6.482900,6.047113,5.436294,19.907988,19.907988
6.047113,6.482900,1.511781,5.436294,19.907988,19.907988
1.889726,2.895234,1.889731,18.090574,9.881294,9.881294
1.889731,2.895234,1.889726,18.090574,9.881294,9.881294
1.889726,3.042413,2.078700,16.151273,6.324006,6.324006
2.078700,3.042413,1.889726,16.151273,6.324006,6.324006
1.889726,3.194008,2.267673,14.265568,4.447337,4.447337
2.267673,3.194008,1.889726,14.265568,4.447337,4.447337
1.889726,3.349392,2.456643,12.628645,3.591763,3.591763
2.456643,3.349392,1.889726,12.628645,3.591763,3.591763
1.889726,3.508087,2.645616,11.050887,3.091861,3.091861
2.645616,3.508087,1.889726,11.050887,3.091861,3.091861
1.889726,3.669639,2.834585,9.655934,2.820532,2.820532
2.834585,3.669639,1.889726,9.655934,2.820532,2.820532
1.889726,3.999970,3.212528,7.463247,2.593261,2.593261
3.212528,3.999970,1.889726,7.463247,2.593261,2.593261
1.889726,4.509530,3.779462,5.787710,2.668541,2.668541
3.779462,4.509530,1.889726,5.787710,2.668541,2.668541
1.889726,4.856293,4.157404,5.442292,2.764592,2.764592
4.157404,4.856293,1.889726,5.442292,2.764592,2.764592
1.889726,5.740444,5.102259,5.326114,2.842951,2.842951
5.102259,5.740444,1.889726,5.326114,2.842951,2.842951
1.889726,6.641334,6.047113,5.322051,2.868666,2.868666
6.047113,6.641334,1.889726,5.322051,2.868666,2.868666
2.267671,3.474278,2.267673,12.032853,0.338240,0.338240
2.267673,3.474278,2.267671,12.032853,0.338240,0.338240
2.267671,3.621070,2.456643,10.948709,-0.132000,-0.132000
2.456643,3.621070,2.267671,10.948709,-0.132000,-0.132000
2.267671,3.771632,2.645616,9.953272,-0.220290,-0.220290
2.645616,3.771632,2.267671,9.953272,-0.220290,-0.220290
2.267671,3.925504,2.834585,8.958844,-0.249170,-0.249170
2.834585,3.925504,2.267671,8.958844,-0.249170,-0.249170
2.267671,4.241780,3.212528,7.293099,-0.184471,-0.184471
3.212528,4.241780,2.267671,7.293099,-0.184471,-0.184471
2.267671,4.733204,3.779462,5.847276,-0.021292,-0.021292
3.779462,4.733204,2.267671,5.847276,-0.021292,-0.021292
2.267671,5.069571,4.157404,5.433449,-0.013009,-0.013009
4.157404,5.069571,2.267671,5.433449,-0.013009,-0.013009
2.267671,5.932426,5.102259,5.241445,-0.015177,-0.015177
5.102259,5.932426,2.267671,5.241445,-0.015177,-0.015177
2.267671,6.817060,6.047113,5.224326,-0.004553,-0.004553
6.047113,6.817060,2.267671,5.224326,-0.004553,-0.004553
2.645616,4.053322,2.645617,8.721820,-0.239283,-0.239283
2.645617,4.053322,2.645616,8.721820,-0.239283,-0.239283
2.645617,4.199833,2.834585,8.158741,0.046356,0.046356
2.834585,4.199833,2.645617,8.158741,0.046356,0.046356
2.645617,4.502368,3.212528,7.076067,0.547992,0.547992
3.212528,4.502368,2.645617,7.076067,0.547992,0.547992
2.645617,4.975567,3.779462,5.755505,0.767805,0.767805
3.779462,4.975567,2.645617,5.755505,0.767805,0.767805
2.645617,5.301246,4.157404,5.357862,0.785411,0.785411
4.157404,5.301246,2.645617,5.357862,0.785411,0.785411
2.645617,6.141690,5.102259,5.171165,0.785801,0.785801
5.102259,6.141690,2.645617,5.171165,0.785801,0.785801
2.645617,7.008780,6.047113,5.153762,0.794214,0.794214
6.047113,7.008780,2.645617,5.153762,0.794214,0.794214
3.023562,4.778664,3.212528,6.554680,1.572339,1.572339
3.212528,4.778664,3.023562,6.554680,1.572339,1.572339
3.023562,5.234023,3.779462,5.613408,2.146784,2.146784
3.779462,5.234023,3.023562,5.613408,2.146784,2.146784
3.023562,5.549013,4.157404,5.311965,2.258620,2.258620
4.157404,5.549013,3.023562,5.311965,2.258620,2.258620
3.023562,6.366530,5.102259,5.128180,2.259314,2.259314
5.102259,6.366530,3.023562,5.128180,2.259314,2.259314
3.023562,7.215218,6.047113,5.109811,2.265081,2.265081
6.047113,7.215218,3.023562,5.109811,2.265081,2.265081
3.779452,5.790468,3.779462,5.295759,4.056409,4.056409
3.779462,5.790468,3.779452,5.295759,4.056409,4.056409
3.779452,6.084841,4.157404,5.227994,4.399767,4.399767
4.157404,6.084841,3.779452,5.227994,4.399767,4.399767
3.779452,6.856710,5.102259,5.163062,4.514074,4.514074
5.102259,6.856710,3.779452,5.163062,4.514074,4.514074
3.779452,7.667410,6.047113,5.142182,4.514898,4.514898
6.047113,7.667410,3.779452,5.142182,4.514898,4.514898
4.535343,7.391819,5.102259,5.208595,5.101311,5.101311
5.102259,7.391819,4.535343,5.208595,5.101311,5.101311
4.535343,8.164662,6.047113,5.209755,5.122776,5.122776
6.047113,8.164662,4.535343,5.209755,5.122776,5.122776
5.291233,8.699253,6.047113,5.196859,5.154389,5.154389
6.047113,8.699253,5.291233,5.196859,5.154389,5.154389
