R1,R2,R3,ETriat,E,ENew
1.511788,1.511781,2.316189,29.280777,53.068484,53.068484
2.316189,1.511781,1.511788,29.280777,53.068484,53.068484
1.511781,1.700749,2.551270,23.101351,35.882765,35.882765
2.551270,1.700749,1.511781,23.101351,35.882765,35.882765
1.511781,1.474957,2.267672,30.758932,57.899767,57.899767
2.267672,1.474957,1.511781,30.758932,57.899767,57.899767
2.128418,1.511781,2.267671,27.933438,32.310082,32.310082
2.267671,1.511781,2.128418,27.933438,32.310082,32.310082
1.511781,1.621889,2.456642,25.048522,41.373486,41.373486
2.456642,1.621889,1.511781,25.048522,41.373486,41.373486
1.511781,1.776799,2.645610,20.888597,31.304338,31.304338
2.645610,1.776799,1.511781,20.888597,31.304338,31.304338
1.511781,1.937769,2.834592,17.486650,25.171178,25.171178
2.834592,1.937769,1.511781,17.486650,25.171178,25.171178
1.511781,2.834592,3.821737,7.091349,17.448679,17.448679
3.821737,2.834592,1.511781,7.091349,17.448679,17.448679
1.511781,2.272678,3.212542,12.331896,19.505613,19.505613
3.212542,2.272678,1.511781,12.331896,19.505613,19.505613
1.511781,2.795691,3.779460,7.344719,17.477863,17.477863
3.779460,2.795691,1.511781,7.344719,17.477863,17.477863
1.511781,3.779443,4.808757,4.348199,18.187734,18.187734
4.808757,3.779443,1.511781,4.348199,18.187734,18.187734
1.511781,3.152797,4.157397,5.518446,17.479728,17.479728
4.157397,3.152797,1.511781,5.518446,17.479728,17.479728
1.511781,4.062120,5.102265,4.405174,18.594706,18.594706
5.102265,4.062120,1.511781,4.405174,18.594706,18.594706
1.511781,4.984668,6.047120,5.205302,19.649885,19.649885
6.047120,4.984668,1.511781,5.205302,19.649885,19.649885
1.889723,1.292656,1.889726,35.510846,73.272389,73.272389
1.889726,1.292656,1.889723,35.510846,73.272389,73.272389
1.889731,1.889726,2.895234,18.090574,9.881294,9.881294
2.895234,1.889726,1.889731,18.090574,9.881294,9.881294
1.889726,1.368855,2.078705,33.095448,56.418492,56.418492
2.078705,1.368855,1.889726,33.095448,56.418492,56.418492
2.078691,1.889726,2.928606,18.091499,7.808056,7.808056
2.928606,1.889726,2.078691,18.091499,7.808056,7.808056
1.889726,1.465606,2.267672,30.887505,42.029238,42.029238
2.267672,1.465606,1.889726,30.887505,42.029238,42.029238
1.889726,1.579112,2.456642,27.786523,29.805848,29.805848
2.456642,1.579112,1.889726,27.786523,29.805848,29.805848
1.889726,1.706068,2.645610,22.693737,18.666777,18.666777
2.645610,1.706068,1.889726,22.693737,18.666777,18.666777
1.889726,1.843684,2.834592,19.125283,11.607576,11.607576
2.834592,1.843684,1.889726,19.125283,11.607576,11.607576
2.660516,1.889726,2.834588,17.364097,7.055385,7.055385
2.834588,1.889726,2.660516,17.364097,7.055385,7.055385
1.889726,2.142531,3.212542,13.969008,4.460476,4.460476
3.212542,2.142531,1.889726,13.969008,4.460476,4.460476
1.889726,2.629257,3.779460,9.571859,2.126923,2.126923
3.779460,2.629257,1.889726,9.571859,2.126923,2.126923
1.889726,2.969577,4.157397,7.689774,2.010317,2.010317
4.157397,2.969577,1.889726,7.689774,2.010317,2.010317
1.889726,3.851228,5.102265,5.498940,2.532074,2.532074
5.102265,3.851228,1.889726,5.498940,2.532074,2.532074
1.889726,4.757198,6.047120,5.289574,2.796639,2.796639
6.047120,4.757198,1.889726,5.289574,2.796639,2.796639
2.267671,1.551189,2.267672,26.356982,27.303521,27.303521
2.267672,1.551189,2.267671,26.356982,27.303521,27.303521
2.267673,2.267671,3.474278,12.032853,0.338240,0.338240
3.474278,2.267671,2.267673,12.032853,0.338240,0.338240
2.267671,1.625531,2.456642,24.328635,20.746650,20.746650
2.456642,1.625531,2.267671,24.328635,20.746650,20.746650
2.267671,1.717559,2.645610,22.501742,15.244048,15.244048
2.645610,1.717559,2.267671,22.501742,15.244048,15.244048
2.267671,1.824576,2.834592,20.157027,10.313288,10.313288
2.834592,1.824576,2.267671,20.157027,10.313288,10.313288
2.267671,2.074005,3.212542,14.514073,2.583027,2.583027
3.212542,2.074005,2.267671,14.514073,2.583027,2.583027
2.267671,2.509141,3.779460,10.062672,-0.567419,-0.567419
3.779460,2.509141,2.267671,10.062672,-0.567419,-0.567419
2.267671,2.825302,4.157397,8.408265,-0.634764,-0.634764
4.157397,2.825302,2.267671,8.408265,-0.634764,-0.634764
2.267671,3.667259,5.102265,5.869100,-0.188157,-0.188157
5.102265,3.667259,2.267671,5.869100,-0.188157,-0.188157
2.267671,4.549796,6.047120,5.246866,-0.045012,-0.045012
6.047120,4.549796,2.267671,5.246866,-0.045012,-0.045012
2.645610,1.809705,2.645617,19.019221,9.672669,9.672669
2.645617,1.809705,2.645610,19.019221,9.672669,9.672669
2.645617,2.645616,4.053322,8.721820,-0.239283,-0.239283
4.053322,2.645616,2.645617,8.721820,-0.239283,-0.239283
2.645617,1.882730,2.834592,17.502140,7.267305,7.267305
2.834592,1.882730,2.645617,17.502140,7.267305,7.267305
2.645617,2.073220,3.212542,14.595520,3.537948,3.537948
3.212542,2.073220,2.645617,14.595520,3.537948,3.537948
2.645617,2.442184,3.779460,9.905980,-0.039895,-0.039895
3.779460,2.442184,2.645617,9.905980,-0.039895,-0.039895
2.645617,2.726161,4.157397,8.381451,-0.192753,-0.192753
4.157397,2.726161,2.645617,8.381451,-0.192753,-0.192753
2.645617,3.514442,5.102265,6.081998,0.539710,0.539710
5.102265,3.514442,2.645617,6.081998,0.539710,0.539710
2.645617,4.365323,6.047120,5.225033,0.759869,0.759869
6.047120,4.365323,2.645617,5.225033,0.759869,0.759869
3.023562,2.140250,3.212542,12.805493,2.911337,2.911337
3.212542,2.140250,3.023562,12.805493,2.911337,2.911337
3.023562,2.432781,3.779460,9.445641,0.991260,0.991260
3.779460,2.432781,3.023562,9.445641,0.991260,0.991260
3.023562,2.677176,4.157397,7.967291,0.715421,0.715421
4.157397,2.677176,3.023562,7.967291,0.715421,0.715421
3.023562,3.396983,5.102265,6.161552,1.803340,1.803340
5.102265,3.396983,3.023562,6.161552,1.803340,1.803340
3.023562,4.206795,6.047120,5.234084,2.217554,2.217554
6.047120,4.206795,3.023562,5.234084,2.217554,2.217554
3.779452,2.585305,3.779460,7.591012,1.809238,1.809238
3.779460,2.585305,3.779452,7.591012,1.809238,1.809238
3.779462,3.779452,5.790468,5.295759,4.056409,4.056409
5.790468,3.779452,3.779462,5.295759,4.056409,4.056409
3.779452,2.737691,4.157397,6.570957,1.772508,1.772508
4.157397,2.737691,3.779452,6.570957,1.772508,1.772508
4.157400,3.779452,5.857226,5.239934,4.408266,4.408266
5.857226,3.779452,4.157400,5.239934,4.408266,4.408266
3.779452,3.282217,5.102265,5.593224,3.083145,3.083145
5.102265,3.282217,3.779452,5.593224,3.083145,3.083145
5.102259,3.779452,5.798287,5.198008,4.537404,4.537404
5.798287,3.779452,5.102259,5.198008,4.537404,4.537404
3.779452,3.979490,6.047120,5.249801,4.277350,4.277350
6.047120,3.979490,3.779452,5.249801,4.277350,4.277350
4.535343,3.339032,5.102265,5.287836,3.504558,3.504558
5.102265,3.339032,4.535343,5.287836,3.504558,3.504558
4.535343,5.102260,7.653808,5.207895,5.101355,5.101355
7.653808,5.102260,4.535343,5.207895,5.101355,5.101355
4.535343,3.888226,6.047120,5.260602,4.722699,4.722699
6.047120,3.888226,4.535343,5.260602,4.722699,4.722699
5.291233,3.942461,6.047120,5.285725,4.856824,4.856824
6.047120,3.942461,5.291233,5.285725,4.856824,4.856824
