R1,R2,R3,ETriat,E,ENew
1.511776,1.734233,1.511781,36.098462,66.756757,66.756757
1.511781,1.734233,1.511776,36.098462,66.756757,66.756757
1.511781,1.849118,1.700749,34.191492,50.034384,50.034384
1.700749,1.849118,1.511781,34.191492,50.034384,50.034384
1.511781,1.975431,1.889721,31.916740,40.264362,40.264362
1.889721,1.975431,1.511781,31.916740,40.264362,40.264362
1.511781,2.111123,2.078694,29.430165,34.454524,34.454524
2.078694,2.111123,1.511781,29.430165,34.454524,34.454524
1.511781,2.254501,2.267667,26.954943,31.036825,31.036825
2.267667,2.254501,1.511781,26.954943,31.036825,31.036825
1.511781,2.404185,2.456646,24.396472,28.853745,28.853745
2.456646,2.404185,1.511781,24.396472,28.853745,28.853745
1.511781,2.559079,2.645618,21.710418,27.213454,27.213454
2.645618,2.559079,1.511781,21.710418,27.213454,27.213454
1.511781,2.718287,2.834591,17.257867,24.099737,24.099737
2.834591,2.718287,1.511781,17.257867,24.099737,24.099737
1.511781,2.834585,2.971886,14.546536,22.415171,22.415171
2.971886,2.834585,1.511781,14.546536,22.415171,22.415171
1.511781,3.046925,3.212536,10.846630,20.496049,20.496049
3.212536,3.046925,1.511781,10.846630,20.496049,20.496049
1.511781,3.558286,3.779461,5.992092,18.816210,18.816210
3.779461,3.558286,1.511781,5.992092,18.816210,18.816210
1.511781,3.907702,4.157388,4.832595,18.693923,18.693923
4.157388,3.907702,1.511781,4.832595,18.693923,18.693923
1.511781,4.157397,4.423735,4.621193,18.816514,18.816514
4.423735,4.157397,1.511781,4.621193,18.816514,18.816514
1.511781,4.800229,5.102258,4.994925,19.412597,19.412597
5.102258,4.800229,1.511781,4.994925,19.412597,19.412597
1.511781,5.709624,6.047127,5.421305,19.882534,19.882534
6.047127,5.709624,1.511781,5.421305,19.882534,19.882534
1.292656,1.889723,1.889726,35.510846,73.272389,73.272389
1.889726,1.889723,1.292656,35.510846,73.272389,73.272389
1.889721,2.167801,1.889726,26.703363,16.786162,16.786162
1.889726,2.167801,1.889721,26.703363,16.786162,16.786162
1.889726,2.281452,2.078694,24.032720,11.746602,11.746602
2.078694,2.281452,1.889726,24.032720,11.746602,11.746602
1.889726,2.404601,2.267667,21.868950,9.149612,9.149612
2.267667,2.404601,1.889726,21.868950,9.149612,9.149612
1.889726,2.535856,2.456646,19.895672,7.778655,7.778655
2.456646,2.535856,1.889726,19.895672,7.778655,7.778655
1.889726,2.674041,2.645618,18.149609,7.143674,7.143674
2.645618,2.674041,1.889726,18.149609,7.143674,7.143674
1.889726,2.818128,2.834591,16.573279,6.890168,6.890168
2.834591,2.818128,1.889726,16.573279,6.890168,6.890168
1.889726,3.120706,3.212536,12.797161,5.805588,5.805588
3.212536,3.120706,1.889726,12.797161,5.805588,5.805588
1.889726,3.601373,3.779461,7.639051,3.638163,3.638163
3.779461,3.601373,1.889726,7.639051,3.638163,3.638163
1.889726,3.934579,4.157388,6.226182,3.192943,3.192943
4.157388,3.934579,1.889726,6.226182,3.192943,3.192943
1.889726,4.796738,5.102258,5.393845,2.884928,2.884928
5.102258,4.796738,1.889726,5.393845,2.884928,2.884928
1.889726,5.685247,6.047127,5.333701,2.868103,2.868103
6.047127,5.685247,1.889726,5.333701,2.868103,2.868103
1.551189,2.267671,2.267672,26.356982,27.303521,27.303521
2.267672,2.267671,1.551189,26.356982,27.303521,27.303521
2.267667,2.601368,2.267671,17.780167,2.858823,2.858823
2.267671,2.601368,2.267667,17.780167,2.858823,2.858823
2.003921,2.456642,2.267671,20.545754,6.349937,6.349937
2.267671,2.456642,2.003921,20.545754,6.349937,6.349937
2.267671,2.714169,2.456646,16.106340,1.862749,1.862749
2.456646,2.714169,2.267671,16.106340,1.862749,1.862749
2.267671,2.835100,2.645618,14.654104,1.514492,1.514492
2.645618,2.835100,2.267671,14.654104,1.514492,1.514492
2.267671,2.963155,2.834591,13.368616,1.499011,1.499011
2.834591,2.963155,2.267671,13.368616,1.499011,1.499011
2.267671,3.237212,3.212536,11.373635,2.032216,2.032216
3.212536,3.237212,2.267671,11.373635,2.032216,2.032216
2.267671,3.682941,3.779461,7.804420,1.199928,1.199928
3.779461,3.682941,2.267671,7.804420,1.199928,1.199928
2.267671,3.997171,4.157388,6.304110,0.560438,0.560438
4.157388,3.997171,2.267671,6.304110,0.560438,0.560438
2.267671,4.822954,5.102258,5.342749,0.058672,0.058672
5.102258,4.822954,2.267671,5.342749,0.058672,0.058672
2.267671,5.685943,6.047127,5.244136,0.001865,0.001865
6.047127,5.685943,2.267671,5.244136,0.001865,0.001865
1.809705,2.645610,2.645617,19.019221,9.672669,9.672669
2.645617,2.645610,1.809705,19.019221,9.672669,9.672669
2.645617,3.034925,2.645618,11.950361,0.486892,0.486892
2.645618,3.034925,2.645617,11.950361,0.486892,0.486892
2.645617,3.147128,2.834591,10.918003,0.635761,0.635761
2.834591,3.147128,2.645617,10.918003,0.635761,0.635761
2.645617,3.392045,3.212536,9.240414,1.275599,1.275599
3.212536,3.392045,2.645617,9.240414,1.275599,1.275599
2.645617,3.800514,3.779461,7.519284,1.990456,1.990456
3.779461,3.800514,2.645617,7.519284,1.990456,1.990456
2.645617,4.093840,4.157388,6.189014,1.396455,1.396455
4.157388,4.093840,2.645617,6.189014,1.396455,1.396455
2.645617,4.878397,5.102258,5.284393,0.871402,0.871402
5.102258,4.878397,2.645617,5.284393,0.871402,0.871402
2.645617,5.711703,6.047127,5.176189,0.802670,0.802670
6.047127,5.711703,2.645617,5.176189,0.802670,0.802670
3.023562,3.580234,3.212536,7.746612,1.803210,1.803210
3.212536,3.580234,3.023562,7.746612,1.803210,1.803210
3.023562,3.950879,3.779461,6.803438,2.987441,2.987441
3.779461,3.950879,3.023562,6.803438,2.987441,2.987441
3.023562,4.222246,4.157388,6.006371,2.807176,2.807176
4.157388,4.222246,3.023562,6.006371,2.807176,2.807176
3.023562,4.962088,5.102258,5.242180,2.346519,2.346519
5.102258,4.962088,3.023562,5.242180,2.346519,2.346519
3.023562,5.762190,6.047127,5.133714,2.275012,2.275012
6.047127,5.762190,3.023562,5.133714,2.275012,2.275012
2.585305,3.779452,3.779460,7.591012,1.809238,1.809238
3.779460,3.779452,2.585305,7.591012,1.809238,1.809238
3.779452,4.335617,3.779461,5.566206,4.224098,4.224098
3.779461,4.335617,3.779452,5.566206,4.224098,4.224098
3.779452,4.562903,4.157388,5.466622,4.584324,4.584324
4.157388,4.562903,3.779452,5.466622,4.584324,4.584324
3.779452,5.208310,5.102258,5.240989,4.568410,4.568410
5.102258,5.208310,3.779452,5.240989,4.568410,4.568410
3.779452,5.934514,6.047127,5.160893,4.521099,4.521099
6.047127,5.934514,3.779452,5.160893,4.521099,4.521099
4.535343,5.547378,5.102258,5.264667,5.138734,5.138734
5.102258,5.547378,4.535343,5.264667,5.138734,5.138734
4.535343,6.194903,6.047127,5.228234,5.131406,5.131406
6.047127,6.194903,4.535343,5.228234,5.131406,5.131406
5.291233,6.532834,6.047127,5.192339,5.142854,5.142854
6.047127,6.532834,5.291233,5.192339,5.142854,5.142854
