R1,R2,R3,ETriat,E,ENew
1.511777,2.681929,1.511781,19.247371,44.033310,44.033310
1.511781,2.681929,1.511777,19.247371,44.033310,44.033310
1.511781,2.850893,1.700760,17.304421,31.236300,31.236300
1.700760,2.850893,1.511781,17.304421,31.236300,31.236300
1.511781,3.022220,1.889727,15.369755,24.599162,24.599162
1.889727,3.022220,1.511781,15.369755,24.599162,24.599162
1.511781,3.195531,2.078699,13.498852,21.179077,21.179077
2.078699,3.195531,1.511781,13.498852,21.179077,21.179077
1.511781,3.370530,2.267666,11.686426,19.391262,19.391262
2.267666,3.370530,1.511781,11.686426,19.391262,19.391262
1.511781,3.546974,2.456648,9.746042,18.195236,18.195236
2.456648,3.546974,1.511781,9.746042,18.195236,18.195236
1.511781,3.724637,2.645615,8.242241,17.689957,17.689957
2.645615,3.724637,1.511781,8.242241,17.689957,17.689957
1.511781,3.903359,2.834587,7.011098,17.479511,17.479511
2.834587,3.903359,1.511781,7.011098,17.479511,17.479511
1.511781,4.263472,3.212537,5.311003,17.546422,17.546422
3.212537,4.263472,1.511781,5.311003,17.546422,17.546422
1.511781,4.808757,3.779443,4.348199,18.187734,18.187734
3.779443,4.808757,1.511781,4.348199,18.187734,18.187734
1.511781,5.174876,4.157393,4.458695,18.718077,18.718077
4.157393,5.174876,1.511781,4.458695,18.718077,18.718077
1.511781,6.096488,5.102264,5.410551,19.859377,19.859377
5.102264,6.096488,1.511781,5.410551,19.859377,19.859377
1.511781,7.024269,6.047124,5.422831,19.898145,19.898145
6.047124,7.024269,1.511781,5.422831,19.898145,19.898145
1.889726,3.352419,1.889727,13.262394,6.760726,6.760726
1.889727,3.352419,1.889726,13.262394,6.760726,6.760726
1.889726,3.521113,2.078699,11.967406,3.740458,3.740458
2.078699,3.521113,1.889726,11.967406,3.740458,3.740458
1.889726,3.691779,2.267666,10.940393,2.531640,2.531640
2.267666,3.691779,1.889726,10.940393,2.531640,2.531640
1.889726,3.864158,2.456648,10.033266,2.158405,2.158405
2.456648,3.864158,1.889726,10.033266,2.158405,2.158405
1.889726,4.038013,2.645615,9.074280,2.008496,2.008496
2.645615,4.038013,1.889726,9.074280,2.008496,2.008496
1.889726,4.213164,2.834587,8.213689,2.016778,2.016778
2.834587,4.213164,1.889726,8.213689,2.016778,2.016778
1.889726,4.566794,3.212537,6.772257,2.163306,2.163306
3.212537,4.566794,1.889726,6.772257,2.163306,2.163306
1.889726,5.103758,3.779443,5.579553,2.504148,2.504148
3.779443,5.103758,1.889726,5.579553,2.504148,2.504148
1.889726,5.465109,4.157393,5.343141,2.682591,2.682591
4.157393,5.465109,1.889726,5.343141,2.682591,2.682591
1.889726,6.376903,5.102264,5.301168,2.826907,2.826907
5.102264,6.376903,1.889726,5.301168,2.826907,2.826907
1.889726,7.297104,6.047124,5.315901,2.865978,2.865978
6.047124,7.297104,1.889726,5.315901,2.865978,2.865978
2.267666,4.022893,2.267671,10.005069,-0.719150,-0.719150
2.267671,4.022893,2.267666,10.005069,-0.719150,-0.719150
2.267671,4.191430,2.456648,9.435501,-0.915893,-0.915893
2.456648,4.191430,2.267671,9.435501,-0.915893,-0.915893
2.267671,4.361635,2.645615,8.828414,-0.833328,-0.833328
2.645615,4.361635,2.267671,8.828414,-0.833328,-0.833328
2.267671,4.533319,2.834587,8.210881,-0.661866,-0.661866
2.834587,4.533319,2.267671,8.210881,-0.661866,-0.661866
2.267671,4.880543,3.212537,6.853949,-0.504975,-0.504975
3.212537,4.880543,2.267671,6.853949,-0.504975,-0.504975
2.267671,5.409088,3.779443,5.731799,-0.113180,-0.113180
3.779443,5.409088,2.267671,5.731799,-0.113180,-0.113180
2.267671,5.765516,4.157393,5.372015,-0.059452,-0.059452
4.157393,5.765516,2.267671,5.372015,-0.059452,-0.059452
2.267671,6.666956,5.102264,5.222954,-0.025498,-0.025498
5.102264,6.666956,2.267671,5.222954,-0.025498,-0.025498
2.267671,7.578970,6.047124,5.219144,-0.006591,-0.006591
6.047124,7.578970,2.267671,5.219144,-0.006591,-0.006591
2.645615,4.693384,2.645617,8.204307,-0.529259,-0.529259
2.645617,4.693384,2.645615,8.204307,-0.529259,-0.529259
2.645617,4.861779,2.834587,7.810504,-0.162919,-0.162919
2.834587,4.861779,2.645617,7.810504,-0.162919,-0.162919
2.645617,5.202835,3.212537,6.834004,0.353591,0.353591
3.212537,5.202835,2.645617,6.834004,0.353591,0.353591
2.645617,5.723094,3.779443,5.681827,0.711302,0.711302
3.779443,5.723094,2.645617,5.681827,0.711302,0.711302
2.645617,6.074588,4.157393,5.322573,0.764249,0.764249
4.157393,6.074588,2.645617,5.322573,0.764249,0.764249
2.645617,6.965444,5.102264,5.157591,0.779253,0.779253
5.102264,6.965444,2.645617,5.157591,0.779253,0.779253
2.645617,7.868896,6.047124,5.149960,0.793173,0.793173
6.047124,7.868896,2.645617,5.149960,0.793173,0.793173
3.023562,5.532175,3.212537,6.534926,1.575548,1.575548
3.212537,5.532175,3.023562,6.534926,1.575548,1.575548
3.023562,6.044424,3.779443,5.614501,2.163089,2.163089
3.779443,6.044424,3.023562,5.614501,2.163089,2.163089
3.023562,6.391067,4.157393,5.275498,2.234813,2.234813
4.157393,6.391067,3.023562,5.275498,2.234813,2.234813
3.023562,7.271327,5.102264,5.118499,2.255411,2.255411
5.102264,7.271327,3.023562,5.118499,2.255411,2.255411
3.023562,8.166024,6.047124,5.106837,2.264474,2.264474
6.047124,8.166024,3.023562,5.106837,2.264474,2.264474
3.779443,6.704822,3.779452,5.376854,4.148255,4.148255
3.779452,6.704822,3.779443,5.376854,4.148255,4.148255
3.779452,7.042233,4.157393,5.271618,4.451543,4.451543
4.157393,7.042233,3.779452,5.271618,4.451543,4.451543
3.779452,7.901824,5.102264,5.156731,4.511386,4.511386
5.102264,7.901824,3.779452,5.156731,4.511386,4.511386
3.779452,8.778945,6.047124,5.140043,4.514421,4.514421
6.047124,8.778945,3.779452,5.140043,4.514421,4.514421
4.535343,8.552671,5.102264,5.209971,5.104910,5.104910
5.102264,8.552671,4.535343,5.209971,5.104910,5.104910
4.535343,9.412679,6.047124,5.208501,5.122646,5.122646
6.047124,9.412679,4.535343,5.208501,5.122646,5.122646
5.291233,10.063296,6.047124,5.196632,5.154909,5.154909
6.047124,10.063296,5.291233,5.196632,5.154909,5.154909
