R1,R2,R3,ETriat,E,ENew
1.511781,2.550043,1.511784,21.835844,46.143278,46.143278
1.511784,2.550043,1.511781,21.835844,46.143278,46.143278
1.511781,2.711335,1.700761,19.366144,32.735614,32.735614
1.700761,2.711335,1.511781,19.366144,32.735614,32.735614
1.511781,2.875985,1.889731,16.977911,25.616484,25.616484
1.889731,2.875985,1.511781,16.977911,25.616484,25.616484
1.511781,3.043463,2.078701,14.723134,21.826373,21.826373
2.078701,3.043463,1.511781,14.723134,21.826373,21.826373
1.511781,3.213325,2.267671,12.593513,19.771305,19.771305
2.267671,3.213325,1.511781,12.593513,19.771305,19.771305
1.511781,3.385214,2.456641,10.399216,18.400348,18.400348
2.456641,3.385214,1.511781,10.399216,18.400348,18.400348
1.511781,3.558849,2.645619,8.700580,17.796113,17.796113
2.645619,3.558849,1.511781,8.700580,17.796113,17.796113
1.511781,3.733961,2.834588,7.308251,17.521748,17.521748
2.834588,3.733961,1.511781,7.308251,17.521748,17.521748
1.511781,4.087888,3.212528,5.409924,17.541955,17.541955
3.212528,4.087888,1.511781,5.409924,17.541955,17.541955
1.511781,4.625935,3.779463,4.330526,18.154821,18.154821
3.779463,4.625935,1.511781,4.330526,18.154821,18.154821
1.511781,4.988171,4.157402,4.414310,18.668382,18.668382
4.157402,4.988171,1.511781,4.414310,18.668382,18.668382
1.511781,5.902395,5.102259,5.354523,19.800489,19.800489
5.102259,5.902395,1.511781,5.354523,19.800489,19.800489
1.511781,6.824969,6.047116,5.424954,19.899185,19.899185
6.047116,6.824969,1.511781,5.424954,19.899185,19.899185
1.889726,3.187563,1.889731,14.269599,7.204514,7.204514
1.889731,3.187563,1.889726,14.269599,7.204514,7.204514
1.889726,3.348477,2.078701,12.777816,4.053504,4.053504
2.078701,3.348477,1.889726,12.777816,4.053504,4.053504
1.889726,3.512187,2.267671,11.606510,2.789917,2.789917
2.267671,3.512187,1.889726,11.606510,2.789917,2.789917
1.889726,3.678320,2.456641,10.414404,2.230260,2.230260
2.456641,3.678320,1.889726,10.414404,2.230260,2.230260
1.889726,3.846576,2.645619,9.299737,2.017776,2.017776
2.645619,3.846576,1.889726,9.299737,2.017776,2.017776
1.889726,4.016661,2.834588,8.341111,2.005070,2.005070
2.834588,4.016661,1.889726,8.341111,2.005070,2.005070
1.889726,4.361498,3.212528,6.794672,2.140366,2.140366
3.212528,4.361498,1.889726,6.794672,2.140366,2.140366
1.889726,4.887966,3.779463,5.561146,2.478389,2.478389
3.779463,4.887966,1.889726,5.561146,2.478389,2.478389
1.889726,5.243618,4.157402,5.335192,2.669842,2.669842
4.157402,5.243618,1.889726,5.335192,2.669842,2.669842
1.889726,6.144411,5.102259,5.302656,2.825736,2.825736
5.102259,6.144411,1.889726,5.302656,2.825736,2.825736
1.889726,7.056738,6.047116,5.316931,2.866021,2.866021
6.047116,7.056738,1.889726,5.316931,2.866021,2.866021
2.267671,3.825067,2.267671,10.199534,-0.758482,-0.758482
2.267671,3.825067,2.267671,10.199534,-0.758482,-0.758482
2.267671,3.985735,2.456641,9.520366,-0.988355,-0.988355
2.456641,3.985735,2.267671,9.520366,-0.988355,-0.988355
2.267671,4.148804,2.645619,8.852706,-0.906787,-0.906787
2.645619,4.148804,2.267671,8.852706,-0.906787,-0.906787
2.267671,4.313972,2.834588,8.198322,-0.730772,-0.730772
2.834588,4.313972,2.267671,8.198322,-0.730772,-0.730772
2.267671,4.649751,3.212528,6.841317,-0.533986,-0.533986
3.212528,4.649751,2.267671,6.841317,-0.533986,-0.533986
2.267671,5.164383,3.779463,5.705259,-0.145226,-0.145226
3.779463,5.164383,2.267671,5.705259,-0.145226,-0.145226
2.267671,5.513156,4.157402,5.361751,-0.074500,-0.074500
4.157402,5.513156,2.267671,5.361751,-0.074500,-0.074500
2.267671,6.399608,5.102259,5.223706,-0.027016,-0.027016
5.102259,6.399608,2.267671,5.223706,-0.027016,-0.027016
2.267671,7.300726,6.047116,5.219832,-0.006765,-0.006765
6.047116,7.300726,2.267671,5.219832,-0.006765,-0.006765
2.645617,4.462587,2.645619,8.124663,-0.642223,-0.642223
2.645619,4.462587,2.645617,8.124663,-0.642223,-0.642223
2.645617,4.623076,2.834588,7.719571,-0.272283,-0.272283
2.834588,4.623076,2.645617,7.719571,-0.272283,-0.272283
2.645617,4.950090,3.212528,6.845552,0.357754,0.357754
3.212528,4.950090,2.645617,6.845552,0.357754,0.357754
2.645617,5.452996,3.779463,5.644861,0.669108,0.669108
3.779463,5.452996,2.645617,5.644861,0.669108,0.669108
2.645617,5.794820,4.157402,5.308188,0.745516,0.745516
4.157402,5.794820,2.645617,5.308188,0.745516,0.745516
2.645617,6.666474,5.102259,5.157437,0.777258,0.777258
5.102259,6.666474,2.645617,5.157437,0.777258,0.777258
2.645617,7.555748,6.047116,5.150303,0.792783,0.792783
6.047116,7.555748,2.645617,5.150303,0.792783,0.792783
3.023562,5.260445,3.212528,6.443342,1.478153,1.478153
3.212528,5.260445,3.023562,6.443342,1.478153,1.478153
3.023562,5.751971,3.779463,5.567551,2.111486,2.111486
3.779463,5.751971,3.023562,5.567551,2.111486,2.111486
3.023562,6.086926,4.157402,5.280961,2.236721,2.236721
4.157402,6.086926,3.023562,5.280961,2.236721,2.236721
3.023562,6.943662,5.102259,5.117786,2.253243,2.253243
5.102259,6.943662,3.023562,5.117786,2.253243,2.253243
3.023562,7.820725,6.047116,5.107104,2.264127,2.264127
6.047116,7.820725,3.023562,5.107104,2.264127,2.264127
3.779452,6.375125,3.779463,5.317203,4.085854,4.085854
3.779463,6.375125,3.779452,5.317203,4.085854,4.085854
3.779452,6.696953,4.157402,5.239098,4.417025,4.417025
4.157402,6.696953,3.779452,5.239098,4.417025,4.417025
3.779452,7.524404,5.102259,5.157096,4.510865,4.510865
5.102259,7.524404,3.779452,5.157096,4.510865,4.510865
3.779452,8.376731,6.047116,5.140546,4.514508,4.514508
6.047116,8.376731,3.779452,5.140546,4.514508,4.514508
4.535343,8.133978,5.102259,5.208295,5.102699,5.102699
5.102259,8.133978,4.535343,5.208295,5.102699,5.102699
4.535343,8.962045,6.047116,5.208689,5.122560,5.122560
6.047116,8.962045,4.535343,5.208689,5.122560,5.122560
5.291233,9.571291,6.047116,5.196683,5.154779,5.154779
6.047116,9.571291,5.291233,5.196683,5.154779,5.154779
