R1,R2,R3,ETriat,E,ENew
2.200005,3.816689,2.282033,10.294986,-0.601590,-0.601590
2.282033,3.816689,2.200005,10.294986,-0.601590,-0.601590
2.282033,3.987233,2.400010,9.620269,-1.018103,-1.018103
2.400010,3.987233,2.282033,9.620269,-1.018103,-1.018103
2.282033,4.160402,2.600015,8.954121,-0.967627,-0.967627
2.600015,4.160402,2.282033,8.954121,-0.967627,-0.967627
2.282033,4.335866,2.800012,8.274724,-0.789400,-0.789400
2.800012,4.335866,2.282033,8.274724,-0.789400,-0.789400
2.282033,4.513386,3.000017,7.590608,-0.616551,-0.616551
3.000017,4.513386,2.282033,7.590608,-0.616551,-0.616551
2.282033,4.692716,3.200022,6.959214,-0.459096,-0.459096
3.200022,4.692716,2.282033,6.959214,-0.459096,-0.459096
2.282033,4.873640,3.400018,6.368179,-0.373278,-0.373278
3.400018,4.873640,2.282033,6.368179,-0.373278,-0.373278
2.282033,5.056016,3.600024,5.982032,-0.223499,-0.223499
3.600024,5.056016,2.282033,5.982032,-0.223499,-0.223499
2.282033,5.239679,3.800029,5.677309,-0.140717,-0.140717
3.800029,5.239679,2.282033,5.677309,-0.140717,-0.140717
2.282033,5.424483,4.000025,5.466243,-0.097309,-0.097309
4.000025,5.424483,2.282033,5.466243,-0.097309,-0.097309
2.282033,5.610344,4.200030,5.338338,-0.073546,-0.073546
4.200030,5.610344,2.282033,5.338338,-0.073546,-0.073546
2.282033,5.797146,4.400035,5.270302,-0.059149,-0.059149
4.400035,5.797146,2.282033,5.270302,-0.059149,-0.059149
2.282033,5.984775,4.600015,5.238770,-0.049088,-0.049088
4.600015,5.984775,2.282033,5.238770,-0.049088,-0.049088
2.282033,6.173206,4.800020,5.225983,-0.041369,-0.041369
4.800020,6.173206,2.282033,5.225983,-0.041369,-0.041369
2.282033,6.362344,5.000025,5.221386,-0.034951,-0.034951
5.000025,6.362344,2.282033,5.221386,-0.034951,-0.034951
2.282033,6.552114,5.200022,5.219871,-0.029184,-0.029184
5.200022,6.552114,2.282033,5.219871,-0.029184,-0.029184
2.282033,6.742488,5.400027,5.219182,-0.023980,-0.023980
5.400027,6.742488,2.282033,5.219182,-0.023980,-0.023980
2.282033,6.933404,5.600032,5.218536,-0.019427,-0.019427
5.600032,6.933404,2.282033,5.218536,-0.019427,-0.019427
2.282033,7.124807,5.800028,5.217756,-0.015611,-0.015611
5.800028,7.124807,2.282033,5.217756,-0.015611,-0.015611
2.282033,7.316682,6.000034,5.216883,-0.012532,-0.012532
6.000034,7.316682,2.282033,5.216883,-0.012532,-0.012532
2.282033,7.798137,6.500029,5.215122,-0.007155,-0.007155
6.500029,7.798137,2.282033,5.215122,-0.007155,-0.007155
2.282033,8.281804,7.000042,5.214244,-0.003859,-0.003859
7.000042,8.281804,2.282033,5.214244,-0.003859,-0.003859
2.282033,8.767291,7.500038,5.213971,-0.001691,-0.001691
7.500038,8.767291,2.282033,5.213971,-0.001691,-0.001691
2.282033,9.254323,8.000033,5.213921,-0.000260,-0.000260
8.000033,9.254323,2.282033,5.213921,-0.000260,-0.000260
2.282033,9.742695,8.500055,5.213988,0.000737,0.000737
8.500055,9.742695,2.282033,5.213988,0.000737,0.000737
2.282033,10.232166,9.000050,5.214123,0.001474,0.001474
9.000050,10.232166,2.282033,5.214123,0.001474,0.001474
2.282033,10.722608,9.500046,5.214287,0.002038,0.002038
9.500046,10.722608,2.282033,5.214287,0.002038,0.002038
2.282033,11.213908,10.000059,5.214405,0.002428,0.002428
10.000059,11.213908,2.282033,5.214405,0.002428,0.002428
