R1,R2,R3,ETriat,E,ENew
1.511781,3.012064,1.511788,20.248742,46.363524,46.363524
1.511788,3.012064,1.511781,20.248742,46.363524,46.363524
1.511781,3.200357,1.700758,19.478586,34.782097,34.782097
1.700758,3.200357,1.511781,19.478586,34.782097,34.782097
1.511781,3.388728,1.889731,18.488853,29.026248,29.026248
1.889731,3.388728,1.511781,18.488853,29.026248,29.026248
1.511781,3.577160,2.078700,17.194888,26.032563,26.032563
2.078700,3.577160,1.511781,17.194888,26.032563,26.032563
1.511781,3.765648,2.267673,15.738560,24.389800,24.389800
2.267673,3.765648,1.511781,15.738560,24.389800,24.389800
1.511781,3.954181,2.456643,14.032851,23.194164,23.194164
2.456643,3.954181,1.511781,14.032851,23.194164,23.194164
1.511781,4.142755,2.645616,11.874278,21.813971,21.813971
2.645616,4.142755,1.511781,11.874278,21.813971,21.813971
1.511781,4.331362,2.834585,10.040976,20.821193,20.821193
2.834585,4.331362,1.511781,10.040976,20.821193,20.821193
1.511781,4.708665,3.212528,7.315417,19.648758,19.648758
3.212528,4.708665,1.511781,7.315417,19.648758,19.648758
1.511781,5.274812,3.779462,5.450905,19.306094,19.306094
3.779462,5.274812,1.511781,5.450905,19.306094,19.306094
1.511781,5.652317,4.157404,5.278143,19.547676,19.547676
4.157404,5.652317,1.511781,5.278143,19.547676,19.547676
1.511781,6.596298,5.102259,5.969381,20.423458,20.423458
5.102259,6.596298,1.511781,5.969381,20.423458,20.423458
1.511781,7.540498,6.047113,5.459689,19.936912,19.936912
6.047113,7.540498,1.511781,5.459689,19.936912,19.936912
1.889726,3.765075,1.889731,16.551975,11.052472,11.052472
1.889731,3.765075,1.889726,16.551975,11.052472,11.052472
1.889726,3.953360,2.078700,15.551848,8.101371,8.101371
2.078700,3.953360,1.889726,15.551848,8.101371,8.101371
1.889726,4.141710,2.267673,14.683662,6.828027,6.828027
2.267673,4.141710,1.889726,14.683662,6.828027,6.828027
1.889726,4.330112,2.456643,13.802704,6.289965,6.289965
2.456643,4.330112,1.889726,13.802704,6.289965,6.289965
1.889726,4.518564,2.645616,12.577610,5.730091,5.730091
2.645616,4.518564,1.889726,12.577610,5.730091,5.730091
1.889726,4.707055,2.834585,10.972147,4.897110,4.897110
2.834585,4.707055,1.889726,10.972147,4.897110,4.897110
1.889726,5.084146,3.212528,8.481415,3.906326,3.906326
3.212528,5.084146,1.889726,8.481415,3.906326,3.906326
1.889726,5.650016,3.779462,6.281621,3.218181,3.218181
3.779462,5.650016,1.889726,6.281621,3.218181,3.218181
1.889726,6.027360,4.157404,5.672748,3.022175,3.022175
4.157404,6.027360,1.889726,5.672748,3.022175,3.022175
1.889726,6.971003,5.102259,5.352877,2.882976,2.882976
5.102259,6.971003,1.889726,5.352877,2.882976,2.882976
1.889726,7.914936,6.047113,5.323764,2.875474,2.875474
6.047113,7.914936,1.889726,5.323764,2.875474,2.875474
2.267671,4.518086,2.267673,13.318994,2.826430,2.826430
2.267673,4.518086,2.267671,13.318994,2.826430,2.826430
2.267671,4.706366,2.456643,12.653165,2.435242,2.435242
2.456643,4.706366,2.267671,12.653165,2.435242,2.435242
2.267671,4.894701,2.645616,11.944390,2.355279,2.355279
2.645616,4.894701,2.267671,11.944390,2.355279,2.355279
2.267671,5.083082,2.834585,10.762201,1.928532,1.928532
2.834585,5.083082,2.267671,10.762201,1.928532,1.928532
2.267671,5.459967,3.212528,8.514848,1.171785,1.171785
3.212528,5.459967,2.267671,8.514848,1.171785,1.171785
2.267671,6.025562,3.779462,6.237817,0.403980,0.403980
3.779462,6.025562,2.267671,6.237817,0.403980,0.403980
2.267671,6.402745,4.157404,5.600586,0.177836,0.177836
4.157404,6.402745,2.267671,5.600586,0.177836,0.177836
2.267671,7.346041,5.102259,5.257238,0.012229,0.012229
5.102259,7.346041,2.267671,5.257238,0.012229,0.012229
2.267671,8.289692,6.047113,5.224288,-0.000087,-0.000087
6.047113,8.289692,2.267671,5.224288,-0.000087,-0.000087
2.645616,5.271097,2.645617,10.717536,2.007889,2.007889
2.645617,5.271097,2.645616,10.717536,2.007889,2.007889
2.645617,5.459373,2.834585,9.909478,1.952816,1.952816
2.834585,5.459373,2.645617,9.909478,1.952816,1.952816
2.645617,5.836062,3.212528,8.220342,1.752647,1.752647
3.212528,5.836062,2.645617,8.220342,1.752647,1.752647
2.645617,6.401391,3.779462,6.141756,1.180718,1.180718
3.779462,6.401391,2.645617,6.141756,1.180718,1.180718
2.645617,6.778414,4.157404,5.524391,0.972917,0.972917
4.157404,6.778414,2.645617,5.524391,0.972917,0.972917
2.645617,7.721362,5.102259,5.188665,0.812990,0.812990
5.102259,7.721362,2.645617,5.188665,0.812990,0.812990
2.645617,8.664725,6.047113,5.154788,0.799114,0.799114
6.047113,8.664725,2.645617,5.154788,0.799114,0.799114
3.023562,6.212382,3.212528,7.540581,2.592220,2.592220
3.212528,6.212382,3.023562,7.540581,2.592220,2.592220
3.023562,6.777456,3.779462,6.042457,2.598334,2.598334
3.779462,6.777456,3.023562,6.042457,2.598334,2.598334
3.023562,7.154322,4.157404,5.465602,2.429995,2.429995
4.157404,7.154322,3.023562,5.465602,2.429995,2.429995
3.023562,8.096926,5.102259,5.145723,2.284682,2.284682
5.102259,8.096926,3.023562,5.145723,2.284682,2.284682
3.023562,9.040000,6.047113,5.106932,2.265471,2.265471
6.047113,9.040000,3.023562,5.106932,2.265471,2.265471
3.779452,7.530150,3.779462,5.781049,4.556224,4.556224
3.779462,7.530150,3.779452,5.781049,4.556224,4.556224
3.779452,7.906722,4.157404,5.410261,4.592867,4.592867
4.157404,7.906722,3.779452,5.410261,4.592867,4.592867
3.779452,8.848665,5.102259,5.170612,4.526476,4.526476
5.102259,8.848665,3.779452,5.170612,4.526476,4.526476
3.779452,9.791168,6.047113,5.136120,4.511082,4.511082
6.047113,9.791168,3.779452,5.136120,4.511082,4.511082
4.535343,9.601055,5.102259,5.219222,5.114884,5.114884
5.102259,9.601055,4.535343,5.219222,5.114884,5.114884
4.535343,10.543010,6.047113,5.206822,5.121345,5.121345
6.047113,10.543010,4.535343,5.206822,5.121345,5.121345
5.291233,11.295393,6.047113,5.196473,5.154996,5.154996
6.047113,11.295393,5.291233,5.196473,5.154996,5.154996
