R1,R2,R3,ETriat,E,ENew
1.511781,2.550043,1.511784,39.238340,63.545775,63.545775
1.511784,2.550043,1.511781,39.238340,63.545775,63.545775
1.511781,2.711335,1.700761,35.469365,48.838835,48.838835
1.700761,2.711335,1.511781,35.469365,48.838835,48.838835
1.511781,2.875985,1.889731,31.889096,40.527669,40.527669
1.889731,2.875985,1.511781,31.889096,40.527669,40.527669
1.511781,3.043463,2.078701,28.595618,35.698857,35.698857
2.078701,3.043463,1.511781,28.595618,35.698857,35.698857
1.511781,3.213325,2.267671,26.427533,33.605325,33.605325
2.267671,3.213325,1.511781,26.427533,33.605325,33.605325
1.511781,3.385214,2.456641,21.803675,29.804807,29.804807
2.456641,3.385214,1.511781,21.803675,29.804807,29.804807
1.511781,3.558849,2.645619,18.836162,27.931694,27.931694
2.645619,3.558849,1.511781,18.836162,27.931694,27.931694
1.511781,3.733961,2.834588,16.254225,26.467721,26.467721
2.834588,3.733961,1.511781,16.254225,26.467721,26.467721
1.511781,4.087888,3.212528,11.021500,23.153532,23.153532
3.212528,4.087888,1.511781,11.021500,23.153532,23.153532
1.511781,4.625935,3.779463,7.162203,20.986497,20.986497
3.779463,4.625935,1.511781,7.162203,20.986497,20.986497
1.511781,4.988171,4.157402,6.137730,20.391802,20.391802
4.157402,4.988171,1.511781,6.137730,20.391802,20.391802
1.511781,5.902395,5.102259,5.499576,19.945542,19.945542
5.102259,5.902395,1.511781,5.499576,19.945542,19.945542
1.511781,6.824969,6.047116,5.419706,19.893938,19.893938
6.047116,6.824969,1.511781,5.419706,19.893938,19.893938
1.889726,3.187563,1.889731,28.531623,21.466538,21.466538
1.889731,3.187563,1.889726,28.531623,21.466538,21.466538
1.889726,3.348477,2.078701,26.567518,17.843206,17.843206
2.078701,3.348477,1.889726,26.567518,17.843206,17.843206
1.889726,3.512187,2.267671,25.222929,16.406336,16.406336
2.267671,3.512187,1.889726,25.222929,16.406336,16.406336
1.889726,3.678320,2.456641,21.443807,13.259662,13.259662
2.456641,3.678320,1.889726,21.443807,13.259662,13.259662
1.889726,3.846576,2.645619,17.948797,10.666835,10.666835
2.645619,3.846576,1.889726,17.948797,10.666835,10.666835
1.889726,4.016661,2.834588,14.911815,8.575774,8.575774
2.834588,4.016661,1.889726,14.911815,8.575774,8.575774
1.889726,4.361498,3.212528,10.638468,5.984161,5.984161
3.212528,4.361498,1.889726,10.638468,5.984161,5.984161
1.889726,4.887966,3.779463,7.036133,3.953376,3.953376
3.779463,4.887966,1.889726,7.036133,3.953376,3.953376
1.889726,5.243618,4.157402,6.042678,3.377327,3.377327
4.157402,5.243618,1.889726,6.042678,3.377327,3.377327
1.889726,6.144411,5.102259,5.414102,2.937182,2.937182
5.102259,6.144411,1.889726,5.414102,2.937182,2.937182
1.889726,7.056738,6.047116,5.337052,2.886142,2.886142
6.047116,7.056738,1.889726,5.337052,2.886142,2.886142
2.267671,3.825067,2.267671,22.589443,11.631427,11.631427
2.267671,3.825067,2.267671,22.589443,11.631427,11.631427
2.267671,3.985735,2.456641,19.352659,8.843938,8.843938
2.456641,3.985735,2.267671,19.352659,8.843938,8.843938
2.267671,4.148804,2.645619,16.147938,6.388445,6.388445
2.645619,4.148804,2.267671,16.147938,6.388445,6.388445
2.267671,4.313972,2.834588,13.697629,4.768535,4.768535
2.834588,4.313972,2.267671,13.697629,4.768535,4.768535
2.267671,4.649751,3.212528,10.051086,2.675783,2.675783
3.212528,4.649751,2.267671,10.051086,2.675783,2.675783
2.267671,5.164383,3.779463,6.826482,0.975996,0.975996
3.779463,5.164383,2.267671,6.826482,0.975996,0.975996
2.267671,5.513156,4.157402,5.891487,0.455236,0.455236
4.157402,5.513156,2.267671,5.891487,0.455236,0.455236
2.267671,6.399608,5.102259,5.300677,0.049955,0.049955
5.102259,6.399608,2.267671,5.300677,0.049955,0.049955
2.267671,7.300726,6.047116,5.229719,0.003122,0.003122
6.047116,7.300726,2.267671,5.229719,0.003122,0.003122
2.645617,4.462587,2.645619,13.851762,5.084876,5.084876
2.645619,4.462587,2.645617,13.851762,5.084876,5.084876
2.645617,4.623076,2.834588,12.265822,4.273967,4.273967
2.834588,4.623076,2.645617,12.265822,4.273967,4.273967
2.645617,4.950090,3.212528,9.375371,2.887573,2.887573
3.212528,4.950090,2.645617,9.375371,2.887573,2.887573
2.645617,5.452996,3.779463,6.636425,1.660672,1.660672
3.779463,5.452996,2.645617,6.636425,1.660672,1.660672
2.645617,5.794820,4.157402,5.782548,1.219876,1.219876
4.157402,5.794820,2.645617,5.782548,1.219876,1.219876
2.645617,6.666474,5.102259,5.237314,0.857135,0.857135
5.102259,6.666474,2.645617,5.237314,0.857135,0.857135
2.645617,7.555748,6.047116,5.170554,0.813034,0.813034
6.047116,7.555748,2.645617,5.170554,0.813034,0.813034
3.023562,5.260445,3.212528,8.563153,3.597964,3.597964
3.212528,5.260445,3.023562,8.563153,3.597964,3.597964
3.023562,5.751971,3.779463,6.438345,2.982280,2.982280
3.779463,5.751971,3.023562,6.438345,2.982280,2.982280
3.023562,6.086926,4.157402,5.692877,2.648637,2.648637
4.157402,6.086926,3.023562,5.692877,2.648637,2.648637
3.023562,6.943662,5.102259,5.199050,2.334507,2.334507
5.102259,6.943662,3.023562,5.199050,2.334507,2.334507
3.023562,7.820725,6.047116,5.135290,2.292314,2.292314
6.047116,7.820725,3.023562,5.135290,2.292314,2.292314
3.779452,6.375125,3.779463,5.893555,4.662206,4.662206
3.779463,6.375125,3.779452,5.893555,4.662206,4.662206
3.779452,6.696953,4.157402,5.537139,4.715067,4.715067
4.157402,6.696953,3.779452,5.537139,4.715067,4.715067
3.779452,7.524404,5.102259,5.222922,4.576692,4.576692
5.102259,7.524404,3.779452,5.222922,4.576692,4.576692
3.779452,8.376731,6.047116,5.169123,4.543085,4.543085
6.047116,8.376731,3.779452,5.169123,4.543085,4.543085
4.535343,8.133978,5.102259,5.225381,5.119784,5.119784
5.102259,8.133978,4.535343,5.225381,5.119784,5.119784
4.535343,8.962045,6.047116,5.211421,5.125292,5.125292
6.047116,8.962045,4.535343,5.211421,5.125292,5.125292
5.291233,9.571291,6.047116,5.216501,5.174597,5.174597
6.047116,9.571291,5.291233,5.216501,5.174597,5.174597
