R1,R2,R3,ETriat,E,ENew
1.511788,1.511781,2.316189,42.152417,65.940124,65.940124
2.316189,1.511781,1.511788,42.152417,65.940124,65.940124
1.511781,1.700749,2.551270,37.673775,50.455189,50.455189
2.551270,1.700749,1.511781,37.673775,50.455189,50.455189
1.511781,1.474957,2.267672,43.123429,70.264264,70.264264
2.267672,1.474957,1.511781,43.123429,70.264264,70.264264
2.128418,1.511781,2.267671,39.099394,43.476038,43.476038
2.267671,1.511781,2.128418,39.099394,43.476038,43.476038
1.511781,1.621889,2.456642,39.491027,55.815991,55.815991
2.456642,1.621889,1.511781,39.491027,55.815991,55.815991
1.511781,1.776799,2.645610,35.834039,46.249780,46.249780
2.645610,1.776799,1.511781,35.834039,46.249780,46.249780
1.511781,1.937769,2.834592,32.033186,39.717714,39.717714
2.834592,1.937769,1.511781,32.033186,39.717714,39.717714
1.511781,2.834592,3.821737,16.096602,26.453932,26.453932
3.821737,2.834592,1.511781,16.096602,26.453932,26.453932
1.511781,2.272678,3.212542,25.651141,32.824857,32.824857
3.212542,2.272678,1.511781,25.651141,32.824857,32.824857
1.511781,2.795691,3.779460,16.604823,26.737967,26.737967
3.779460,2.795691,1.511781,16.604823,26.737967,26.737967
1.511781,3.779443,4.808757,7.208626,21.048161,21.048161
4.808757,3.779443,1.511781,7.208626,21.048161,21.048161
1.511781,3.152797,4.157397,11.664486,23.625767,23.625767
4.157397,3.152797,1.511781,11.664486,23.625767,23.625767
1.511781,4.062120,5.102265,6.360506,20.550037,20.550037
5.102265,4.062120,1.511781,6.360506,20.550037,20.550037
1.511781,4.984668,6.047120,5.530837,19.975420,19.975420
6.047120,4.984668,1.511781,5.530837,19.975420,19.975420
1.889731,1.889726,2.895234,30.259889,22.050609,22.050609
2.895234,1.889726,1.889731,30.259889,22.050609,22.050609
1.889726,1.368855,2.078705,45.714363,69.037406,69.037406
2.078705,1.368855,1.889726,45.714363,69.037406,69.037406
2.078691,1.889726,2.928606,28.593116,18.309674,18.309674
2.928606,1.889726,2.078691,28.593116,18.309674,18.309674
1.889726,1.465606,2.267672,40.556271,51.698004,51.698004
2.267672,1.465606,1.889726,40.556271,51.698004,51.698004
1.889726,1.579112,2.456642,36.603401,38.622726,38.622726
2.456642,1.579112,1.889726,36.603401,38.622726,38.622726
1.889726,1.706068,2.645610,33.571582,29.544622,29.544622
2.645610,1.706068,1.889726,33.571582,29.544622,29.544622
1.889726,1.843684,2.834592,30.991743,23.474036,23.474036
2.834592,1.843684,1.889726,30.991743,23.474036,23.474036
2.660516,1.889726,2.834588,25.047915,14.739203,14.739203
2.834588,1.889726,2.660516,25.047915,14.739203,14.739203
1.889726,2.142531,3.212542,27.657758,18.149227,18.149227
3.212542,2.142531,1.889726,27.657758,18.149227,18.149227
1.889726,2.629257,3.779460,18.446759,11.001823,11.001823
3.779460,2.629257,1.889726,18.446759,11.001823,11.001823
1.889726,2.969577,4.157397,13.290944,7.611486,7.611486
4.157397,2.969577,1.889726,13.290944,7.611486,7.611486
1.889726,3.851228,5.102265,6.793012,3.826146,3.826146
5.102265,3.851228,1.889726,6.793012,3.826146,3.826146
1.889726,4.757198,6.047120,5.509213,3.016278,3.016278
6.047120,4.757198,1.889726,5.509213,3.016278,3.016278
2.267671,1.551189,2.267672,37.095151,38.041691,38.041691
2.267672,1.551189,2.267671,37.095151,38.041691,38.041691
2.267673,2.267671,3.474278,24.263615,12.569002,12.569002
3.474278,2.267671,2.267673,24.263615,12.569002,12.569002
2.267671,1.625531,2.456642,33.389134,29.807149,29.807149
2.456642,1.625531,2.267671,33.389134,29.807149,29.807149
2.267671,1.717559,2.645610,30.152560,22.894865,22.894865
2.645610,1.717559,2.267671,30.152560,22.894865,22.894865
2.267671,1.824576,2.834592,27.804506,17.960766,17.960766
2.834592,1.824576,2.267671,27.804506,17.960766,17.960766
2.267671,2.074005,3.212542,24.869510,12.938464,12.938464
3.212542,2.074005,2.267671,24.869510,12.938464,12.938464
2.267671,2.509141,3.779460,19.116883,8.486791,8.486791
3.779460,2.509141,2.267671,19.116883,8.486791,8.486791
2.267671,2.825302,4.157397,13.855839,4.812810,4.812810
4.157397,2.825302,2.267671,13.855839,4.812810,4.812810
2.267671,3.667259,5.102265,7.265814,1.208558,1.208558
5.102265,3.667259,2.267671,7.265814,1.208558,1.208558
2.267671,4.549796,6.047120,5.481900,0.190022,0.190022
6.047120,4.549796,2.267671,5.481900,0.190022,0.190022
2.645610,1.809705,2.645617,27.142490,17.795939,17.795939
2.645617,1.809705,2.645610,27.142490,17.795939,17.795939
2.645617,2.645616,4.053322,14.377802,5.416698,5.416698
4.053322,2.645616,2.645617,14.377802,5.416698,5.416698
2.645617,1.882730,2.834592,26.868399,16.633564,16.633564
2.834592,1.882730,2.645617,26.868399,16.633564,16.633564
2.645617,2.073220,3.212542,21.344841,10.287269,10.287269
3.212542,2.073220,2.645617,21.344841,10.287269,10.287269
2.645617,2.442184,3.779460,16.966005,7.020130,7.020130
3.779460,2.442184,2.645617,16.966005,7.020130,7.020130
2.645617,2.726161,4.157397,13.985525,5.411321,5.411321
4.157397,2.726161,2.645617,13.985525,5.411321,5.411321
2.645617,3.514442,5.102265,7.693148,2.150860,2.150860
5.102265,3.514442,2.645617,7.693148,2.150860,2.150860
2.645617,4.365323,6.047120,5.536604,1.071441,1.071441
6.047120,4.365323,2.645617,5.536604,1.071441,1.071441
3.023562,2.140250,3.212542,17.053181,7.159025,7.159025
3.212542,2.140250,3.023562,17.053181,7.159025,7.159025
3.023562,2.432781,3.779460,12.903018,4.448638,4.448638
3.779460,2.432781,3.023562,12.903018,4.448638,4.448638
3.023562,2.677176,4.157397,11.480392,4.228522,4.228522
4.157397,2.677176,3.023562,11.480392,4.228522,4.228522
3.023562,3.396983,5.102265,7.884062,3.525849,3.525849
5.102265,3.396983,3.023562,7.884062,3.525849,3.525849
3.023562,4.206795,6.047120,5.633988,2.617458,2.617458
6.047120,4.206795,3.023562,5.633988,2.617458,2.617458
3.779452,2.585305,3.779460,8.416925,2.635151,2.635151
3.779460,2.585305,3.779452,8.416925,2.635151,2.635151
3.779462,3.779452,5.790468,5.965041,4.725691,4.725691
5.790468,3.779452,3.779462,5.965041,4.725691,4.725691
3.779452,2.737691,4.157397,7.421674,2.623225,2.623225
4.157397,2.737691,3.779452,7.421674,2.623225,2.623225
4.157400,3.779452,5.857226,5.608355,4.776687,4.776687
5.857226,3.779452,4.157400,5.608355,4.776687,4.776687
3.779452,3.282217,5.102265,6.445719,3.935640,3.935640
5.102265,3.282217,3.779452,6.445719,3.935640,3.935640
5.102259,3.779452,5.798287,5.263878,4.603274,4.603274
5.798287,3.779452,5.102259,5.263878,4.603274,4.603274
3.779452,3.979490,6.047120,5.832961,4.860510,4.860510
6.047120,3.979490,3.779452,5.832961,4.860510,4.860510
4.535343,3.339032,5.102265,5.478422,3.695143,3.695143
5.102265,3.339032,4.535343,5.478422,3.695143,3.695143
4.535343,5.102260,7.653808,5.228840,5.122299,5.122299
7.653808,5.102260,4.535343,5.228840,5.122299,5.122299
4.535343,3.888226,6.047120,5.432627,4.894725,4.894725
6.047120,3.888226,4.535343,5.432627,4.894725,4.894725
5.291233,3.942461,6.047120,5.315343,4.886442,4.886442
6.047120,3.942461,5.291233,5.315343,4.886442,4.886442
