R1,R2,R3,ETriat,E,ENew
1.511781,2.042701,1.511788,47.127469,71.732399,71.732399
1.511788,2.042701,1.511781,47.127469,71.732399,71.732399
1.511781,2.174831,1.700762,43.329291,55.713608,55.713608
1.700762,2.174831,1.511781,43.329291,55.713608,55.713608
1.511781,2.314845,1.889718,39.388796,46.250041,46.250041
1.889718,2.314845,1.511781,39.388796,46.250041,46.250041
1.511781,2.461435,2.078691,35.310351,40.216358,40.216358
2.078691,2.461435,1.511781,35.310351,40.216358,40.216358
1.511781,2.613463,2.267665,31.072653,35.897985,35.897985
2.267665,2.613463,1.511781,31.072653,35.897985,35.897985
1.511781,2.770052,2.456638,26.570390,32.252711,32.252711
2.456638,2.770052,1.511781,26.570390,32.252711,32.252711
1.511781,2.930454,2.645612,22.823356,29.775449,29.775449
2.645612,2.930454,1.511781,22.823356,29.775449,29.775449
1.511781,3.094091,2.834585,19.479367,27.830482,27.830482
2.834585,3.094091,1.511781,19.479367,27.830482,27.830482
1.511781,3.429184,3.212532,12.818624,23.798834,23.798834
3.212532,3.429184,1.511781,12.818624,23.798834,23.798834
1.511781,3.946364,3.779453,7.578855,21.078733,21.078733
3.779453,3.946364,1.511781,7.578855,21.078733,21.078733
1.511781,4.298129,4.157400,6.206243,20.361750,20.361750
4.157400,4.298129,1.511781,6.206243,20.361750,20.361750
1.511781,5.193657,5.102269,5.479768,19.911674,19.911674
5.102269,5.193657,1.511781,5.479768,19.911674,19.911674
1.511781,6.104062,6.047118,5.419761,19.887260,19.887260
6.047118,6.104062,1.511781,5.419761,19.887260,19.887260
1.889718,2.553349,1.889726,33.530969,23.997008,23.997008
1.889726,2.553349,1.889718,33.530969,23.997008,23.997008
1.889726,2.684642,2.078691,30.686780,19.420055,19.420055
2.078691,2.684642,1.889726,30.686780,19.420055,19.420055
1.889726,2.822477,2.267665,27.590316,16.307683,16.307683
2.267665,2.822477,1.889726,27.590316,16.307683,16.307683
1.743803,2.456647,1.889726,35.773794,29.714913,29.714913
1.889726,2.456647,1.743803,35.773794,29.714913,29.714913
1.889726,2.965962,2.456638,24.970892,14.523119,14.523119
2.456638,2.965962,1.889726,24.970892,14.523119,14.523119
1.889726,3.114297,2.645612,22.516211,13.269419,13.269419
2.645612,3.114297,1.889726,22.516211,13.269419,13.269419
1.889726,3.266840,2.834585,18.338898,10.395202,10.395202
2.834585,3.266840,1.889726,18.338898,10.395202,10.395202
1.889726,3.582352,3.212532,12.316511,6.772564,6.772564
3.212532,3.582352,1.889726,12.316511,6.772564,6.772564
1.889726,4.075584,3.779453,7.478872,4.174186,4.174186
3.779453,4.075584,1.889726,7.478872,4.174186,4.174186
1.889726,4.414251,4.157400,6.193891,3.460413,3.460413
4.157400,4.414251,1.889726,6.193891,3.460413,3.460413
1.889726,5.284271,5.102269,5.417837,2.925473,2.925473
5.102269,5.284271,1.889726,5.417837,2.925473,2.925473
1.889726,6.176307,6.047118,5.334157,2.876212,2.876212
6.047118,6.176307,1.889726,5.334157,2.876212,2.876212
2.267665,3.064024,2.267671,24.743749,11.658009,11.658009
2.267671,3.064024,2.267665,24.743749,11.658009,11.658009
2.267671,3.194739,2.456638,23.121881,10.780666,10.780666
2.456638,3.194739,2.267671,23.121881,10.780666,10.780666
2.267671,3.331038,2.645612,20.103955,8.848751,8.848751
2.645612,3.331038,2.267671,20.103955,8.848751,8.848751
2.267671,3.472287,2.834585,16.647342,6.564460,6.564460
2.834585,3.472287,2.267671,16.647342,6.564460,6.564460
2.267671,3.767344,3.212532,11.509140,3.559240,3.559240
3.212532,3.767344,2.267671,11.509140,3.559240,3.559240
2.267671,4.234698,3.779453,7.264244,1.282450,1.282450
3.779453,4.234698,2.267671,7.264244,1.282450,1.282450
2.267671,4.558837,4.157400,6.084146,0.603021,0.603021
4.157400,4.558837,2.267671,6.084146,0.603021,0.603021
2.267671,5.399875,5.102269,5.329626,0.063095,0.063095
5.102269,5.399875,2.267671,5.329626,0.063095,0.063095
2.267671,6.270538,6.047118,5.231604,-0.001908,-0.001908
6.047118,6.270538,2.267671,5.231604,-0.001908,-0.001908
2.645612,3.574699,2.645617,14.875553,5.174336,5.174336
2.645617,3.574699,2.645612,14.875553,5.174336,5.174336
2.645617,3.704995,2.834585,13.904779,5.230146,5.230146
2.834585,3.704995,2.645617,13.904779,5.230146,5.230146
2.645617,3.979723,3.212532,10.610428,3.811923,3.811923
3.212532,3.979723,2.645617,10.610428,3.811923,3.811923
2.645617,4.420479,3.779453,7.041166,1.994316,1.994316
3.779453,4.420479,2.645617,7.041166,1.994316,1.994316
2.645617,4.729277,4.157400,5.982564,1.388519,1.388519
4.157400,4.729277,2.645617,5.982564,1.388519,1.388519
2.645617,5.538905,5.102269,5.271829,0.876432,0.876432
5.102269,5.538905,2.645617,5.271829,0.876432,0.876432
2.645617,6.385782,6.047118,5.170539,0.806529,0.806529
6.047118,6.385782,2.645617,5.170539,0.806529,0.806529
3.023562,4.215353,3.212532,9.515373,4.406965,4.406965
3.212532,4.215353,3.023562,9.515373,4.406965,4.406965
3.023562,4.629717,3.779453,6.799380,3.303218,3.303218
3.779453,4.629717,3.023562,6.799380,3.303218,3.303218
3.023562,4.922886,4.157400,5.889320,2.820099,2.820099
4.157400,4.922886,3.023562,5.889320,2.820099,2.820099
3.023562,5.699647,5.102269,5.240619,2.362217,2.362217
5.102269,5.699647,3.023562,5.240619,2.362217,2.362217
3.023562,6.520925,6.047118,5.142247,2.293398,2.293398
6.047118,6.520925,3.023562,5.142247,2.293398,2.293398
3.779452,5.106725,3.779453,5.912245,4.658477,4.658477
3.779453,5.106725,3.779452,5.912245,4.658477,4.658477
3.779452,5.369299,4.157400,5.663412,4.822393,4.822393
4.157400,5.369299,3.779452,5.663412,4.822393,4.822393
3.779452,6.079147,5.102269,5.248854,4.592607,4.592607
5.102269,6.079147,3.779452,5.248854,4.592607,4.592607
3.779452,6.846022,6.047118,5.176166,4.545687,4.545687
6.047118,6.846022,3.779452,5.176166,4.545687,4.545687
4.535343,6.524479,5.102269,5.255854,5.143851,5.143851
5.102269,6.524479,4.535343,5.255854,5.143851,5.143851
4.535343,7.235766,6.047118,5.217201,5.127937,5.127937
6.047118,7.235766,4.535343,5.217201,5.127937,5.127937
5.291233,7.680323,6.047118,5.217022,5.172992,5.172992
6.047118,7.680323,5.291233,5.217022,5.172992,5.172992
