R1,R2,R3,ETriat,E,ENew
1.511781,1.606015,1.889727,50.534040,70.307498,70.307498
1.889727,1.606015,1.511781,50.534040,70.307498,70.307498
1.511781,1.732490,2.078699,45.435922,57.020386,57.020386
2.078699,1.732490,1.511781,45.435922,57.020386,57.020386
1.511781,1.869520,2.267666,40.480699,47.721038,47.721038
2.267666,1.869520,1.511781,40.480699,47.721038,47.721038
1.511781,2.014989,2.456648,35.904427,41.302368,41.302368
2.456648,2.014989,1.511781,35.904427,41.302368,41.302368
1.511781,2.167164,2.645615,31.701662,36.804252,36.804252
2.645615,2.167164,1.511781,31.701662,36.804252,36.804252
1.511781,2.324763,2.834587,27.930161,33.639019,33.639019
2.834587,2.324763,1.511781,27.930161,33.639019,33.639019
1.511781,2.652274,3.212537,20.537000,28.605312,28.605312
3.212537,2.652274,1.511781,20.537000,28.605312,28.605312
1.511781,3.164679,3.779443,11.852341,23.451183,23.451183
3.779443,3.164679,1.511781,11.852341,23.451183,23.451183
1.511781,3.515600,4.157393,8.553332,21.676767,21.676767
4.157393,3.515600,1.511781,8.553332,21.676767,21.676767
1.511781,4.412481,5.102264,5.790838,20.155337,20.155337
5.102264,4.412481,1.511781,5.790838,20.155337,20.155337
1.511781,5.325977,6.047124,5.465709,19.919220,19.919220
6.047124,5.325977,1.511781,5.465709,19.919220,19.919220
1.889726,1.745150,1.889727,47.053167,43.473306,43.473306
1.889727,1.745150,1.889726,47.053167,43.473306,43.473306
1.889726,1.889721,2.167801,40.800256,30.883056,30.883056
2.167801,1.889721,1.889726,40.800256,30.883056,30.883056
1.889726,1.840073,2.078699,43.129015,34.642898,34.642898
2.078699,1.840073,1.889726,43.129015,34.642898,34.642898
1.889726,1.948722,2.267666,38.294143,27.280625,27.280625
2.267666,1.948722,1.889726,38.294143,27.280625,27.280625
1.889726,2.068975,2.456648,33.954715,21.986083,21.986083
2.456648,2.068975,1.889726,33.954715,21.986083,21.986083
1.889726,2.198896,2.645615,31.784804,19.880972,19.880972
2.645615,2.198896,1.889726,31.784804,19.880972,19.880972
1.889726,2.336910,2.834587,26.963053,15.756742,15.756742
2.834587,2.336910,1.889726,26.963053,15.756742,15.756742
1.889726,2.631978,3.212537,21.711114,12.777106,12.777106
3.212537,2.631978,1.889726,21.711114,12.777106,12.777106
1.889726,3.108401,3.779443,12.408394,6.869049,6.869049
3.779443,3.108401,1.889726,12.408394,6.869049,6.869049
1.889726,3.441299,4.157393,8.986689,4.981149,4.981149
4.157393,3.441299,1.889726,8.986689,4.981149,4.981149
1.889726,4.306208,5.102264,5.826098,3.230410,3.230410
5.102264,4.306208,1.889726,5.826098,3.230410,3.230410
1.889726,5.199021,6.047124,5.396084,2.920313,2.920313
6.047124,5.199021,1.889726,5.396084,2.920313,2.920313
2.267666,2.094186,2.267671,34.807482,19.653137,19.653137
2.267671,2.094186,2.267666,34.807482,19.653137,19.653137
2.267671,2.267667,2.601368,28.691186,13.769841,13.769841
2.601368,2.267667,2.267671,28.691186,13.769841,13.769841
2.267671,2.187880,2.456648,31.033382,15.759994,15.759994
2.456648,2.187880,2.267671,31.033382,15.759994,15.759994
2.267671,2.293332,2.645615,28.037902,13.278092,13.278092
2.645615,2.293332,2.267671,28.037902,13.278092,13.278092
2.267671,2.409036,2.834587,25.691556,11.821752,11.821752
2.834587,2.409036,2.267671,25.691556,11.821752,11.821752
2.267671,2.665661,3.212537,21.086677,9.502769,9.502769
3.212537,2.665661,2.267671,21.086677,9.502769,9.502769
2.267671,3.097549,3.779443,12.363177,4.005543,4.005543
3.779443,3.097549,2.267671,12.363177,4.005543,4.005543
2.267671,3.407539,4.157393,9.090527,2.209705,2.209705
4.157393,3.407539,2.267671,9.090527,2.209705,2.209705
2.267671,4.231141,5.102264,5.815166,0.410268,0.410268
5.102264,4.231141,2.267671,5.815166,0.410268,0.410268
2.267671,5.096989,6.047124,5.304193,0.049132,0.049132
6.047124,5.096989,2.267671,5.304193,0.049132,0.049132
2.645615,2.443212,2.645617,23.707225,10.033893,10.033893
2.645617,2.443212,2.645615,23.707225,10.033893,10.033893
2.645618,2.645617,3.034925,17.587739,6.124271,6.124271
3.034925,2.645617,2.645618,17.587739,6.124271,6.124271
2.645617,2.536030,2.834587,20.502513,7.843788,7.843788
2.834587,2.536030,2.645617,20.502513,7.843788,7.843788
2.645617,2.834592,3.339505,15.053397,5.442717,5.442717
3.339505,2.834592,2.645617,15.053397,5.442717,5.442717
2.645617,2.751340,3.212537,15.928099,5.548525,5.548525
3.212537,2.751340,2.645617,15.928099,5.548525,5.548525
2.645617,3.132594,3.779443,11.935419,4.579554,4.579554
3.779443,3.132594,2.645617,11.935419,4.579554,4.579554
2.645617,3.779452,4.613409,6.875095,1.863096,1.863096
4.613409,3.779452,2.645617,6.875095,1.863096,1.863096
2.645617,3.415521,4.157393,8.952287,2.963417,2.963417
4.157393,3.415521,2.645617,8.952287,2.963417,2.963417
2.645617,4.188957,5.102264,5.816667,1.257950,1.257950
5.102264,4.188957,2.645617,5.816667,1.257950,1.257950
2.645617,5.021401,6.047124,5.261309,0.872313,0.872313
6.047124,5.021401,2.645617,5.261309,0.872313,0.872313
3.023562,2.884386,3.212537,12.674117,4.348597,4.348597
3.212537,2.884386,3.023562,12.674117,4.348597,4.348597
3.023562,3.212034,3.779443,9.380937,3.831436,3.831436
3.779443,3.212034,3.023562,9.380937,3.831436,3.831436
3.023562,3.464958,4.157393,8.563871,4.230516,4.230516
4.157393,3.464958,3.023562,8.563871,4.230516,4.230516
3.023562,4.180652,5.102264,5.797847,2.748331,2.748331
5.102264,4.180652,3.023562,5.797847,2.748331,2.748331
3.023562,4.973461,6.047124,5.241935,2.365252,2.365252
6.047124,4.973461,3.023562,5.241935,2.365252,2.365252
3.779443,3.490309,3.779452,6.967629,4.512947,4.512947
3.779452,3.490309,3.779443,6.967629,4.512947,4.512947
3.779461,3.779452,4.335617,5.966587,4.624479,4.624479
4.335617,3.779452,3.779461,5.966587,4.624479,4.624479
3.779452,3.680121,4.157393,6.150677,4.545383,4.545383
4.157393,3.680121,3.779452,6.150677,4.545383,4.545383
3.779452,4.265664,5.102264,5.619861,4.829158,4.829158
5.102264,4.265664,3.779452,5.619861,4.829158,4.829158
3.779452,4.963272,6.047124,5.267404,4.606397,4.606397
6.047124,4.963272,3.779452,5.267404,4.606397,4.606397
4.535343,4.478468,5.102264,5.355195,5.169523,5.169523
5.102264,4.478468,4.535343,5.355195,5.169523,5.169523
4.535343,5.067106,6.047124,5.360137,5.241811,5.241811
6.047124,5.067106,4.535343,5.360137,5.241811,5.241811
5.291233,5.278238,6.047124,5.260544,5.191378,5.191378
6.047124,5.278238,5.291233,5.260544,5.191378,5.191378
2.282033,6.000042,7.007163,5.228020,-0.002689,-0.002689
7.007163,6.000042,2.282033,5.228020,-0.002689,-0.002689
