R1,R2,R3,ETriat,E,ENew
1.511781,3.020692,1.511788,35.353344,61.502457,61.502457
1.511788,3.020692,1.511781,35.353344,61.502457,61.502457
1.511781,3.209496,1.700762,32.819603,48.155850,48.155850
1.700762,3.209496,1.511781,32.819603,48.155850,48.155850
1.511781,3.398301,1.889718,30.508783,41.075401,41.075401
1.889718,3.398301,1.511781,30.508783,41.075401,41.075401
1.511781,3.587140,2.078691,28.356859,37.217989,37.217989
2.078691,3.587140,1.511781,28.356859,37.217989,37.217989
1.511781,3.775992,2.267665,25.443648,34.112078,34.112078
2.267665,3.775992,1.511781,25.443648,34.112078,34.112078
1.511781,3.964856,2.456638,21.778707,30.951484,30.951484
2.456638,3.964856,1.511781,21.778707,30.951484,30.951484
1.511781,4.153730,2.645612,18.656717,28.603361,28.603361
2.645612,4.153730,1.511781,18.656717,28.603361,28.603361
1.511781,4.342612,2.834585,16.181517,26.965585,26.965585
2.834585,4.342612,1.511781,16.181517,26.965585,26.965585
1.511781,4.720399,3.212532,11.340402,23.674725,23.674725
3.212532,4.720399,1.511781,11.340402,23.674725,23.674725
1.511781,5.287123,3.779453,7.241753,21.097206,21.097206
3.779453,5.287123,1.511781,7.241753,21.097206,21.097206
1.511781,5.664961,4.157400,6.158112,20.427881,20.427881
4.157400,5.664961,1.511781,6.158112,20.427881,20.427881
1.511781,6.609610,5.102269,5.475880,19.930061,19.930061
5.102269,6.609610,1.511781,5.475880,19.930061,19.930061
1.511781,7.554295,6.047118,5.398767,19.876029,19.876029
6.047118,7.554295,1.511781,5.398767,19.876029,19.876029
1.889718,3.775847,1.889726,27.573593,22.092239,22.092239
1.889726,3.775847,1.889718,27.573593,22.092239,22.092239
1.889726,3.964648,2.078691,26.213017,18.774754,18.774754
2.078691,3.964648,1.889726,26.213017,18.774754,18.774754
1.889726,4.153467,2.267665,24.183983,16.335826,16.335826
2.267665,4.153467,1.889726,24.183983,16.335826,16.335826
1.889726,4.342298,2.456638,22.516411,15.007843,15.007843
2.456638,4.342298,1.889726,22.516411,15.007843,15.007843
1.889726,4.531141,2.645612,19.853827,13.008454,13.008454
2.645612,4.531141,1.889726,19.853827,13.008454,13.008454
1.889726,4.719995,2.834585,16.082839,10.008871,10.008871
2.834585,4.719995,1.889726,16.082839,10.008871,10.008871
1.889726,5.097729,3.212532,10.997315,6.422616,6.422616
3.212532,5.097729,1.889726,10.997315,6.422616,6.422616
1.889726,5.664383,3.779453,7.077096,4.013913,4.013913
3.779453,5.664383,1.889726,7.077096,4.013913,4.013913
1.889726,6.042181,4.157400,6.038445,3.388082,3.388082
4.157400,6.042181,1.889726,6.038445,3.388082,3.388082
1.889726,6.986745,5.102269,5.409734,2.939914,2.939914
5.102269,6.986745,1.889726,5.409734,2.939914,2.939914
1.889726,7.931363,6.047118,5.334747,2.886489,2.886489
6.047118,7.931363,1.889726,5.334747,2.886489,2.886489
2.267665,4.531019,2.267671,22.729903,12.239565,12.239565
2.267671,4.531019,2.267665,22.729903,12.239565,12.239565
2.267671,4.719820,2.456638,20.243080,10.026260,10.026260
2.456638,4.719820,2.267671,20.243080,10.026260,10.026260
2.267671,4.908635,2.645612,18.005327,8.416801,8.416801
2.645612,4.908635,2.267671,18.005327,8.416801,8.416801
2.267671,5.097460,2.834585,15.148607,6.315333,6.315333
2.834585,5.097460,2.267671,15.148607,6.315333,6.315333
2.267671,5.475143,3.212532,10.478613,3.135876,3.135876
3.212532,5.475143,2.267671,10.478613,3.135876,3.135876
2.267671,6.041729,3.779453,6.837325,1.003706,1.003706
3.779453,6.041729,2.267671,6.837325,1.003706,1.003706
2.267671,6.419486,4.157400,5.866378,0.443788,0.443788
4.157400,6.419486,2.267671,5.866378,0.443788,0.443788
2.267671,7.363964,5.102269,5.292172,0.047224,0.047224
5.102269,7.363964,2.267671,5.292172,0.047224,0.047224
2.267671,8.308511,6.047118,5.225477,0.001127,0.001127
6.047118,8.308511,2.267671,5.225477,0.001127,0.001127
2.645612,5.286192,2.645617,14.594872,5.885551,5.885551
2.645617,5.286192,2.645612,14.594872,5.885551,5.885551
2.645617,5.474992,2.834585,13.092433,5.136089,5.136089
2.834585,5.474992,2.645617,13.092433,5.136089,5.136089
2.645617,5.852625,3.212532,9.777040,3.309636,3.309636
3.212532,5.852625,2.645617,9.777040,3.309636,3.309636
2.645617,6.419145,3.779453,6.603122,1.642242,1.642242
3.779453,6.419145,2.645617,6.603122,1.642242,1.642242
2.645617,6.796862,4.157400,5.727828,1.176468,1.176468
4.157400,6.796862,2.645617,5.727828,1.176468,1.176468
2.645617,7.741253,5.102269,5.219408,0.843779,0.843779
5.102269,7.741253,2.645617,5.219408,0.843779,0.843779
2.645617,8.685728,6.047118,5.162617,0.806963,0.806963
6.047118,8.685728,2.645617,5.162617,0.806963,0.806963
3.023562,6.230164,3.212532,8.768124,3.819988,3.819988
3.212532,6.230164,3.023562,8.768124,3.819988,3.819988
3.023562,6.796620,3.779453,6.366887,2.922871,2.922871
3.779453,6.796620,3.023562,6.366887,2.922871,2.922871
3.023562,7.174298,4.157400,5.608710,2.573183,2.573183
4.157400,7.174298,3.023562,5.608710,2.573183,2.573183
3.023562,8.118603,5.102269,5.170146,2.309139,2.309139
5.102269,8.118603,3.023562,5.170146,2.309139,2.309139
3.023562,9.063006,6.047118,5.125390,2.283945,2.283945
6.047118,9.063006,3.023562,5.125390,2.283945,2.283945
3.779452,7.551711,3.779453,6.078568,4.853789,4.853789
3.779453,7.551711,3.779452,6.078568,4.853789,4.853789
3.779452,7.929316,4.157400,5.503584,4.686230,4.686230
4.157400,7.929316,3.779452,5.503584,4.686230,4.686230
3.779452,8.873455,5.102269,5.191493,4.547378,4.547378
5.102269,8.873455,3.779452,5.191493,4.547378,4.547378
3.779452,9.817716,6.047118,5.162519,4.537491,4.537491
6.047118,9.817716,3.779452,5.162519,4.537491,4.537491
4.535343,9.628470,5.102269,5.225628,5.121302,5.121302
5.102269,9.628470,4.535343,5.225628,5.121302,5.121302
4.535343,10.572594,6.047118,5.209721,5.124251,5.124251
6.047118,10.572594,4.535343,5.209721,5.124251,5.124251
5.291233,11.327608,6.047118,5.216547,5.175074,5.175074
6.047118,11.327608,5.291233,5.216547,5.175074,5.175074
