R1,R2,R3,ETriat,E,ENew
1.511781,2.137981,1.511781,45.087189,69.126866,69.126866
1.511781,2.137981,1.511781,45.087189,69.126866,69.126866
1.511781,2.275532,1.700754,41.310698,53.557371,53.557371
1.700754,2.275532,1.511781,41.310698,53.557371,53.557371
1.511781,2.420030,1.889726,37.469932,44.486032,44.486032
1.889726,2.420030,1.511781,37.469932,44.486032,44.486032
1.511781,2.570305,2.078699,33.600096,38.839504,38.839504
2.078699,2.570305,1.511781,33.600096,38.839504,38.839504
1.511781,2.725402,2.267671,29.997517,35.250299,35.250299
2.267671,2.725402,1.511781,29.997517,35.250299,35.250299
1.511781,2.884542,2.456644,25.326326,31.474282,31.474282
2.456644,2.884542,1.511781,25.326326,31.474282,31.474282
1.511781,3.047092,2.645617,21.757290,29.176548,29.176548
2.645617,3.047092,1.511781,21.757290,29.176548,29.176548
1.511781,3.212534,2.834589,18.663511,27.455686,27.455686
2.834589,3.212534,1.511781,18.663511,27.455686,27.455686
1.511781,3.550473,3.212534,12.180419,23.486265,23.486265
3.212534,3.550473,1.511781,12.180419,23.486265,23.486265
1.511781,4.070595,3.779452,7.361947,20.979689,20.979689
3.779452,4.070595,1.511781,7.361947,20.979689,20.979689
1.511781,4.423735,4.157397,6.133690,20.329011,20.329011
4.157397,4.423735,1.511781,6.133690,20.329011,20.329011
1.511781,5.321517,5.102261,5.477656,19.912498,19.912498
5.102261,5.321517,1.511781,5.477656,19.912498,19.912498
1.511781,6.233232,6.047124,5.418573,19.887694,19.887694
6.047124,6.233232,1.511781,5.418573,19.887694,19.887694
1.889726,2.672476,1.889726,32.122993,23.019450,23.019450
1.889726,2.672476,1.889726,32.122993,23.019450,23.019450
1.889726,2.809280,2.078699,29.428084,18.658321,18.658321
2.078699,2.809280,1.889726,29.428084,18.658321,18.658321
1.889726,2.951847,2.267671,26.839801,16.083967,16.083967
2.267671,2.951847,1.889726,26.839801,16.083967,16.083967
1.889726,3.099381,2.456644,23.909712,13.988657,13.988657
2.456644,3.099381,1.889726,23.909712,13.988657,13.988657
1.889726,3.251208,2.645617,21.005350,12.258732,12.258732
2.645617,3.251208,1.889726,21.005350,12.258732,12.258732
1.889726,3.406752,2.834589,17.146598,9.652549,9.652549
2.834589,3.406752,1.889726,17.146598,9.652549,9.652549
1.889726,3.727123,3.212534,11.666896,6.423570,6.423570
3.212534,3.727123,1.889726,11.666896,6.423570,6.423570
1.889726,3.779451,3.273100,10.988587,6.047343,6.047343
3.273100,3.779451,1.889726,10.988587,6.047343,6.047343
1.889726,4.225556,3.779452,7.270819,4.061223,4.061223
3.779452,4.225556,1.889726,7.270819,4.061223,4.061223
1.889726,4.566730,4.157397,6.111775,3.408506,3.408506
4.157397,4.566730,1.889726,6.111775,3.408506,3.408506
1.889726,5.440968,5.102261,5.410511,2.921527,2.921527
5.102261,5.440968,1.889726,5.410511,2.921527,2.921527
1.889726,6.335516,6.047124,5.333760,2.877643,2.877643
6.047124,6.335516,1.889726,5.333760,2.877643,2.877643
2.267671,3.206972,2.267671,23.485803,10.937731,10.937731
2.267671,3.206972,2.267671,23.485803,10.937731,10.937731
2.267671,3.343267,2.456644,22.586946,10.753867,10.753867
2.456644,3.343267,2.267671,22.586946,10.753867,10.753867
2.267671,3.484483,2.645617,18.807025,8.008485,8.008485
2.645617,3.484483,2.267671,18.807025,8.008485,8.008485
2.267671,3.630045,2.834589,15.582938,5.887980,5.887980
2.834589,3.630045,2.267671,15.582938,5.887980,5.887980
2.267671,3.212530,2.271605,23.982276,11.453113,11.453113
2.271605,3.212530,2.267671,23.982276,11.453113,11.453113
2.267671,3.932265,3.212534,10.910525,3.192249,3.192249
3.212534,3.932265,2.267671,10.910525,3.192249,3.192249
2.267671,4.407561,3.779452,7.072495,1.154006,1.154006
3.779452,4.407561,2.267671,7.072495,1.154006,1.154006
2.267671,4.735640,4.157397,6.001760,0.539927,0.539927
4.157397,4.735640,2.267671,6.001760,0.539927,0.539927
2.267671,5.583493,5.102261,5.317129,0.054335,0.054335
5.102261,5.583493,2.267671,5.317129,0.054335,0.054335
2.267671,6.458331,6.047124,5.229944,-0.001648,-0.001648
6.047124,6.458331,2.267671,5.229944,-0.001648,-0.001648
2.645617,3.741467,2.645617,14.406294,5.049404,5.049404
2.645617,3.741467,2.645617,14.406294,5.049404,5.049404
2.645617,3.877394,2.834589,14.098286,5.698825,5.698825
2.834589,3.877394,2.645617,14.098286,5.698825,5.698825
2.645617,4.161690,3.212534,10.130035,3.477629,3.477629
3.212534,4.161690,2.645617,10.130035,3.477629,3.477629
2.645617,4.613409,3.779452,6.875095,1.863096,1.863096
3.779452,4.613409,2.645617,6.875095,1.863096,1.863096
2.645617,4.927803,4.157397,5.904673,1.321738,1.321738
4.157397,4.927803,2.645617,5.904673,1.321738,1.321738
2.645617,5.747378,5.102261,5.259596,0.868150,0.868150
5.102261,5.747378,2.645617,5.259596,0.868150,0.868150
2.645617,6.600530,6.047124,5.170802,0.808697,0.808697
6.047124,6.600530,2.645617,5.170802,0.808697,0.808697
3.023562,4.411610,3.212534,9.453736,4.419367,4.419367
3.212534,4.411610,3.023562,9.453736,4.419367,4.419367
3.023562,4.840060,3.779452,6.663258,3.183663,3.183663
3.779452,4.840060,3.023562,6.663258,3.183663,3.183663
3.023562,5.140611,4.157397,5.817363,2.755009,2.755009
4.157397,5.140611,3.023562,5.817363,2.755009,2.755009
3.023562,5.930851,5.102261,5.226487,2.352026,2.352026
5.102261,5.930851,3.023562,5.226487,2.352026,2.352026
3.023562,6.047121,5.236960,5.204054,2.334681,2.334681
5.236960,6.047121,3.023562,5.204054,2.334681,2.334681
3.023562,6.760890,6.047124,5.140099,2.293051,2.293051
6.047124,6.760890,3.023562,5.140099,2.293051,2.293051
3.779452,5.344953,3.779452,5.940758,4.692648,4.692648
3.779452,5.344953,3.779452,5.940758,4.692648,4.692648
3.779452,5.618560,4.157397,5.631806,4.795854,4.795854
4.157397,5.618560,3.779452,5.631806,4.795854,4.795854
3.779452,6.349592,5.102261,5.239667,4.586666,4.586666
5.102261,6.349592,3.779452,5.239667,4.586666,4.586666
3.779452,7.131056,6.047124,5.174029,4.544993,4.544993
6.047124,7.131056,3.779452,5.174029,4.544993,4.544993
4.535343,6.826595,5.102261,5.243393,5.133574,5.133574
5.102261,6.826595,4.535343,5.243393,5.133574,5.133574
4.535343,7.558904,6.047124,5.215069,5.126853,5.126853
6.047124,7.558904,4.535343,5.215069,5.126853,5.126853
5.291233,8.035226,6.047124,5.216909,5.173599,5.173599
6.047124,8.035226,5.291233,5.216909,5.173599,5.173599
