R1,R2,R3,ETriat,E,ENew
1.511781,2.229203,1.511788,43.427176,67.234543,67.234543
1.511788,2.229203,1.511781,43.427176,67.234543,67.234543
1.511781,2.371973,1.700762,39.726847,52.047606,52.047606
1.700762,2.371973,1.511781,39.726847,52.047606,52.047606
1.511781,2.520818,1.889718,35.998501,43.285973,43.285973
1.889718,2.520818,1.511781,35.998501,43.285973,43.285973
1.511781,2.674735,2.078691,32.298190,37.919621,37.919621
2.078691,2.674735,1.511781,32.298190,37.919621,37.919621
1.511781,2.832911,2.267665,29.188433,34.874679,34.874679
2.267665,2.832911,1.511781,29.188433,34.874679,34.874679
1.511781,2.994647,2.456638,24.349109,30.942985,30.942985
2.456638,2.994647,1.511781,24.349109,30.942985,30.942985
1.511781,3.159419,2.645612,20.947588,28.796982,28.796982
2.645612,3.159419,1.511781,20.947588,28.796982,28.796982
1.511781,3.326756,2.834585,17.726560,26.909472,26.909472
2.834585,3.326756,1.511781,17.726560,26.909472,26.909472
1.511781,3.667749,3.212532,11.712905,23.281933,23.281933
3.212532,3.667749,1.511781,11.712905,23.281933,23.281933
1.511781,4.191146,3.779453,7.232934,20.931598,20.931598
3.779453,4.191146,1.511781,7.232934,20.931598,20.931598
1.511781,4.545878,4.157400,6.101399,20.321335,20.321335
4.157400,4.545878,1.511781,6.101399,20.321335,20.321335
1.511781,5.446391,5.102269,5.479805,19.917312,19.917312
5.102269,5.446391,1.511781,5.479805,19.917312,19.917312
1.511781,6.359770,6.047118,5.418395,19.888908,19.888908
6.047118,6.359770,1.511781,5.418395,19.888908,19.888908
1.889718,2.786504,1.889726,31.021264,22.369422,22.369422
1.889726,2.786504,1.889718,31.021264,22.369422,22.369422
1.889726,2.928606,2.078691,28.593116,18.309674,18.309674
2.078691,2.928606,1.889726,28.593116,18.309674,18.309674
1.889726,3.075771,2.267665,26.336916,16.073603,16.073603
2.267665,3.075771,1.889726,26.336916,16.073603,16.073603
1.414402,2.456648,1.889726,37.256532,54.309912,54.309912
1.889726,2.456648,1.414402,37.256532,54.309912,54.309912
1.889726,3.227280,2.456638,23.178435,13.730597,13.730597
2.456638,3.227280,1.889726,23.178435,13.730597,13.730597
1.889726,3.382575,2.645612,19.843905,11.527786,11.527786
2.645612,3.382575,1.889726,19.843905,11.527786,11.527786
1.889726,3.541133,2.834585,16.256195,9.130618,9.130618
2.834585,3.541133,1.889726,16.256195,9.130618,9.130618
1.889726,3.866472,3.212532,11.214519,6.190791,6.190791
3.212532,3.866472,1.889726,11.214519,6.190791,6.190791
1.889726,4.370386,3.779453,7.144844,3.992447,3.992447
3.779453,4.370386,1.889726,7.144844,3.992447,3.992447
1.889726,4.714284,4.157400,6.066988,3.380146,3.380146
4.157400,4.714284,1.889726,6.066988,3.380146,3.380146
1.889726,5.593290,5.102269,5.408225,2.922308,2.922308
5.102269,5.593290,1.889726,5.408225,2.922308,2.922308
1.889726,6.490812,6.047118,5.334120,2.879507,2.879507
6.047118,6.490812,1.889726,5.334120,2.879507,2.879507
2.267665,3.343805,2.267671,23.311601,11.229181,11.229181
2.267671,3.343805,2.267665,23.311601,11.229181,11.229181
2.267671,3.485462,2.456638,21.661105,10.247981,10.247981
2.456638,3.485462,2.267671,21.661105,10.247981,10.247981
2.267671,3.631443,2.645612,17.836641,7.395750,7.395750
2.645612,3.631443,2.267671,17.836641,7.395750,7.395750
2.267671,3.781221,2.834585,14.815049,5.406161,5.406161
2.834585,3.781221,2.267671,14.815049,5.406161,5.406161
2.267671,4.090539,3.212532,10.510966,2.941952,2.941952
3.212532,4.090539,2.267671,10.510966,2.941952,2.941952
2.267671,4.573897,3.779453,6.955276,1.069793,1.069793
3.779453,4.573897,2.267671,6.955276,1.069793,1.069793
2.267671,4.906081,4.157400,5.952092,0.499988,0.499988
4.157400,4.906081,2.267671,5.952092,0.499988,0.499988
2.267671,5.761276,5.102269,5.309562,0.050086,0.050086
5.102269,5.761276,2.267671,5.309562,0.050086,0.050086
2.267671,6.640806,6.047118,5.229380,-0.000694,-0.000694
6.047118,6.640806,2.267671,5.229380,-0.000694,-0.000694
2.645612,3.901106,2.645617,14.238720,5.120608,5.120608
2.645617,3.901106,2.645612,14.238720,5.120608,5.120608
2.645617,4.042440,2.834585,13.569868,5.348443,5.348443
2.834585,4.042440,2.645617,13.569868,5.348443,5.348443
2.645617,4.336023,3.212532,9.811546,3.240470,3.240470
3.212532,4.336023,2.645617,9.811546,3.240470,3.240470
2.645617,4.798591,3.779453,6.771251,1.775414,1.775414
3.779453,4.798591,2.645617,6.771251,1.775414,1.775414
2.645617,5.118639,4.157400,5.856075,1.279241,1.279241
4.157400,5.118639,2.645617,5.856075,1.279241,1.279241
2.645617,5.948562,5.102269,5.251344,0.863249,0.863249
5.102269,5.948562,2.645617,5.251344,0.863249,0.863249
2.645617,6.808498,6.047118,5.171000,0.810345,0.810345
6.047118,6.808498,2.645617,5.171000,0.810345,0.810345
3.023562,4.599497,3.212532,9.211240,4.212260,4.212260
3.212532,4.599497,3.023562,9.211240,4.212260,4.212260
3.023562,5.041637,3.779453,6.573972,3.102312,3.102312
3.779453,5.041637,3.023562,6.573972,3.102312,3.102312
3.023562,5.349485,4.157400,5.772686,2.715201,2.715201
4.157400,5.349485,3.023562,5.772686,2.715201,2.715201
3.023562,6.153387,5.102269,5.216913,2.345608,2.345608
5.102269,6.153387,3.023562,5.216913,2.345608,2.345608
3.023562,6.992615,6.047118,5.138727,2.293008,2.293008
6.047118,6.992615,3.023562,5.138727,2.293008,2.293008
3.779452,5.573008,3.779453,5.957642,4.714243,4.714243
3.779453,5.573008,3.779452,5.957642,4.714243,4.714243
3.779452,5.857226,4.157400,5.608355,4.776687,4.776687
4.157400,5.857226,3.779452,5.608355,4.776687,4.776687
3.779452,6.608992,5.102269,5.233902,4.583240,4.583240
5.102269,6.608992,3.779452,5.233902,4.583240,4.583240
3.779452,7.405118,6.047118,5.172620,4.544603,4.544603
6.047118,7.405118,3.779452,5.172620,4.544603,4.544603
4.535343,7.115906,5.102269,5.235959,5.127633,5.127633
5.102269,7.115906,4.535343,5.235959,5.127633,5.127633
4.535343,7.868775,6.047118,5.213737,5.126246,5.126246
6.047118,7.868775,4.535343,5.213737,5.126246,5.126246
5.291233,8.375095,6.047118,5.216763,5.173946,5.173946
6.047118,8.375095,5.291233,5.216763,5.173946,5.173946
