R1,R2,R3,ETriat,E,ENew
1.511781,2.951896,1.511784,33.804558,59.678129,59.678129
1.511784,2.951896,1.511781,33.804558,59.678129,59.678129
1.511781,3.136658,1.700761,31.491581,46.559834,46.559834
1.700761,3.136658,1.511781,31.491581,46.559834,46.559834
1.511781,3.321890,1.889731,29.095687,39.422144,39.422144
1.889731,3.321890,1.511781,29.095687,39.422144,39.422144
1.511781,3.507520,2.078701,26.742278,35.406410,35.406410
2.078701,3.507520,1.511781,26.742278,35.406410,35.406410
1.511781,3.693490,2.267671,24.111382,32.632321,32.632321
2.267671,3.693490,1.511781,24.111382,32.632321,32.632321
1.511781,3.879749,2.456641,20.710920,29.783168,29.783168
2.456641,3.879749,1.511781,20.710920,29.783168,29.783168
1.511781,4.066263,2.645619,18.207597,28.091924,28.091924
2.645619,4.066263,1.511781,18.207597,28.091924,28.091924
1.511781,4.252990,2.834588,15.982403,26.731245,26.731245
2.834588,4.252990,1.511781,15.982403,26.731245,26.731245
1.511781,4.626990,3.212528,11.284613,23.609853,23.609853
3.212528,4.626990,1.511781,11.284613,23.609853,23.609853
1.511781,5.189084,3.779463,7.257767,21.110952,21.110952
3.779463,5.189084,1.511781,7.257767,21.110952,21.110952
1.511781,5.564343,4.157402,6.176656,20.444489,20.444489
4.157402,5.564343,1.511781,6.176656,20.444489,20.444489
1.511781,6.503855,5.102259,5.488720,19.942029,19.942029
5.102259,6.503855,1.511781,5.488720,19.942029,19.942029
1.511781,7.444721,6.047116,5.405286,19.882230,19.882230
6.047116,7.444721,1.511781,5.405286,19.882230,19.882230
1.889726,3.689869,1.889731,26.581524,20.945648,20.945648
1.889731,3.689869,1.889726,26.581524,20.945648,20.945648
1.889726,3.874576,2.078701,25.289611,17.744162,17.744162
2.078701,3.874576,1.889726,25.289611,17.744162,17.744162
1.889726,4.059675,2.267671,23.075362,15.159661,15.159661
2.267671,4.059675,1.889726,23.075362,15.159661,15.159661
1.889726,4.245116,2.456641,21.190199,13.642871,13.642871
2.456641,4.245116,1.889726,21.190199,13.642871,13.642871
1.889726,4.430859,2.645619,18.952157,12.086359,12.086359
2.645619,4.430859,1.889726,18.952157,12.086359,12.086359
1.889726,4.616860,2.834588,15.653778,9.569593,9.569593
2.834588,4.616860,1.889726,15.653778,9.569593,9.569593
1.889726,4.989531,3.212528,10.913917,6.335931,6.335931
3.212528,4.989531,1.889726,10.913917,6.335931,6.335931
1.889726,5.549898,3.779463,7.079596,4.014216,4.014216
3.779463,5.549898,1.889726,7.079596,4.014216,4.014216
1.889726,5.924155,4.157402,6.046626,3.394500,3.394500
4.157402,5.924155,1.889726,6.046626,3.394500,3.394500
1.889726,6.861568,5.102259,5.413058,2.942559,2.942559
5.102259,6.861568,1.889726,5.413058,2.942559,2.942559
1.889726,7.800778,6.047116,5.336266,2.887747,2.887747
6.047116,7.800778,1.889726,5.336266,2.887747,2.887747
2.267671,4.427837,2.267671,21.456960,10.945450,10.945450
2.267671,4.427837,2.267671,21.456960,10.945450,10.945450
2.267671,4.612510,2.456641,19.656608,9.429050,9.429050
2.456641,4.612510,2.267671,19.656608,9.429050,9.429050
2.267671,4.797521,2.645619,16.981546,7.387424,7.387424
2.645619,4.797521,2.267671,16.981546,7.387424,7.387424
2.267671,4.982826,2.834588,14.541129,5.704376,5.704376
2.834588,4.982826,2.267671,14.541129,5.704376,5.704376
2.267671,5.354204,3.212528,10.369595,3.024300,3.024300
3.212528,5.354204,2.267671,10.369595,3.024300,3.024300
2.267671,5.912853,3.779463,6.837858,1.002318,1.002318
3.779463,5.912853,2.267671,6.837858,1.002318,1.002318
2.267671,6.286095,4.157402,5.872310,0.448342,0.448342
4.157402,6.286095,2.267671,5.872310,0.448342,0.448342
2.267671,7.221343,5.102259,5.294552,0.049088,0.049088
5.102259,7.221343,2.267671,5.294552,0.049088,0.049088
2.267671,8.158805,6.047116,5.226989,0.002428,0.002428
6.047116,8.158805,2.267671,5.226989,0.002428,0.002428
2.645617,5.165810,2.645619,14.009534,5.297404,5.297404
2.645619,5.165810,2.645617,14.009534,5.297404,5.297404
2.645617,5.350457,2.834588,12.500475,4.541524,4.541524
2.834588,5.350457,2.645617,12.500475,4.541524,4.541524
2.645617,5.720599,3.212528,9.651253,3.181538,3.181538
3.212528,5.720599,2.645617,9.651253,3.181538,3.181538
2.645617,6.277577,3.779463,6.611257,1.648920,1.648920
3.779463,6.277577,2.645617,6.611257,1.648920,1.648920
2.645617,6.649816,4.157402,5.738152,1.185792,1.185792
4.157402,6.649816,2.645617,5.738152,1.185792,1.185792
2.645617,7.582885,5.102259,5.223483,0.847465,0.847465
5.102259,7.582885,2.645617,5.223483,0.847465,0.847465
2.645617,8.518553,6.047116,5.164996,0.809174,0.809174
6.047116,8.518553,2.645617,5.164996,0.809174,0.809174
3.023562,6.088407,3.212528,8.583122,3.633176,3.633176
3.212528,6.088407,3.023562,8.583122,3.633176,3.633176
3.023562,6.643780,3.779463,6.382618,2.937572,2.937572
3.779463,6.643780,3.023562,6.382618,2.937572,2.937572
3.023562,7.015041,4.157402,5.625944,2.589705,2.589705
4.157402,7.015041,3.023562,5.625944,2.589705,2.589705
3.023562,7.945954,5.102259,5.176989,2.315687,2.315687
5.102259,7.945954,3.023562,5.176989,2.315687,2.315687
3.023562,8.879813,6.047116,5.127908,2.286330,2.286330
6.047116,8.879813,3.023562,5.127908,2.286330,2.286330
3.779452,7.379738,3.779463,5.892560,4.667280,4.667280
3.779463,7.379738,3.779452,5.892560,4.667280,4.667280
3.779452,7.749152,4.157402,5.517526,4.699803,4.699803
4.157402,7.749152,3.779452,5.517526,4.699803,4.699803
3.779452,8.675905,5.102259,5.200294,4.556007,4.556007
5.102259,8.675905,3.779452,5.200294,4.556007,4.556007
3.779452,9.606185,6.047116,5.163513,4.538402,4.538402
6.047116,9.606185,3.779452,5.163513,4.538402,4.538402
4.535343,9.409952,5.102259,5.224905,5.120478,5.120478
5.102259,9.409952,4.535343,5.224905,5.120478,5.120478
4.535343,10.336791,6.047116,5.209948,5.124424,5.124424
6.047116,10.336791,4.535343,5.209948,5.124424,5.124424
5.291233,11.070793,6.047116,5.216625,5.175117,5.175117
6.047116,11.070793,5.291233,5.216625,5.175117,5.175117
