R1,R2,R3,ETriat,E,ENew
1.511776,2.476758,1.511781,40.746753,64.830957,64.830957
1.511781,2.476758,1.511776,40.746753,64.830957,64.830957
1.511781,2.633784,1.700749,36.782526,49.855246,49.855246
1.700749,2.633784,1.511781,36.782526,49.855246,49.855246
1.511781,2.794768,1.889721,32.948811,41.256749,41.256749
1.889721,2.794768,1.511781,32.948811,41.256749,41.256749
1.511781,2.959064,2.078694,29.433370,36.199670,36.199670
2.078694,2.959064,1.511781,29.433370,36.199670,36.199670
1.511781,3.126150,2.267667,28.088574,34.944929,34.944929
2.267667,3.126150,1.511781,28.088574,34.944929,34.944929
1.511781,3.295614,2.456646,22.323293,30.037369,30.037369
2.456646,3.295614,1.511781,22.323293,30.037369,30.037369
1.511781,3.467084,2.645618,19.253182,28.110094,28.110094
2.645618,3.467084,1.511781,19.253182,28.110094,28.110094
1.511781,2.834592,1.937769,32.033186,39.717714,39.717714
1.937769,2.834592,1.511781,32.033186,39.717714,39.717714
1.511781,3.640287,2.834591,16.352927,26.383031,26.383031
2.834591,3.640287,1.511781,16.352927,26.383031,26.383031
1.511781,3.990988,3.212536,11.069697,23.117323,23.117323
3.212536,3.990988,1.511781,11.069697,23.117323,23.117323
1.511781,4.525285,3.779461,7.145545,20.955535,20.955535
3.779461,4.525285,1.511781,7.145545,20.955535,20.955535
1.511781,4.157397,3.389619,9.427843,22.196139,22.196139
3.389619,4.157397,1.511781,9.427843,22.196139,22.196139
1.511781,4.885548,4.157388,6.119459,20.369513,20.369513
4.157388,4.885548,1.511781,6.119459,20.369513,20.369513
1.511781,5.796105,5.102258,5.495058,19.939254,19.939254
5.102258,5.796105,1.511781,5.495058,19.939254,19.939254
1.511781,6.716148,6.047127,5.419672,19.893201,19.893201
6.047127,6.716148,1.511781,5.419672,19.893201,19.893201
1.889721,3.095943,1.889726,29.127868,21.719307,21.719307
1.889726,3.095943,1.889721,29.127868,21.719307,21.719307
1.889726,3.252544,2.078694,27.250743,18.207074,18.207074
2.078694,3.252544,1.889726,27.250743,18.207074,18.207074
1.889726,3.412426,2.267667,25.507284,16.412884,16.412884
2.267667,3.412426,1.889726,25.507284,16.412884,16.412884
1.889726,3.575161,2.456646,21.835348,13.426441,13.426441
2.456646,3.575161,1.889726,21.835348,13.426441,13.426441
1.889726,3.740351,2.645618,18.078685,10.628241,10.628241
2.645618,3.740351,1.889726,18.078685,10.628241,10.628241
1.889726,3.907697,2.834591,14.997731,8.545116,8.545116
2.834591,3.907697,1.889726,14.997731,8.545116,8.545116
1.889726,4.247835,3.212536,10.663623,5.965601,5.965601
3.212536,4.247835,1.889726,10.663623,5.965601,5.965601
1.889726,4.768741,3.779461,7.033421,3.944096,3.944096
3.779461,4.768741,1.889726,7.033421,3.944096,3.944096
1.889726,5.121422,4.157388,6.039009,3.370649,3.370649
4.157388,5.121422,1.889726,6.039009,3.370649,3.370649
1.889726,6.016602,5.102258,5.412252,2.933582,2.933582
5.102258,6.016602,1.889726,5.412252,2.933582,2.933582
1.889726,6.924997,6.047127,5.336370,2.884798,2.884798
6.047127,6.924997,1.889726,5.336370,2.884798,2.884798
2.267667,3.715128,2.267671,22.640539,11.499426,11.499426
2.267671,3.715128,2.267667,22.640539,11.499426,11.499426
2.267671,3.871455,2.456646,19.613088,8.971342,8.971342
2.456646,3.871455,2.267671,19.613088,8.971342,8.971342
2.267671,4.030567,2.645618,16.184698,6.335671,6.335671
2.645618,4.030567,2.267671,16.184698,6.335671,6.335671
2.267671,4.192158,2.834591,13.721676,4.736836,4.736836
2.834591,4.192158,2.267671,13.721676,4.736836,4.736836
2.267671,4.521714,3.212536,10.058469,2.665636,2.665636
3.212536,4.521714,2.267671,10.058469,2.665636,2.665636
2.267671,5.028843,3.779461,6.832607,0.978381,0.978381
3.779461,5.028843,2.267671,6.832607,0.978381,0.978381
2.267671,5.373550,4.157388,5.896609,0.457448,0.457448
4.157388,5.373550,2.267671,5.896609,0.457448,0.457448
2.267671,6.252187,5.102258,5.301424,0.049132,0.049132
5.102258,6.252187,2.267671,5.301424,0.049132,0.049132
2.267671,7.147742,6.047127,5.229619,0.002428,0.002428
6.047127,7.147742,2.267671,5.229619,0.002428,0.002428
2.645617,4.334328,2.645618,14.191271,5.388815,5.388815
2.645618,4.334328,2.645617,14.191271,5.388815,5.388815
2.645617,4.490431,2.834591,12.505937,4.493737,4.493737
2.834591,4.490431,2.645617,12.505937,4.493737,4.493737
2.645617,4.809718,3.212536,9.387476,2.893167,2.893167
3.212536,4.809718,2.645617,9.387476,2.893167,2.893167
2.645617,5.303142,3.779461,6.647441,1.668478,1.668478
3.779461,5.303142,2.645617,6.647441,1.668478,1.668478
2.645617,5.639751,4.157388,5.792315,1.226814,1.226814
4.157388,5.639751,2.645617,5.792315,1.226814,1.226814
2.645617,6.501221,5.102258,5.239372,0.857872,0.857872
5.102258,6.501221,2.645617,5.239372,0.857872,0.857872
2.645617,7.383124,6.047127,5.170854,0.812817,0.812817
6.047127,7.383124,2.645617,5.170854,0.812817,0.812817
3.023562,5.109457,3.212536,8.698700,3.729834,3.729834
3.212536,5.109457,3.023562,8.698700,3.729834,3.729834
3.023562,5.589548,3.779461,6.452441,2.993338,2.993338
3.779461,5.589548,3.023562,6.452441,2.993338,2.993338
3.023562,5.918128,4.157388,5.704906,2.658177,2.658177
4.157388,5.918128,3.023562,5.704906,2.658177,2.658177
3.023562,6.762218,5.102258,5.202069,2.336459,2.336459
5.102258,6.762218,3.023562,5.202069,2.336459,2.336459
3.023562,7.629975,6.047127,5.136077,2.292661,2.292661
6.047127,7.629975,3.023562,5.136077,2.292661,2.292661
3.779452,6.191897,3.779461,5.924874,4.691477,4.691477
3.779461,6.191897,3.779452,5.924874,4.691477,4.691477
3.779452,6.505089,4.157388,5.554178,4.730591,4.730591
4.157388,6.505089,3.779452,5.554178,4.730591,4.730591
3.779452,7.314922,5.102258,5.225145,4.578253,4.578253
5.102258,7.314922,3.779452,5.225145,4.578253,4.578253
3.779452,8.153868,6.047127,5.169904,4.543562,4.543562
6.047127,8.153868,3.779452,5.169904,4.543562,4.543562
4.535343,7.901350,5.102258,5.226867,5.120868,5.120868
5.102258,7.901350,4.535343,5.226867,5.120868,5.120868
4.535343,8.711908,6.047127,5.211799,5.125465,5.125465
6.047127,8.711908,4.535343,5.211799,5.125465,5.125465
5.291233,9.297950,6.047127,5.216506,5.174466,5.174466
6.047127,9.297950,5.291233,5.216506,5.174466,5.174466
