R1,R2,R3,ETriat,E,ENew
1.511781,2.740281,1.511787,35.049450,60.063896,60.063896
1.511787,2.740281,1.511781,35.049450,60.063896,60.063896
1.511781,2.912642,1.700755,32.339235,46.523148,46.523148
1.700755,2.912642,1.511781,32.339235,46.523148,46.523148
1.511781,3.086947,1.889723,29.533057,39.016169,39.016169
1.889723,3.086947,1.511781,29.533057,39.016169,39.016169
1.511781,3.262895,2.078705,26.810888,34.729323,34.729323
2.078705,3.262895,1.511781,26.810888,34.729323,34.729323
1.511781,3.440216,2.267672,24.716985,32.629936,32.629936
2.267672,3.440216,1.511781,24.716985,32.629936,32.629936
1.511781,3.618710,2.456642,20.570238,29.187389,29.187389
2.456642,3.618710,1.511781,20.570238,29.187389,29.187389
1.511781,3.798223,2.645610,18.023496,27.595882,27.595882
2.645610,3.798223,1.511781,18.023496,27.595882,27.595882
1.511781,3.978622,2.834592,15.841261,26.394566,26.394566
2.834592,3.978622,1.511781,15.841261,26.394566,26.394566
1.511781,4.341601,3.212542,11.086061,23.351706,23.351706
3.212542,4.341601,1.511781,11.086061,23.351706,23.351706
1.511781,4.890319,3.779460,7.229114,21.072835,21.072835
3.779460,4.890319,1.511781,7.229114,21.072835,21.072835
1.511781,5.258265,4.157397,6.179225,20.440586,20.440586
4.157397,5.258265,1.511781,6.179225,20.440586,20.440586
1.511781,6.183437,5.102265,5.504569,19.954518,19.954518
5.102265,6.183437,1.511781,5.504569,19.954518,19.954518
1.511781,7.113773,6.047120,5.416738,19.892464,19.892464
6.047120,7.113773,1.511781,5.416738,19.892464,19.892464
1.889723,3.425348,1.889726,26.643363,20.363702,20.363702
1.889726,3.425348,1.889723,26.643363,20.363702,20.363702
1.889726,3.597508,2.078705,25.080270,17.038845,17.038845
2.078705,3.597508,1.889726,25.080270,17.038845,17.038845
1.889726,3.771271,2.267672,23.687850,15.422101,15.422101
2.267672,3.771271,1.889726,23.687850,15.422101,15.422101
1.889726,3.946424,2.456642,20.652744,12.879142,12.879142
2.456642,3.946424,1.889726,20.652744,12.879142,12.879142
1.889726,4.122805,2.645610,18.126770,11.126798,11.126798
2.645610,4.122805,1.889726,18.126770,11.126798,11.126798
1.889726,4.300265,2.834592,15.059861,8.902263,8.902263
2.834592,4.300265,1.889726,15.059861,8.902263,8.902263
1.889726,4.657895,3.212542,10.719430,6.121712,6.121712
3.212542,4.657895,1.889726,10.719430,6.121712,6.121712
1.889726,5.199727,3.779460,7.063132,3.990192,3.990192
3.779460,5.199727,1.889726,7.063132,3.990192,3.990192
1.889726,5.563714,4.157397,6.053233,3.394673,3.394673
4.157397,5.563714,1.889726,6.053233,3.394673,3.394673
1.889726,6.480706,5.102265,5.416960,2.943686,2.943686
5.102265,6.480706,1.889726,5.416960,2.943686,2.943686
1.889726,7.404695,6.047120,5.337999,2.888440,2.888440
6.047120,7.404695,1.889726,5.337999,2.888440,2.888440
2.267671,4.110422,2.267672,21.227889,10.574340,10.574340
2.267672,4.110422,2.267671,21.227889,10.574340,10.574340
2.267671,4.282424,2.456642,19.326473,9.018869,9.018869
2.456642,4.282424,2.267671,19.326473,9.018869,9.018869
2.267671,4.455808,2.645610,16.390041,6.753354,6.753354
2.645610,4.455808,2.267671,16.390041,6.753354,6.753354
2.267671,4.630422,2.834592,13.937030,5.077764,5.077764
2.834592,4.630422,2.267671,13.937030,5.077764,5.077764
2.267671,4.982785,3.212542,10.153268,2.798416,2.798416
3.212542,4.982785,2.267671,10.153268,2.798416,2.798416
2.267671,5.517679,3.779460,6.831763,0.989049,0.989049
3.779460,5.517679,2.267671,6.831763,0.989049,0.989049
2.267671,5.877599,4.157397,5.884277,0.454716,0.454716
4.157397,5.877599,2.267671,5.884277,0.454716,0.454716
2.267671,6.786007,5.102265,5.299030,0.051386,0.051386
5.102265,6.786007,2.267671,5.299030,0.051386,0.051386
2.267671,7.703177,6.047120,5.229326,0.003903,0.003903
6.047120,7.703177,2.267671,5.229326,0.003903,0.003903
2.645610,4.795479,2.645617,13.789108,5.063107,5.063107
2.645617,4.795479,2.645610,13.789108,5.063107,5.063107
2.645617,4.967396,2.834592,12.254633,4.285632,4.285632
2.834592,4.967396,2.645617,12.254633,4.285632,4.285632
2.645617,5.314697,3.212542,9.463319,2.985489,2.985489
3.212542,5.314697,2.645617,9.463319,2.985489,2.985489
2.645617,5.842781,3.779460,6.625092,1.656683,1.656683
3.779460,5.842781,2.645617,6.625092,1.656683,1.656683
2.645617,6.198637,4.157397,5.763059,1.206346,1.206346
4.157397,6.198637,2.645617,5.763059,1.206346,1.206346
2.645617,7.098304,5.102265,5.232189,0.854490,0.854490
5.102265,7.098304,2.645617,5.232189,0.854490,0.854490
2.645617,8.008374,6.047120,5.168954,0.812427,0.812427
6.047120,8.008374,2.645617,5.168954,0.812427,0.812427
3.023562,5.652392,3.212542,8.491802,3.534782,3.534782
3.212542,5.652392,3.023562,8.491802,3.534782,3.534782
3.023562,6.173904,3.779460,6.415852,2.966192,2.966192
3.779460,6.173904,3.023562,6.415852,2.966192,2.966192
3.023562,6.525773,4.157397,5.665269,2.625827,2.625827
4.157397,6.525773,3.023562,5.665269,2.625827,2.625827
3.023562,7.416714,5.102265,5.190897,2.328306,2.328306
5.102265,7.416714,3.023562,5.190897,2.328306,2.328306
3.023562,8.319546,6.047120,5.132598,2.290449,2.290449
6.047120,8.319546,3.023562,5.132598,2.290449,2.290449
3.779452,6.850703,3.779460,5.832039,4.604402,4.604402
3.779460,6.850703,3.779452,5.832039,4.604402,4.604402
3.779452,7.194999,4.157397,5.514178,4.694773,4.694773
4.157397,7.194999,3.779452,5.514178,4.694773,4.694773
3.779452,8.068961,5.102265,5.215452,4.570404,4.570404
5.102265,8.068961,3.779452,5.215452,4.570404,4.570404
3.779452,8.957315,6.047120,5.166657,4.541177,4.541177
6.047120,8.957315,3.779452,5.166657,4.541177,4.541177
4.535343,8.737926,5.102265,5.223322,5.118440,5.118440
5.102265,8.737926,4.535343,5.223322,5.118440,5.118440
4.535343,9.612226,6.047120,5.210663,5.124901,5.124901
6.047120,9.612226,4.535343,5.210663,5.124901,5.124901
5.291233,10.281003,6.047120,5.216519,5.174857,5.174857
6.047120,10.281003,5.291233,5.216519,5.174857,5.174857
