R1,R2,R3,ETriat,E,ENew
2.200020,4.006940,2.282033,21.761922,11.096790,11.096790
2.282033,4.006940,2.200020,21.761922,11.096790,11.096790
2.282033,4.185889,2.400014,20.102305,9.616643,9.616643
2.400014,4.185889,2.282033,20.102305,9.616643,9.616643
2.282033,4.366682,2.600019,16.919477,7.089859,7.089859
2.600019,4.366682,2.282033,16.919477,7.089859,7.089859
2.282033,4.549067,2.800013,14.223418,5.210372,5.210372
2.800013,4.549067,2.282033,14.223418,5.210372,5.210372
2.282033,4.732875,3.000007,12.027723,3.847091,3.847091
3.000007,4.732875,2.282033,12.027723,3.847091,3.847091
2.282033,4.917962,3.200013,10.207146,2.802579,2.802579
3.200013,4.917962,2.282033,10.207146,2.802579,2.802579
2.282033,5.104169,3.400022,8.719733,1.986337,1.986337
3.400022,5.104169,2.282033,8.719733,1.986337,1.986337
2.282033,5.291389,3.600027,7.576647,1.377027,1.377027
3.600027,5.291389,2.282033,7.576647,1.377027,1.377027
2.282033,5.479497,3.800021,6.749076,0.936231,0.936231
3.800021,5.479497,2.282033,6.749076,0.936231,0.936231
2.282033,5.668435,4.000026,6.182586,0.623880,0.623880
4.000026,5.668435,2.282033,6.182586,0.623880,0.623880
2.282033,5.858092,4.200020,5.814407,0.406972,0.406972
4.200020,5.858092,2.282033,5.814407,0.406972,0.406972
2.282033,6.048414,4.400014,5.586342,0.260835,0.260835
4.400014,6.048414,2.282033,5.586342,0.260835,0.260835
2.282033,6.239357,4.600019,5.447481,0.163006,0.163006
4.600019,6.239357,2.282033,5.447481,0.163006,0.163006
2.282033,6.430848,4.800028,5.364398,0.099868,0.099868
4.800028,6.430848,2.282033,5.364398,0.099868,0.099868
2.282033,6.622845,5.000034,5.313952,0.059929,0.059929
5.000034,6.622845,2.282033,5.313952,0.059929,0.059929
2.282033,6.815288,5.200027,5.282167,0.034995,0.034995
5.200027,6.815288,2.282033,5.282167,0.034995,0.034995
2.282033,7.008169,5.400033,5.261062,0.019427,0.019427
5.400033,7.008169,2.282033,5.261062,0.019427,0.019427
2.282033,7.201423,5.600027,5.246435,0.009714,0.009714
5.600027,7.201423,2.282033,5.246435,0.009714,0.009714
2.282033,7.395036,5.800021,5.235779,0.003426,0.003426
5.800021,7.395036,2.282033,5.235779,0.003426,0.003426
2.282033,7.588995,6.000026,5.227934,-0.000650,-0.000650
6.000026,7.588995,2.282033,5.227934,-0.000650,-0.000650
2.282033,8.075173,6.500037,5.216294,-0.005464,-0.005464
6.500037,8.075173,2.282033,5.216294,-0.005464,-0.005464
2.282033,8.562932,7.000033,5.211136,-0.006635,-0.006635
7.000033,8.562932,2.282033,5.211136,-0.006635,-0.006635
2.282033,9.052038,7.500045,5.208938,-0.006505,-0.006505
7.500045,9.052038,2.282033,5.208938,-0.006505,-0.006505
2.282033,9.542263,8.000041,5.208050,-0.005984,-0.005984
8.000041,9.542263,2.282033,5.208050,-0.005984,-0.005984
2.282033,10.033452,8.500037,5.207686,-0.005464,-0.005464
8.500037,10.033452,2.282033,5.207686,-0.005464,-0.005464
2.282033,10.525483,9.000048,5.207548,-0.005030,-0.005030
9.000048,10.525483,2.282033,5.207548,-0.005030,-0.005030
2.282033,11.018220,9.500044,5.207515,-0.004683,-0.004683
9.500044,11.018220,2.282033,5.207515,-0.004683,-0.004683
2.282033,11.511582,10.000041,5.207561,-0.004380,-0.004380
10.000041,11.511582,2.282033,5.207561,-0.004380,-0.004380
