R1,R2,R3,ETriat,E,ENew
1.511780,2.618481,1.511781,37.323512,61.870229,61.870229
1.511781,2.618481,1.511780,37.323512,61.870229,61.870229
1.511781,2.783738,1.700749,34.173096,47.832354,47.832354
1.700749,2.783738,1.511781,34.173096,47.832354,47.832354
1.511781,2.951851,1.889734,30.919689,39.866799,39.866799
1.889734,2.951851,1.511781,30.919689,39.866799,39.866799
1.511781,3.122342,2.078702,27.868950,35.277402,35.277402
2.078702,3.122342,1.511781,27.868950,35.277402,35.277402
1.511781,3.294850,2.267671,25.752777,33.213226,33.213226
2.267671,3.294850,1.511781,25.752777,33.213226,33.213226
1.511781,3.469073,2.456639,21.349228,29.594404,29.594404
2.456639,3.469073,1.511781,21.349228,29.594404,29.594404
1.511781,3.644777,2.645624,18.492466,27.783172,27.783172
2.645624,3.644777,1.511781,18.492466,27.783172,27.783172
1.511781,3.821737,2.834592,16.096602,26.453932,26.453932
2.834592,3.821737,1.511781,16.096602,26.453932,26.453932
1.511781,4.178812,3.212529,11.018905,23.211423,23.211423
3.212529,4.178812,1.511781,11.018905,23.211423,23.211423
1.511781,4.720533,3.779451,7.185108,21.018587,21.018587
3.779451,4.720533,1.511781,7.185108,21.018587,21.018587
1.511781,5.084738,4.157404,6.154933,20.411966,20.411966
4.157404,5.084738,1.511781,6.154933,20.411966,20.411966
1.511781,6.002672,5.102263,5.502764,19.950268,19.950268
5.102263,6.002672,1.511781,5.502764,19.950268,19.950268
1.511781,6.927849,6.047121,5.419248,19.894068,19.894068
6.047121,6.927849,1.511781,5.419248,19.894068,19.894068
1.889726,3.273106,1.889734,27.726154,20.963254,20.963254
1.889734,3.273106,1.889726,27.726154,20.963254,20.963254
1.889726,3.438057,2.078702,25.952199,17.499112,17.499112
2.078702,3.438057,1.889726,25.952199,17.499112,17.499112
1.889726,3.605367,2.267671,25.236002,16.645923,16.645923
2.267671,3.605367,1.889726,25.236002,16.645923,16.645923
1.889726,3.774722,2.456639,21.089083,13.080092,13.080092
2.456639,3.774722,1.889726,21.089083,13.080092,13.080092
1.889726,3.945869,2.645624,17.947656,10.790683,10.790683
2.645624,3.945869,1.889726,17.947656,10.790683,10.790683
1.889726,4.118565,2.834592,14.915770,8.661852,8.661852
2.834592,4.118565,1.889726,14.915770,8.661852,8.661852
1.889726,4.467910,3.212529,10.649346,6.022799,6.022799
3.212529,4.467910,1.889726,10.649346,6.022799,6.022799
1.889726,4.999744,3.779451,7.044439,3.965952,3.965952
3.779451,4.999744,1.889726,7.044439,3.965952,3.965952
1.889726,5.358304,4.157404,6.047102,3.384309,3.384309
4.157404,5.358304,1.889726,6.047102,3.384309,3.384309
1.889726,6.264665,5.102263,5.415595,2.940130,2.940130
5.102263,6.264665,1.889726,5.415595,2.940130,2.940130
1.889726,7.180957,6.047121,5.337594,2.887226,2.887226
6.047121,7.180957,1.889726,5.337594,2.887226,2.887226
2.267671,3.927722,2.267671,22.685053,11.862427,11.862427
2.267671,3.927722,2.267671,22.685053,11.862427,11.862427
2.267671,4.092465,2.456639,19.310706,8.895108,8.895108
2.456639,4.092465,2.267671,19.310706,8.895108,8.895108
2.267671,4.259231,2.645624,16.224881,6.524565,6.524565
2.645624,4.259231,2.267671,16.224881,6.524565,6.524565
2.267671,4.427772,2.834592,13.756716,4.862418,4.862418
2.834592,4.427772,2.267671,13.756716,4.862418,4.862418
2.267671,4.769450,3.212529,10.073610,2.708479,2.708479
3.212529,4.769450,2.267671,10.073610,2.708479,2.708479
2.267671,5.291232,3.779451,6.826337,0.978815,0.978815
3.779451,5.291232,2.267671,6.826337,0.978815,0.978815
2.267671,5.643931,4.157404,5.888448,0.454759,0.454759
4.157404,5.643931,2.267671,5.888448,0.454759,0.454759
2.267671,6.538017,5.102263,5.300154,0.050693,0.050693
5.102263,6.538017,2.267671,5.300154,0.050693,0.050693
2.267671,7.444656,6.047121,5.229719,0.003599,0.003599
6.047121,7.444656,2.267671,5.229719,0.003599,0.003599
2.645617,4.582347,2.645624,13.810529,5.064582,5.064582
2.645624,4.582347,2.645617,13.810529,5.064582,5.064582
2.645617,4.746940,2.834592,12.215993,4.235720,4.235720
2.834592,4.746940,2.645617,12.215993,4.235720,4.235720
2.645617,5.081217,3.212529,9.397513,2.913938,2.913938
3.212529,5.081217,2.645617,9.397513,2.913938,2.913938
2.645617,5.593078,3.779451,6.630855,1.657897,1.657897
3.779451,5.593078,2.645617,6.630855,1.657897,1.657897
2.645617,5.939880,4.157404,5.775047,1.214759,1.214759
4.157404,5.939880,2.645617,5.775047,1.214759,1.214759
2.645617,6.821363,5.102263,5.235501,0.856355,0.856355
5.102263,6.821363,2.645617,5.235501,0.856355,0.856355
2.645617,7.717858,6.047121,5.170102,0.812990,0.812990
6.047121,7.717858,2.645617,5.170102,0.812990,0.812990
3.023562,5.401441,3.212529,8.493494,3.531400,3.531400
3.212529,5.401441,3.023562,8.493494,3.531400,3.531400
3.023562,5.903692,3.779451,6.429294,2.975776,2.975776
3.779451,5.903692,3.023562,6.429294,2.975776,2.975776
3.023562,6.244684,4.157404,5.682823,2.640571,2.640571
4.157404,6.244684,3.023562,5.682823,2.640571,2.640571
3.023562,7.113509,5.102263,5.196322,2.332599,2.332599
5.102263,7.113509,3.023562,5.196322,2.332599,2.332599
3.023562,7.999591,6.047121,5.134427,2.291793,2.291793
6.047121,7.999591,3.023562,5.134427,2.291793,2.291793
3.779451,6.546203,3.779452,5.861821,4.632025,4.632025
3.779452,6.546203,3.779451,5.861821,4.632025,4.632025
3.779452,6.876115,4.157404,5.520433,4.699499,4.699499
4.157404,6.876115,3.779452,5.520433,4.699499,4.699499
3.779452,7.720175,5.102263,5.220644,4.574914,4.574914
5.102263,7.720175,3.779452,5.220644,4.574914,4.574914
3.779452,8.585264,6.047121,5.168281,4.542478,4.542478
6.047121,8.585264,3.779452,5.168281,4.542478,4.542478
4.535343,8.351223,5.102263,5.224167,5.118874,5.118874
5.102263,8.351223,4.535343,5.224167,5.118874,5.118874
4.535343,9.195803,6.047121,5.211135,5.125161,5.125161
6.047121,9.195803,4.535343,5.211135,5.125161,5.125161
5.291233,9.826575,6.047121,5.216485,5.174683,5.174683
6.047121,9.826575,5.291233,5.216485,5.174683,5.174683
