R1,R2,R3,ETriat,E,ENew
1.511781,1.733438,1.700761,50.518991,69.674772,69.674772
1.700761,1.733438,1.511781,50.518991,69.674772,69.674772
1.511781,1.855220,1.889731,48.917103,59.231088,59.231088
1.889731,1.855220,1.511781,48.917103,59.231088,59.231088
1.511781,1.987534,2.078701,44.589309,50.586972,50.586972
2.078701,1.987534,1.511781,44.589309,50.586972,50.586972
1.511781,2.128418,2.267671,39.099394,43.476038,43.476038
2.267671,2.128418,1.511781,39.099394,43.476038,43.476038
1.511781,2.276281,2.456641,33.226816,37.551893,37.551893
2.456641,2.276281,1.511781,33.226816,37.551893,37.551893
1.511781,2.429846,2.645619,28.471679,33.601422,33.601422
2.645619,2.429846,1.511781,28.471679,33.601422,33.601422
1.511781,2.588104,2.834588,24.404266,30.756129,30.756129
2.834588,2.588104,1.511781,24.404266,30.756129,30.756129
1.511781,2.915614,3.212528,17.526100,26.648680,26.648680
3.212528,2.915614,1.511781,17.526100,26.648680,26.648680
1.511781,3.426422,3.779463,9.708407,22.179748,22.179748
3.779463,3.426422,1.511781,9.708407,22.179748,22.179748
1.511781,3.775858,4.157402,7.275294,20.948293,20.948293
4.157402,3.775858,1.511781,7.275294,20.948293,20.948293
1.511781,4.668918,5.102259,5.596320,20.003823,20.003823
5.102259,4.668918,1.511781,5.596320,20.003823,20.003823
1.511781,5.579068,6.047116,5.439434,19.898188,19.898188
6.047116,5.579068,1.511781,5.439434,19.898188,19.898188
1.597256,1.889723,1.889726,47.980309,51.361239,51.361239
1.889726,1.889723,1.597256,47.980309,51.361239,51.361239
1.889726,2.030700,1.889731,43.879381,34.732922,34.732922
1.889731,2.030700,1.889726,43.879381,34.732922,34.732922
1.889726,2.138184,2.078701,40.078887,28.054848,28.054848
2.078701,2.138184,1.889726,40.078887,28.054848,28.054848
1.889726,2.256399,2.267671,36.478616,23.633009,23.633009
2.267671,2.256399,1.889726,36.478616,23.633009,23.633009
1.889726,2.383750,2.456641,32.327301,19.820003,19.820003
2.456641,2.383750,1.889726,32.327301,19.820003,19.820003
1.889726,2.518845,2.645619,28.341444,16.787854,16.787854
2.645619,2.518845,1.889726,28.341444,16.787854,16.787854
1.889726,2.660516,2.834588,25.047915,14.739203,14.739203
2.834588,2.660516,1.889726,25.047915,14.739203,14.739203
1.889726,2.959753,3.212528,17.522670,9.897859,9.897859
3.212528,2.959753,1.889726,17.522670,9.897859,9.897859
1.889726,3.437817,3.779463,9.838590,5.416525,5.416525
3.779463,3.437817,1.889726,9.838590,5.416525,5.416525
1.889726,3.770224,4.157402,7.386666,4.123971,4.123971
4.157402,3.770224,1.889726,7.386666,4.123971,4.123971
1.889726,4.631894,5.102259,5.565779,3.042990,3.042990
5.102259,4.631894,1.889726,5.565779,3.042990,3.042990
1.889726,5.520852,6.047116,5.359171,2.890392,2.890392
6.047116,5.520852,1.889726,5.359171,2.890392,2.890392
1.916709,2.267671,2.267672,36.145125,22.831163,22.831163
2.267672,2.267671,1.916709,36.145125,22.831163,22.831163
2.267671,2.436841,2.267671,30.861133,15.435890,15.435890
2.267671,2.436841,2.267671,30.861133,15.435890,15.435890
2.267671,2.543375,2.456641,28.445809,13.576481,13.576481
2.456641,2.543375,2.267671,28.445809,13.576481,13.576481
2.267671,2.659077,2.645619,26.456021,12.616226,12.616226
2.645619,2.659077,2.267671,26.456021,12.616226,12.616226
2.267671,2.782821,2.834588,25.301402,12.698357,12.698357
2.834588,2.782821,2.267671,25.301402,12.698357,12.698357
2.267671,3.050435,3.212528,16.889417,6.849535,6.849535
3.212528,3.050435,2.267671,16.889417,6.849535,6.849535
2.267671,3.490343,3.779463,9.644225,2.591440,2.591440
3.779463,3.490343,2.267671,9.644225,2.591440,2.591440
2.267671,3.802337,4.157402,7.304723,1.317012,1.317012
4.157402,3.802337,2.267671,7.304723,1.317012,1.317012
2.267671,4.625557,5.102259,5.494691,0.194488,0.194488
5.102259,4.625557,2.267671,5.494691,0.194488,0.194488
2.267671,5.488106,6.047116,5.261089,0.014961,0.014961
6.047116,5.488106,2.267671,5.261089,0.014961,0.014961
2.236170,2.645610,2.645617,26.761246,12.891718,12.891718
2.645617,2.645610,2.236170,26.761246,12.891718,12.891718
2.645617,2.842972,2.645619,19.090636,6.851400,6.851400
2.645619,2.842972,2.645617,19.090636,6.851400,6.851400
2.645617,2.948817,2.834588,17.453672,6.394386,6.394386
2.834588,2.948817,2.645617,17.453672,6.394386,6.394386
2.645617,3.183686,3.212528,15.752560,7.087388,7.087388
3.212528,3.183686,2.645617,15.752560,7.087388,7.087388
2.645617,3.582190,3.779463,9.268976,3.315403,3.315403
3.779463,3.582190,2.645617,9.268976,3.315403,3.315403
2.645617,3.871257,4.157402,7.137348,2.117340,2.117340
4.157402,3.871257,2.645617,7.137348,2.117340,2.117340
2.645617,4.650032,5.102259,5.447746,1.018536,1.018536
5.102259,4.650032,2.645617,5.447746,1.018536,1.018536
2.645617,5.481285,6.047116,5.206808,0.828818,0.828818
6.047116,5.481285,2.645617,5.206808,0.828818,0.828818
3.023562,3.354436,3.212528,10.582393,4.014997,4.014997
3.212528,3.354436,3.023562,10.582393,4.014997,4.014997
3.023562,3.710440,3.779463,8.723527,4.554099,4.554099
3.779463,3.710440,3.023562,8.723527,4.554099,4.554099
3.023562,3.975069,4.157402,6.897370,3.513708,3.513708
4.157402,3.975069,3.023562,6.897370,3.513708,3.513708
3.023562,4.704838,5.102259,5.415436,2.505362,2.505362
5.102259,4.704838,3.023562,5.415436,2.505362,2.505362
3.023562,5.500486,6.047116,5.180114,2.316424,2.316424
6.047116,5.500486,3.023562,5.180114,2.316424,2.316424
3.194529,3.779452,3.779460,8.375454,4.978894,4.978894
3.779460,3.779452,3.194529,8.375454,4.978894,4.978894
3.779452,4.061400,3.779463,6.065082,4.570578,4.570578
3.779463,4.061400,3.779452,6.065082,4.570578,4.570578
3.779452,4.276368,4.157402,6.033507,5.075336,5.075336
4.157402,4.276368,3.779452,6.033507,5.075336,5.075336
3.779452,4.900813,5.102259,5.378029,4.695987,4.695987
5.102259,4.900813,3.779452,5.378029,4.695987,4.695987
3.779452,5.615526,6.047116,5.210186,4.564810,4.564810
6.047116,5.615526,3.779452,5.210186,4.564810,4.564810
4.535343,5.200305,5.102259,5.407194,5.273770,5.273770
5.102259,5.200305,4.535343,5.407194,5.273770,5.273770
4.535343,5.827148,6.047116,5.263172,5.160980,5.160980
6.047116,5.827148,4.535343,5.263172,5.160980,5.160980
5.291233,6.125351,6.047116,5.224875,5.171041,5.171041
6.047116,6.125351,5.291233,5.224875,5.171041,5.171041
