R1,R2,R3,ETriat,E,ENew
1.511781,1.849118,1.700749,50.220083,66.062975,66.062975
1.700749,1.849118,1.511781,50.220083,66.062975,66.062975
1.511781,1.975431,1.889721,47.628253,55.975874,55.975874
1.889721,1.975431,1.511781,47.628253,55.975874,55.975874
1.511781,2.111123,2.078694,44.001852,49.026211,49.026211
2.078694,2.111123,1.511781,44.001852,49.026211,49.026211
1.511781,2.254501,2.267667,37.192300,41.274182,41.274182
2.267667,2.254501,1.511781,37.192300,41.274182,41.274182
1.511781,2.404185,2.456646,31.689449,36.146722,36.146722
2.456646,2.404185,1.511781,31.689449,36.146722,36.146722
1.511781,2.559079,2.645618,26.974172,32.477207,32.477207
2.645618,2.559079,1.511781,26.974172,32.477207,32.477207
1.511781,2.718287,2.834591,22.996501,29.838371,29.838371
2.834591,2.718287,1.511781,22.996501,29.838371,29.838371
1.511781,2.834585,2.971886,20.457369,28.326004,28.326004
2.971886,2.834585,1.511781,20.457369,28.326004,28.326004
1.511781,3.046925,3.212536,15.988443,25.637862,25.637862
3.212536,3.046925,1.511781,15.988443,25.637862,25.637862
1.511781,3.558286,3.779461,8.934608,21.758725,21.758725
3.779461,3.558286,1.511781,8.934608,21.758725,21.758725
1.511781,3.907702,4.157388,6.849027,20.710355,20.710355
4.157388,3.907702,1.511781,6.849027,20.710355,20.710355
1.511781,4.157397,4.423735,6.133690,20.329011,20.329011
4.423735,4.157397,1.511781,6.133690,20.329011,20.329011
1.511781,4.800229,5.102258,5.540402,19.958074,19.958074
5.102258,4.800229,1.511781,5.540402,19.958074,19.958074
1.511781,5.709624,6.047127,5.431062,19.892291,19.892291
6.047127,5.709624,1.511781,5.431062,19.892291,19.892291
1.889721,2.167801,1.889726,40.800256,30.883056,30.883056
1.889726,2.167801,1.889721,40.800256,30.883056,30.883056
1.889726,2.281452,2.078694,37.150235,24.864116,24.864116
2.078694,2.281452,1.889726,37.150235,24.864116,24.864116
1.889726,2.404601,2.267667,33.728948,21.009610,21.009610
2.267667,2.404601,1.889726,33.728948,21.009610,21.009610
1.889726,2.535856,2.456646,30.476212,18.359196,18.359196
2.456646,2.535856,1.889726,30.476212,18.359196,18.359196
1.889726,2.674041,2.645618,26.942117,15.936182,15.936182
2.645618,2.674041,1.889726,26.942117,15.936182,15.936182
1.889726,2.818128,2.834591,23.829137,14.146025,14.146025
2.834591,2.818128,1.889726,23.829137,14.146025,14.146025
1.889726,3.120706,3.212536,15.800256,8.808683,8.808683
3.212536,3.120706,1.889726,15.800256,8.808683,8.808683
1.889726,3.601373,3.779461,8.942923,4.942035,4.942035
3.779461,3.601373,1.889726,8.942923,4.942035,4.942035
1.889726,3.934579,4.157388,6.893165,3.859927,3.859927
4.157388,3.934579,1.889726,6.893165,3.859927,3.859927
1.889726,4.796738,5.102258,5.499176,2.990259,2.990259
5.102258,4.796738,1.889726,5.499176,2.990259,2.990259
1.889726,5.685247,6.047127,5.347794,2.882196,2.882196
6.047127,5.685247,1.889726,5.347794,2.882196,2.882196
1.551189,2.267671,2.267672,37.095151,38.041691,38.041691
2.267672,2.267671,1.551189,37.095151,38.041691,38.041691
2.267667,2.601368,2.267671,28.691186,13.769841,13.769841
2.267671,2.601368,2.267667,28.691186,13.769841,13.769841
2.003921,2.456642,2.267671,32.208793,18.012976,18.012976
2.267671,2.456642,2.003921,32.208793,18.012976,18.012976
2.267671,2.714169,2.456646,26.441786,12.198196,12.198196
2.456646,2.714169,2.267671,26.441786,12.198196,12.198196
2.267671,2.835100,2.645618,25.191193,12.051581,12.051581
2.645618,2.835100,2.267671,25.191193,12.051581,12.051581
2.267671,2.963155,2.834591,22.507777,10.638171,10.638171
2.834591,2.963155,2.267671,22.507777,10.638171,10.638171
2.267671,3.237212,3.212536,15.078839,5.737419,5.737419
3.212536,3.237212,2.267671,15.078839,5.737419,5.737419
2.267671,3.682941,3.779461,8.705309,2.100818,2.100818
3.779461,3.682941,2.267671,8.705309,2.100818,2.100818
2.267671,3.997171,4.157388,6.780551,1.036879,1.036879
4.157388,3.997171,2.267671,6.780551,1.036879,1.036879
2.267671,4.822954,5.102258,5.421845,0.137768,0.137768
5.102258,4.822954,2.267671,5.421845,0.137768,0.137768
2.267671,5.685943,6.047127,5.248949,0.006678,0.006678
6.047127,5.685943,2.267671,5.248949,0.006678,0.006678
1.809705,2.645610,2.645617,27.142490,17.795939,17.795939
2.645617,2.645610,1.809705,27.142490,17.795939,17.795939
2.645617,3.034925,2.645618,17.587739,6.124271,6.124271
2.645618,3.034925,2.645617,17.587739,6.124271,6.124271
2.645617,3.147128,2.834591,16.045853,5.763611,5.763611
2.834591,3.147128,2.645617,16.045853,5.763611,5.763611
2.645617,3.392045,3.212536,13.873133,5.908317,5.908317
3.212536,3.392045,2.645617,13.873133,5.908317,5.908317
2.645617,3.800514,3.779461,8.356125,2.827297,2.827297
3.779461,3.800514,2.645617,8.356125,2.827297,2.827297
2.645617,4.093840,4.157388,6.626298,1.833738,1.833738
4.157388,4.093840,2.645617,6.626298,1.833738,1.833738
2.645617,4.878397,5.102258,5.368172,0.955181,0.955181
5.102258,4.878397,2.645617,5.368172,0.955181,0.955181
2.645617,5.711703,6.047127,5.189979,0.816460,0.816460
6.047127,5.711703,2.645617,5.189979,0.816460,0.816460
3.023562,3.580234,3.212536,9.822019,3.878617,3.878617
3.212536,3.580234,3.023562,9.822019,3.878617,3.878617
3.023562,3.950879,3.779461,7.906968,4.090971,4.090971
3.779461,3.950879,3.023562,7.906968,4.090971,4.090971
3.023562,4.222246,4.157388,6.443264,3.244069,3.244069
4.157388,4.222246,3.023562,6.443264,3.244069,3.244069
3.023562,4.962088,5.102258,5.339402,2.443741,2.443741
5.102258,4.962088,3.023562,5.339402,2.443741,2.443741
3.023562,5.762190,6.047127,5.164156,2.305453,2.305453
6.047127,5.762190,3.023562,5.164156,2.305453,2.305453
2.585305,3.779452,3.779460,8.416925,2.635151,2.635151
3.779460,3.779452,2.585305,8.416925,2.635151,2.635151
3.779452,4.335617,3.779461,5.966587,4.624479,4.624479
3.779461,4.335617,3.779452,5.966587,4.624479,4.624479
3.779452,4.562903,4.157388,5.900047,5.017749,5.017749
4.157388,4.562903,3.779452,5.900047,5.017749,5.017749
3.779452,5.208310,5.102258,5.327631,4.655051,4.655051
5.102258,5.208310,3.779452,5.327631,4.655051,4.655051
3.779452,5.934514,6.047127,5.197449,4.557655,4.557655
6.047127,5.934514,3.779452,5.197449,4.557655,4.557655
4.535343,5.547378,5.102258,5.327415,5.201482,5.201482
5.102258,5.547378,4.535343,5.327415,5.201482,5.201482
4.535343,6.194903,6.047127,5.240203,5.143374,5.143374
6.047127,6.194903,4.535343,5.240203,5.143374,5.143374
5.291233,6.532834,6.047127,5.219052,5.169566,5.169566
6.047127,6.532834,5.291233,5.219052,5.169566,5.169566
