R1,R2,R3,ETriat,E,ENew
1.511777,2.681929,1.511781,24.350634,49.136573,49.136573
1.511781,2.681929,1.511777,24.350634,49.136573,49.136573
1.511781,2.850893,1.700760,23.030696,36.962575,36.962575
1.700760,2.850893,1.511781,23.030696,36.962575,36.962575
1.511781,3.022220,1.889727,21.277162,30.506568,30.506568
1.889727,3.022220,1.511781,21.277162,30.506568,30.506568
1.511781,3.195531,2.078699,19.646539,27.326765,27.326765
2.078699,3.195531,1.511781,19.646539,27.326765,27.326765
1.511781,3.370530,2.267666,17.024982,24.729818,24.729818
2.267666,3.370530,1.511781,17.024982,24.729818,24.729818
1.511781,3.546974,2.456648,14.169702,22.618896,22.618896
2.456648,3.546974,1.511781,14.169702,22.618896,22.618896
1.511781,3.724637,2.645615,11.381759,20.829476,20.829476
2.645615,3.724637,1.511781,11.381759,20.829476,20.829476
1.511781,3.903359,2.834587,9.255668,19.724081,19.724081
2.834587,3.903359,1.511781,9.255668,19.724081,19.724081
1.511781,4.263472,3.212537,6.466874,18.702292,18.702292
3.212537,4.263472,1.511781,6.466874,18.702292,18.702292
1.511781,4.808757,3.779443,4.971818,18.811353,18.811353
3.779443,4.808757,1.511781,4.971818,18.811353,18.811353
1.511781,5.174876,4.157393,4.904522,19.163903,19.163903
4.157393,5.174876,1.511781,4.904522,19.163903,19.163903
1.511781,6.096488,5.102264,5.349885,19.798711,19.798711
5.102264,6.096488,1.511781,5.349885,19.798711,19.798711
1.511781,7.024269,6.047124,5.427948,19.903262,19.903262
6.047124,7.024269,1.511781,5.427948,19.903262,19.903262
1.889726,3.352419,1.889727,18.474240,11.972572,11.972572
1.889727,3.352419,1.889726,18.474240,11.972572,11.972572
1.889726,3.521113,2.078699,16.657452,8.430504,8.430504
2.078699,3.521113,1.889726,16.657452,8.430504,8.430504
1.889726,3.691779,2.267666,14.789218,6.380466,6.380466
2.267666,3.691779,1.889726,14.789218,6.380466,6.380466
1.889726,3.864158,2.456648,13.067237,5.192376,5.192376
2.456648,3.864158,1.889726,13.067237,5.192376,5.192376
1.889726,4.038013,2.645615,11.253500,4.187716,4.187716
2.645615,4.038013,1.889726,11.253500,4.187716,4.187716
1.889726,4.213164,2.834587,9.537292,3.340381,3.340381
2.834587,4.213164,1.889726,9.537292,3.340381,3.340381
1.889726,4.566794,3.212537,7.353553,2.744602,2.744602
3.212537,4.566794,1.889726,7.353553,2.744602,2.744602
1.889726,5.103758,3.779443,5.836442,2.761037,2.761037
3.779443,5.103758,1.889726,5.836442,2.761037,2.761037
1.889726,5.465109,4.157393,5.460224,2.799674,2.799674
4.157393,5.465109,1.889726,5.460224,2.799674,2.799674
1.889726,6.376903,5.102264,5.310015,2.835753,2.835753
5.102264,6.376903,1.889726,5.310015,2.835753,2.835753
1.889726,7.297104,6.047124,5.302502,2.852578,2.852578
6.047124,7.297104,1.889726,5.302502,2.852578,2.852578
2.267666,4.022893,2.267671,12.606482,1.882263,1.882263
2.267671,4.022893,2.267666,12.606482,1.882263,1.882263
2.267671,4.191430,2.456648,11.523483,1.172089,1.172089
2.456648,4.191430,2.267671,11.523483,1.172089,1.172089
2.267671,4.361635,2.645615,10.463718,0.801976,0.801976
2.645615,4.361635,2.267671,10.463718,0.801976,0.801976
2.267671,4.533319,2.834587,9.401399,0.528652,0.528652
2.834587,4.533319,2.267671,9.401399,0.528652,0.528652
2.267671,4.880543,3.212537,7.414777,0.055853,0.055853
3.212537,4.880543,2.267671,7.414777,0.055853,0.055853
2.267671,5.409088,3.779443,5.883573,0.038594,0.038594
3.779443,5.409088,2.267671,5.883573,0.038594,0.038594
2.267671,5.765516,4.157393,5.437365,0.005898,0.005898
4.157393,5.765516,2.267671,5.437365,0.005898,0.005898
2.267671,6.666956,5.102264,5.222174,-0.026279,-0.026279
5.102264,6.666956,2.267671,5.222174,-0.026279,-0.026279
2.267671,7.578970,6.047124,5.204183,-0.021552,-0.021552
6.047124,7.578970,2.267671,5.204183,-0.021552,-0.021552
2.645615,4.693384,2.645617,9.266120,0.532555,0.532555
2.645617,4.693384,2.645615,9.266120,0.532555,0.532555
2.645617,4.861779,2.834587,8.634466,0.661043,0.661043
2.834587,4.861779,2.645617,8.634466,0.661043,0.661043
2.645617,5.202835,3.212537,7.239979,0.759566,0.759566
3.212537,5.202835,2.645617,7.239979,0.759566,0.759566
2.645617,5.723094,3.779443,5.806976,0.836450,0.836450
3.779443,5.723094,2.645617,5.806976,0.836450,0.836450
2.645617,6.074588,4.157393,5.375651,0.817327,0.817327
4.157393,6.074588,2.645617,5.375651,0.817327,0.817327
2.645617,6.965444,5.102264,5.154815,0.776478,0.776478
5.102264,6.965444,2.645617,5.154815,0.776478,0.776478
2.645617,7.868896,6.047124,5.134999,0.778212,0.778212
6.047124,7.868896,2.645617,5.134999,0.778212,0.778212
3.023562,5.532175,3.212537,6.828110,1.868733,1.868733
3.212537,5.532175,3.023562,6.828110,1.868733,1.868733
3.023562,6.044424,3.779443,5.681411,2.230000,2.230000
3.779443,6.044424,3.023562,5.681411,2.230000,2.230000
3.023562,6.391067,4.157393,5.317215,2.276529,2.276529
4.157393,6.391067,3.023562,5.317215,2.276529,2.276529
3.023562,7.271327,5.102264,5.109392,2.246305,2.246305
5.102264,7.271327,3.023562,5.109392,2.246305,2.246305
3.023562,8.166024,6.047124,5.089448,2.247085,2.247085
6.047124,8.166024,3.023562,5.089448,2.247085,2.247085
3.779443,6.704822,3.779452,5.357861,4.129261,4.129261
3.779452,6.704822,3.779443,5.357861,4.129261,4.129261
3.779452,7.042233,4.157393,5.236450,4.416375,4.416375
4.157393,7.042233,3.779452,5.236450,4.416375,4.416375
3.779452,7.901824,5.102264,5.251568,4.606223,4.606223
5.102264,7.901824,3.779452,5.251568,4.606223,4.606223
3.779452,8.778945,6.047124,5.236745,4.611123,4.611123
6.047124,8.778945,3.779452,5.236745,4.611123,4.611123
4.535343,8.552671,5.102264,5.146790,5.041729,5.041729
5.102264,8.552671,4.535343,5.146790,5.041729,5.041729
4.535343,9.412679,6.047124,5.136169,5.050315,5.050315
6.047124,9.412679,4.535343,5.136169,5.050315,5.050315
5.291233,10.063296,6.047124,5.156954,5.115231,5.115231
6.047124,10.063296,5.291233,5.156954,5.115231,5.115231
