R1,R2,R3,ETriat,E,ENew
1.511788,1.511781,2.316189,33.238230,57.025936,57.025936
2.316189,1.511781,1.511788,33.238230,57.025936,57.025936
1.511781,1.700749,2.551270,29.105286,41.886700,41.886700
2.551270,1.700749,1.511781,29.105286,41.886700,41.886700
1.511781,1.474957,2.267672,33.821219,60.962054,60.962054
2.267672,1.474957,1.511781,33.821219,60.962054,60.962054
2.128418,1.511781,2.267671,35.304210,39.680854,39.680854
2.267671,1.511781,2.128418,35.304210,39.680854,39.680854
1.511781,1.621889,2.456642,30.375153,46.700117,46.700117
2.456642,1.621889,1.511781,30.375153,46.700117,46.700117
1.511781,1.776799,2.645610,27.597199,38.012940,38.012940
2.645610,1.776799,1.511781,27.597199,38.012940,38.012940
1.511781,1.937769,2.834592,24.003887,31.688414,31.688414
2.834592,1.937769,1.511781,24.003887,31.688414,31.688414
1.511781,2.834592,3.821737,9.244898,19.602228,19.602228
3.821737,2.834592,1.511781,9.244898,19.602228,19.602228
1.511781,2.272678,3.212542,17.445393,24.619109,24.619109
3.212542,2.272678,1.511781,17.445393,24.619109,24.619109
1.511781,2.795691,3.779460,9.607979,19.741123,19.741123
3.779460,2.795691,1.511781,9.607979,19.741123,19.741123
1.511781,3.779443,4.808757,4.971818,18.811353,18.811353
4.808757,3.779443,1.511781,4.971818,18.811353,18.811353
1.511781,3.152797,4.157397,6.749640,18.710922,18.710922
4.157397,3.152797,1.511781,6.749640,18.710922,18.710922
1.511781,4.062120,5.102265,4.980313,19.169844,19.169844
5.102265,4.062120,1.511781,4.980313,19.169844,19.169844
1.511781,4.984668,6.047120,5.332446,19.777029,19.777029
6.047120,4.984668,1.511781,5.332446,19.777029,19.777029
1.889731,1.889726,2.895234,21.974395,13.765114,13.765114
2.895234,1.889726,1.889731,21.974395,13.765114,13.765114
1.889726,1.368855,2.078705,39.942989,63.266033,63.266033
2.078705,1.368855,1.889726,39.942989,63.266033,63.266033
2.078691,1.889726,2.928606,20.838008,10.554565,10.554565
2.928606,1.889726,2.078691,20.838008,10.554565,10.554565
1.889726,1.465606,2.267672,35.254575,46.396308,46.396308
2.267672,1.465606,1.889726,35.254575,46.396308,46.396308
1.889726,1.579112,2.456642,30.931201,32.950527,32.950527
2.456642,1.579112,1.889726,30.931201,32.950527,32.950527
1.889726,1.706068,2.645610,26.927332,22.900372,22.900372
2.645610,1.706068,1.889726,26.927332,22.900372,22.900372
1.889726,1.843684,2.834592,22.890199,15.372492,15.372492
2.834592,1.843684,1.889726,22.890199,15.372492,15.372492
2.660516,1.889726,2.834588,20.202235,9.893523,9.893523
2.834588,1.889726,2.660516,20.202235,9.893523,9.893523
1.889726,2.142531,3.212542,17.370836,7.862304,7.862304
3.212542,2.142531,1.889726,17.370836,7.862304,7.862304
1.889726,2.629257,3.779460,11.552992,4.108056,4.108056
3.779460,2.629257,1.889726,11.552992,4.108056,4.108056
1.889726,2.969577,4.157397,8.545782,2.866325,2.866325
4.157397,2.969577,1.889726,8.545782,2.866325,2.866325
1.889726,3.851228,5.102265,5.718102,2.751236,2.751236
5.102265,3.851228,1.889726,5.718102,2.751236,2.751236
1.889726,4.757198,6.047120,5.318931,2.825996,2.825996
6.047120,4.757198,1.889726,5.318931,2.825996,2.825996
2.267671,1.551189,2.267672,34.892298,35.838837,35.838837
2.267672,1.551189,2.267671,34.892298,35.838837,35.838837
2.267673,2.267671,3.474278,13.686804,1.992191,1.992191
3.474278,2.267671,2.267673,13.686804,1.992191,1.992191
2.267671,1.625531,2.456642,31.031600,27.449615,27.449615
2.456642,1.625531,2.267671,31.031600,27.449615,27.449615
2.267671,1.717559,2.645610,26.205168,18.947473,18.947473
2.645610,1.717559,2.267671,26.205168,18.947473,18.947473
2.267671,1.824576,2.834592,22.002213,12.158474,12.158474
2.834592,1.824576,2.267671,22.002213,12.158474,12.158474
2.267671,2.074005,3.212542,16.316719,4.385673,4.385673
3.212542,2.074005,2.267671,16.316719,4.385673,4.385673
2.267671,2.509141,3.779460,11.433672,0.803580,0.803580
3.779460,2.509141,2.267671,11.433672,0.803580,0.803580
2.267671,2.825302,4.157397,9.337818,0.294789,0.294789
4.157397,2.825302,2.267671,9.337818,0.294789,0.294789
2.267671,3.667259,5.102265,6.046849,-0.010407,-0.010407
5.102265,3.667259,2.267671,6.046849,-0.010407,-0.010407
2.267671,4.549796,6.047120,5.271367,-0.020511,-0.020511
6.047120,4.549796,2.267671,5.271367,-0.020511,-0.020511
2.645610,1.809705,2.645617,22.843025,13.496474,13.496474
2.645617,1.809705,2.645610,22.843025,13.496474,13.496474
2.645617,2.645616,4.053322,9.263265,0.302161,0.302161
4.053322,2.645616,2.645617,9.263265,0.302161,0.302161
2.645617,1.882730,2.834592,20.304156,10.069321,10.069321
2.834592,1.882730,2.645617,20.304156,10.069321,10.069321
2.645617,2.073220,3.212542,15.083106,4.025534,4.025534
3.212542,2.073220,2.645617,15.083106,4.025534,4.025534
2.645617,2.442184,3.779460,10.506529,0.560655,0.560655
3.779460,2.442184,2.645617,10.506529,0.560655,0.560655
2.645617,2.726161,4.157397,8.886296,0.312092,0.312092
4.157397,2.726161,2.645617,8.886296,0.312092,0.312092
2.645617,3.514442,5.102265,6.216730,0.674442,0.674442
5.102265,3.514442,2.645617,6.216730,0.674442,0.674442
2.645617,4.365323,6.047120,5.257426,0.792262,0.792262
6.047120,4.365323,2.645617,5.257426,0.792262,0.792262
3.023562,2.140250,3.212542,13.392339,3.498183,3.498183
3.212542,2.140250,3.023562,13.392339,3.498183,3.498183
3.023562,2.432781,3.779460,9.446378,0.991998,0.991998
3.779460,2.432781,3.023562,9.446378,0.991998,0.991998
3.023562,2.677176,4.157397,8.075051,0.823181,0.823181
4.157397,2.677176,3.023562,8.075051,0.823181,0.823181
3.023562,3.396983,5.102265,6.263588,1.905376,1.905376
5.102265,3.396983,3.023562,6.263588,1.905376,1.905376
3.023562,4.206795,6.047120,5.272548,2.256018,2.256018
6.047120,4.206795,3.023562,5.272548,2.256018,2.256018
3.779452,2.585305,3.779460,7.245574,1.463799,1.463799
3.779460,2.585305,3.779452,7.245574,1.463799,1.463799
3.779462,3.779452,5.790468,5.267313,4.027963,4.027963
5.790468,3.779452,3.779462,5.267313,4.027963,4.027963
3.779452,2.737691,4.157397,6.433189,1.634740,1.634740
4.157397,2.737691,3.779452,6.433189,1.634740,1.634740
4.157400,3.779452,5.857226,5.201990,4.370322,4.370322
5.857226,3.779452,4.157400,5.201990,4.370322,4.370322
3.779452,3.282217,5.102265,5.597778,3.087698,3.087698
5.102265,3.282217,3.779452,5.597778,3.087698,3.087698
5.102259,3.779452,5.798287,5.258067,4.597464,4.597464
5.798287,3.779452,5.102259,5.258067,4.597464,4.597464
3.779452,3.979490,6.047120,5.213722,4.241271,4.241271
6.047120,3.979490,3.779452,5.213722,4.241271,4.241271
4.535343,3.339032,5.102265,5.231073,3.447794,3.447794
5.102265,3.339032,4.535343,5.231073,3.447794,3.447794
4.535343,5.102260,7.653808,5.143890,5.037349,5.037349
7.653808,5.102260,4.535343,5.143890,5.037349,5.037349
4.535343,3.888226,6.047120,5.177777,4.639874,4.639874
6.047120,3.888226,4.535343,5.177777,4.639874,4.639874
5.291233,3.942461,6.047120,5.157324,4.728423,4.728423
6.047120,3.942461,5.291233,5.157324,4.728423,4.728423
