R1,R2,R3,ETriat,E,ENew
1.511776,2.476758,1.511781,30.263652,54.347855,54.347855
1.511781,2.476758,1.511776,30.263652,54.347855,54.347855
1.511781,2.633784,1.700749,27.904461,40.977181,40.977181
1.700749,2.633784,1.511781,27.904461,40.977181,40.977181
1.511781,2.794768,1.889721,24.873156,33.181094,33.181094
1.889721,2.794768,1.511781,24.873156,33.181094,33.181094
1.511781,2.959064,2.078694,21.313309,28.079609,28.079609
2.078694,2.959064,1.511781,21.313309,28.079609,28.079609
1.511781,3.126150,2.267667,18.108323,24.964678,24.964678
2.267667,3.126150,1.511781,18.108323,24.964678,24.964678
1.511781,3.295614,2.456646,14.960587,22.674662,22.674662
2.456646,3.295614,1.511781,14.960587,22.674662,22.674662
1.511781,3.467084,2.645618,11.921741,20.778653,20.778653
2.645618,3.467084,1.511781,11.921741,20.778653,20.778653
1.511781,2.834592,1.937769,24.003887,31.688414,31.688414
1.937769,2.834592,1.511781,24.003887,31.688414,31.688414
1.511781,3.640287,2.834591,9.607682,19.637787,19.637787
2.834591,3.640287,1.511781,9.607682,19.637787,19.637787
1.511781,3.990988,3.212536,6.575137,18.622763,18.622763
3.212536,3.990988,1.511781,6.575137,18.622763,18.622763
1.511781,4.525285,3.779461,4.845729,18.655719,18.655719
3.779461,4.525285,1.511781,4.845729,18.655719,18.655719
1.511781,4.157397,3.389619,5.753992,18.522288,18.522288
3.389619,4.157397,1.511781,5.753992,18.522288,18.522288
1.511781,4.885548,4.157388,4.748850,18.998903,18.998903
4.157388,4.885548,1.511781,4.748850,18.998903,18.998903
1.511781,5.796105,5.102258,5.354385,19.798581,19.798581
5.102258,5.796105,1.511781,5.354385,19.798581,19.798581
1.511781,6.716148,6.047127,5.429906,19.903435,19.903435
6.047127,6.716148,1.511781,5.429906,19.903435,19.903435
1.889721,3.095943,1.889726,19.712131,12.303570,12.303570
1.889726,3.095943,1.889721,19.712131,12.303570,12.303570
1.889726,3.252544,2.078694,17.453315,8.409646,8.409646
2.078694,3.252544,1.889726,17.453315,8.409646,8.409646
1.889726,3.412426,2.267667,15.335104,6.240703,6.240703
2.267667,3.412426,1.889726,15.335104,6.240703,6.240703
1.889726,3.575161,2.456646,13.405320,4.996413,4.996413
2.456646,3.575161,1.889726,13.405320,4.996413,4.996413
1.889726,3.740351,2.645618,11.515223,4.064779,4.064779
2.645618,3.740351,1.889726,11.515223,4.064779,4.064779
1.889726,3.907697,2.834591,9.690961,3.238345,3.238345
2.834591,3.907697,1.889726,9.690961,3.238345,3.238345
1.889726,4.247835,3.212536,7.324022,2.626001,2.626001
3.212536,4.247835,1.889726,7.324022,2.626001,2.626001
1.889726,4.768741,3.779461,5.813762,2.724437,2.724437
3.779461,4.768741,1.889726,5.813762,2.724437,2.724437
1.889726,5.121422,4.157388,5.456759,2.788399,2.788399
4.157388,5.121422,1.889726,5.456759,2.788399,2.788399
1.889726,6.016602,5.102258,5.314769,2.836100,2.836100
5.102258,6.016602,1.889726,5.314769,2.836100,2.836100
1.889726,6.924997,6.047127,5.304107,2.852535,2.852535
6.047127,6.924997,1.889726,5.304107,2.852535,2.852535
2.267667,3.715128,2.267671,12.685569,1.544456,1.544456
2.267671,3.715128,2.267667,12.685569,1.544456,1.544456
2.267671,3.871455,2.456646,11.467052,0.825306,0.825306
2.456646,3.871455,2.267671,11.467052,0.825306,0.825306
2.267671,4.030567,2.645618,10.329805,0.480778,0.480778
2.645618,4.030567,2.267671,10.329805,0.480778,0.480778
2.267671,4.192158,2.834591,9.265449,0.280609,0.280609
2.834591,4.192158,2.267671,9.265449,0.280609,0.280609
2.267671,4.521714,3.212536,7.309661,-0.083172,-0.083172
3.212536,4.521714,2.267671,7.309661,-0.083172,-0.083172
2.267671,5.028843,3.779461,5.849196,-0.005030,-0.005030
3.779461,5.028843,2.267671,5.849196,-0.005030,-0.005030
2.267671,5.373550,4.157388,5.430705,-0.008456,-0.008456
4.157388,5.373550,2.267671,5.430705,-0.008456,-0.008456
2.267671,6.252187,5.102258,5.225841,-0.026452,-0.026452
5.102258,6.252187,2.267671,5.225841,-0.026452,-0.026452
2.267671,7.147742,6.047127,5.205682,-0.021509,-0.021509
6.047127,7.147742,2.267671,5.205682,-0.021509,-0.021509
2.645617,4.334328,2.645618,8.988357,0.185902,0.185902
2.645618,4.334328,2.645617,8.988357,0.185902,0.185902
2.645617,4.490431,2.834591,8.360328,0.348127,0.348127
2.834591,4.490431,2.645617,8.360328,0.348127,0.348127
2.645617,4.809718,3.212536,7.107738,0.613429,0.613429
3.212536,4.809718,2.645617,7.107738,0.613429,0.613429
2.645617,5.303142,3.779461,5.755181,0.776218,0.776218
3.779461,5.303142,2.645617,5.755181,0.776218,0.776218
2.645617,5.639751,4.157388,5.363140,0.797640,0.797640
4.157388,5.639751,2.645617,5.363140,0.797640,0.797640
2.645617,6.501221,5.102258,5.156981,0.775480,0.775480
5.102258,6.501221,2.645617,5.156981,0.775480,0.775480
2.645617,7.383124,6.047127,5.136032,0.777996,0.777996
6.047127,7.383124,2.645617,5.136032,0.777996,0.777996
3.023562,5.109457,3.212536,6.637083,1.668218,1.668218
3.212536,5.109457,3.023562,6.637083,1.668218,1.668218
3.023562,5.589548,3.779461,5.636545,2.177442,2.177442
3.779461,5.589548,3.023562,5.636545,2.177442,2.177442
3.023562,5.918128,4.157388,5.299669,2.252939,2.252939
4.157388,5.918128,3.023562,5.299669,2.252939,2.252939
3.023562,6.762218,5.102258,5.110701,2.245090,2.245090
5.102258,6.762218,3.023562,5.110701,2.245090,2.245090
3.023562,7.629975,6.047127,5.090284,2.246868,2.246868
6.047127,7.629975,3.023562,5.090284,2.246868,2.246868
3.779452,6.191897,3.779461,5.278965,4.045568,4.045568
3.779461,6.191897,3.779452,5.278965,4.045568,4.045568
3.779452,6.505089,4.157388,5.198202,4.374615,4.374615
4.157388,6.505089,3.779452,5.198202,4.374615,4.374615
3.779452,7.314922,5.102258,5.248908,4.602017,4.602017
5.102258,7.314922,3.779452,5.248908,4.602017,4.602017
3.779452,8.153868,6.047127,5.237032,4.610690,4.610690
6.047127,8.153868,3.779452,5.237032,4.610690,4.610690
4.535343,7.901350,5.102258,5.142914,5.036915,5.036915
5.102258,7.901350,4.535343,5.142914,5.036915,5.036915
4.535343,8.711908,6.047127,5.138123,5.051789,5.051789
6.047127,8.711908,4.535343,5.138123,5.051789,5.051789
5.291233,9.297950,6.047127,5.156924,5.114884,5.114884
6.047127,9.297950,5.291233,5.156924,5.114884,5.114884
