R1,R2,R3,ETriat,E,ENew
1.511781,2.229203,1.511788,35.412837,59.220204,59.220204
1.511788,2.229203,1.511781,35.412837,59.220204,59.220204
1.511781,2.371973,1.700762,32.480053,44.800812,44.800812
1.700762,2.371973,1.511781,32.480053,44.800812,44.800812
1.511781,2.520818,1.889718,29.405681,36.693153,36.693153
1.889718,2.520818,1.511781,29.405681,36.693153,36.693153
1.511781,2.674735,2.078691,25.989145,31.610575,31.610575
2.078691,2.674735,1.511781,25.989145,31.610575,31.610575
1.511781,2.832911,2.267665,21.894719,27.580965,27.580965
2.267665,2.832911,1.511781,21.894719,27.580965,27.580965
1.511781,2.994647,2.456638,17.965174,24.559050,24.559050
2.456638,2.994647,1.511781,17.965174,24.559050,24.559050
1.511781,3.159419,2.645612,14.283477,22.132871,22.132871
2.645612,3.159419,1.511781,14.283477,22.132871,22.132871
1.511781,3.326756,2.834585,11.438286,20.621198,20.621198
2.834585,3.326756,1.511781,11.438286,20.621198,20.621198
1.511781,3.667749,3.212532,7.539933,19.108961,19.108961
3.212532,3.667749,1.511781,7.539933,19.108961,19.108961
1.511781,4.191146,3.779453,5.042005,18.740670,18.740670
3.779453,4.191146,1.511781,5.042005,18.740670,18.740670
1.511781,4.545878,4.157400,4.738204,18.958141,18.958141
4.157400,4.545878,1.511781,4.738204,18.958141,18.958141
1.511781,5.446391,5.102269,5.385402,19.822908,19.822908
5.102269,5.446391,1.511781,5.385402,19.822908,19.822908
1.511781,6.359770,6.047118,5.434137,19.904649,19.904649
6.047118,6.359770,1.511781,5.434137,19.904649,19.904649
1.889718,2.786504,1.889726,23.709900,15.058059,15.058059
1.889726,2.786504,1.889718,23.709900,15.058059,15.058059
1.889726,2.928606,2.078691,20.838008,10.554565,10.554565
2.078691,2.928606,1.889726,20.838008,10.554565,10.554565
1.889726,3.075771,2.267665,18.197601,7.934289,7.934289
2.267665,3.075771,1.889726,18.197601,7.934289,7.934289
1.414402,2.456648,1.889726,29.528787,46.582166,46.582166
1.889726,2.456648,1.414402,29.528787,46.582166,46.582166
1.889726,3.227280,2.456638,15.774446,6.326608,6.326608
2.456638,3.227280,1.889726,15.774446,6.326608,6.326608
1.889726,3.382575,2.645612,13.341065,5.024947,5.024947
2.645612,3.382575,1.889726,13.341065,5.024947,5.024947
1.889726,3.541133,2.834585,11.144216,4.018639,4.018639
2.834585,3.541133,1.889726,11.144216,4.018639,4.018639
1.889726,3.866472,3.212532,8.131330,3.107603,3.107603
3.212532,3.866472,1.889726,8.131330,3.107603,3.107603
1.889726,4.370386,3.779453,6.078607,2.926211,2.926211
3.779453,4.370386,1.889726,6.078607,2.926211,2.926211
1.889726,4.714284,4.157400,5.577710,2.890869,2.890869
4.157400,4.714284,1.889726,5.577710,2.890869,2.890869
1.889726,5.593290,5.102269,5.338539,2.852622,2.852622
5.102269,5.593290,1.889726,5.338539,2.852622,2.852622
1.889726,6.490812,6.047118,5.308492,2.853879,2.853879
6.047118,6.490812,1.889726,5.308492,2.853879,2.853879
2.267665,3.343805,2.267671,14.596584,2.514165,2.514165
2.267671,3.343805,2.267665,14.596584,2.514165,2.514165
2.267671,3.485462,2.456638,12.984119,1.570995,1.570995
2.456638,3.485462,2.267671,12.984119,1.570995,1.570995
2.267671,3.631443,2.645612,11.518360,1.077468,1.077468
2.645612,3.631443,2.267671,11.518360,1.077468,1.077468
2.267671,3.781221,2.834585,10.181983,0.773095,0.773095
2.834585,3.781221,2.267671,10.181983,0.773095,0.773095
2.267671,4.090539,3.212532,7.820700,0.251685,0.251685
3.212532,4.090539,2.267671,7.820700,0.251685,0.251685
2.267671,4.573897,3.779453,6.018048,0.132564,0.132564
3.779453,4.573897,2.267671,6.018048,0.132564,0.132564
2.267671,4.906081,4.157400,5.512856,0.060753,0.060753
4.157400,4.906081,2.267671,5.512856,0.060753,0.060753
2.267671,5.761276,5.102269,5.245166,-0.014310,-0.014310
5.102269,5.761276,2.267671,5.245166,-0.014310,-0.014310
2.267671,6.640806,6.047118,5.210473,-0.019601,-0.019601
6.047118,6.640806,2.267671,5.210473,-0.019601,-0.019601
2.645612,3.901106,2.645617,9.625688,0.507577,0.507577
2.645617,3.901106,2.645612,9.625688,0.507577,0.507577
2.645617,4.042440,2.834585,8.810266,0.588841,0.588841
2.834585,4.042440,2.645617,8.810266,0.588841,0.588841
2.645617,4.336023,3.212532,7.363685,0.792609,0.792609
3.212532,4.336023,2.645617,7.363685,0.792609,0.792609
2.645617,4.798591,3.779453,5.855141,0.859303,0.859303
3.779453,4.798591,2.645617,5.855141,0.859303,0.859303
2.645617,5.118639,4.157400,5.420526,0.843692,0.843692
4.157400,5.118639,2.645617,5.420526,0.843692,0.843692
2.645617,5.948562,5.102269,5.172031,0.783936,0.783936
5.102269,5.948562,2.645617,5.172031,0.783936,0.783936
2.645617,6.808498,6.047118,5.139821,0.779166,0.779166
6.047118,6.808498,2.645617,5.139821,0.779166,0.779166
3.023562,4.599497,3.212532,6.730943,1.731963,1.731963
3.212532,4.599497,3.023562,6.730943,1.731963,1.731963
3.023562,5.041637,3.779453,5.691252,2.219592,2.219592
3.779453,5.041637,3.023562,5.691252,2.219592,2.219592
3.023562,5.349485,4.157400,5.338742,2.281256,2.281256
4.157400,5.349485,3.023562,5.338742,2.281256,2.281256
3.023562,6.153387,5.102269,5.122596,2.251291,2.251291
5.102269,6.153387,3.023562,5.122596,2.251291,2.251291
3.023562,6.992615,6.047118,5.093108,2.247389,2.247389
6.047118,6.992615,3.023562,5.093108,2.247389,2.247389
3.779452,5.573008,3.779453,5.279124,4.035725,4.035725
3.779453,5.573008,3.779452,5.279124,4.035725,4.035725
3.779452,5.857226,4.157400,5.201990,4.370322,4.370322
4.157400,5.857226,3.779452,5.201990,4.370322,4.370322
3.779452,6.608992,5.102269,5.251594,4.600933,4.600933
5.102269,6.608992,3.779452,5.251594,4.600933,4.600933
3.779452,7.405118,6.047118,5.237320,4.609302,4.609302
6.047118,7.405118,3.779452,5.237320,4.609302,4.609302
4.535343,7.115906,5.102269,5.141685,5.033360,5.033360
5.102269,7.115906,4.535343,5.141685,5.033360,5.033360
4.535343,7.868775,6.047118,5.139194,5.051703,5.051703
6.047118,7.868775,4.535343,5.139194,5.051703,5.051703
5.291233,8.375095,6.047118,5.157181,5.114364,5.114364
6.047118,8.375095,5.291233,5.157181,5.114364,5.114364
