R1,R2,R3,ETriat,E,ENew
1.511781,2.042701,1.511788,41.197252,65.802183,65.802183
1.511788,2.042701,1.511781,41.197252,65.802183,65.802183
1.511781,2.174831,1.700762,38.012763,50.397081,50.397081
1.700762,2.174831,1.511781,38.012763,50.397081,50.397081
1.511781,2.314845,1.889718,34.226862,41.088106,41.088106
1.889718,2.314845,1.511781,34.226862,41.088106,41.088106
1.511781,2.461435,2.078691,30.162033,35.068040,35.068040
2.078691,2.461435,1.511781,30.162033,35.068040,35.068040
1.511781,2.613463,2.267665,26.296182,31.121515,31.121515
2.267665,2.613463,1.511781,26.296182,31.121515,31.121515
1.511781,2.770052,2.456638,21.757884,27.440205,27.440205
2.456638,2.770052,1.511781,21.757884,27.440205,27.440205
1.511781,2.930454,2.645612,17.225829,24.177923,24.177923
2.645612,2.930454,1.511781,17.225829,24.177923,24.177923
1.511781,3.094091,2.834585,13.631022,21.982137,21.982137
2.834585,3.094091,1.511781,13.631022,21.982137,21.982137
1.511781,3.429184,3.212532,8.808050,19.788260,19.788260
3.212532,3.429184,1.511781,8.808050,19.788260,19.788260
1.511781,3.946364,3.779453,5.375654,18.875532,18.875532
3.779453,3.946364,1.511781,5.375654,18.875532,18.875532
1.511781,4.298129,4.157400,4.807273,18.962781,18.962781
4.157400,4.298129,1.511781,4.807273,18.962781,18.962781
1.511781,5.193657,5.102269,5.401409,19.833315,19.833315
5.102269,5.193657,1.511781,5.401409,19.833315,19.833315
1.511781,6.104062,6.047118,5.434982,19.902481,19.902481
6.047118,6.104062,1.511781,5.434982,19.902481,19.902481
1.889718,2.553349,1.889726,28.806492,19.272531,19.272531
1.889726,2.553349,1.889718,28.806492,19.272531,19.272531
1.889726,2.684642,2.078691,25.331572,14.064847,14.064847
2.078691,2.684642,1.889726,25.331572,14.064847,14.064847
1.889726,2.822477,2.267665,22.125657,10.843024,10.843024
2.267665,2.822477,1.889726,22.125657,10.843024,10.843024
1.743803,2.456647,1.889726,31.692320,25.633439,25.633439
1.889726,2.456647,1.743803,31.692320,25.633439,25.633439
1.889726,2.965962,2.456638,19.142798,8.695025,8.695025
2.456638,2.965962,1.889726,19.142798,8.695025,8.695025
1.889726,3.114297,2.645612,16.014889,6.768098,6.768098
2.645612,3.114297,1.889726,16.014889,6.768098,6.768098
1.889726,3.266840,2.834585,13.379171,5.435475,5.435475
2.834585,3.266840,1.889726,13.379171,5.435475,5.435475
1.889726,3.582352,3.212532,9.456301,3.912354,3.912354
3.212532,3.582352,1.889726,9.456301,3.912354,3.912354
1.889726,4.075584,3.779453,6.569092,3.264407,3.264407
3.779453,4.075584,1.889726,6.569092,3.264407,3.264407
1.889726,4.414251,4.157400,5.792817,3.059338,3.059338
4.157400,4.414251,1.889726,5.792817,3.059338,3.059338
1.889726,5.284271,5.102269,5.372521,2.880158,2.880158
5.102269,5.284271,1.889726,5.372521,2.880158,2.880158
1.889726,6.176307,6.047118,5.313429,2.855484,2.855484
6.047118,6.176307,1.889726,5.313429,2.855484,2.855484
2.267665,3.064024,2.267671,17.541664,4.455923,4.455923
2.267671,3.064024,2.267665,17.541664,4.455923,4.455923
2.267671,3.194739,2.456638,15.501245,3.160030,3.160030
2.456638,3.194739,2.267671,15.501245,3.160030,3.160030
2.267671,3.331038,2.645612,13.650161,2.394957,2.394957
2.645612,3.331038,2.267671,13.650161,2.394957,2.394957
2.267671,3.472287,2.834585,11.929803,1.846921,1.846921
2.834585,3.472287,2.267671,11.929803,1.846921,1.846921
2.267671,3.767344,3.212532,8.867312,0.917411,0.917411
3.212532,3.767344,2.267671,8.867312,0.917411,0.917411
2.267671,4.234698,3.779453,6.375236,0.393443,0.393443
3.779453,4.234698,2.267671,6.375236,0.393443,0.393443
2.267671,4.558837,4.157400,5.669758,0.188634,0.188634
4.157400,4.558837,2.267671,5.669758,0.188634,0.188634
2.267671,5.399875,5.102269,5.273773,0.007242,0.007242
5.102269,5.399875,2.267671,5.273773,0.007242,0.007242
2.267671,6.270538,6.047118,5.217641,-0.015871,-0.015871
6.047118,6.270538,2.267671,5.217641,-0.015871,-0.015871
2.645612,3.574699,2.645617,11.061332,1.360115,1.360115
2.645617,3.574699,2.645612,11.061332,1.360115,1.360115
2.645617,3.704995,2.834585,9.970179,1.295546,1.295546
2.834585,3.704995,2.645617,9.970179,1.295546,1.295546
2.645617,3.979723,3.212532,8.074581,1.276076,1.276076
3.212532,3.979723,2.645617,8.074581,1.276076,1.276076
2.645617,4.420479,3.779453,6.110052,1.063201,1.063201
3.779453,4.420479,2.645617,6.110052,1.063201,1.063201
2.645617,4.729277,4.157400,5.536217,0.942172,0.942172
4.157400,4.729277,2.645617,5.536217,0.942172,0.942172
2.645617,5.538905,5.102269,5.195291,0.799894,0.799894
5.102269,5.538905,2.645617,5.195291,0.799894,0.799894
2.645617,6.385782,6.047118,5.145431,0.781421,0.781421
6.047118,6.385782,2.645617,5.145431,0.781421,0.781421
3.023562,4.215353,3.212532,7.157189,2.048781,2.048781
3.212532,4.215353,3.023562,7.157189,2.048781,2.048781
3.023562,4.629717,3.779453,5.864580,2.368418,2.368418
3.779453,4.629717,3.023562,5.864580,2.368418,2.368418
3.023562,4.922886,4.157400,5.425497,2.356276,2.356276
4.157400,4.922886,3.023562,5.425497,2.356276,2.356276
3.023562,5.699647,5.102269,5.142226,2.263824,2.263824
5.102269,5.699647,3.023562,5.142226,2.263824,2.263824
3.023562,6.520925,6.047118,5.097539,2.248690,2.248690
6.047118,6.520925,3.023562,5.097539,2.248690,2.248690
3.779452,5.106725,3.779453,5.357358,4.103590,4.103590
3.779453,5.106725,3.779452,5.357358,4.103590,4.103590
3.779452,5.369299,4.157400,5.253448,4.412429,4.412429
4.157400,5.369299,3.779452,5.253448,4.412429,4.412429
3.779452,6.079147,5.102269,5.255922,4.599675,4.599675
5.102269,6.079147,3.779452,5.255922,4.599675,4.599675
3.779452,6.846022,6.047118,5.237960,4.607481,4.607481
6.047118,6.846022,3.779452,5.237960,4.607481,4.607481
4.535343,6.524479,5.102269,5.145232,5.033229,5.033229
5.102269,6.524479,4.535343,5.145232,5.033229,5.033229
4.535343,7.235766,6.047118,5.139579,5.050315,5.050315
6.047118,7.235766,4.535343,5.139579,5.050315,5.050315
5.291233,7.680323,6.047118,5.161342,5.117313,5.117313
6.047118,7.680323,5.291233,5.161342,5.117313,5.117313
