R1,R2,R3,ETriat,E,ENew
1.511788,1.511781,1.943512,44.552654,70.240327,70.240327
1.943512,1.511781,1.511788,44.552654,70.240327,70.240327
1.511781,1.477776,1.889723,45.914755,75.558849,75.558849
1.889723,1.477776,1.511781,45.914755,75.558849,75.558849
1.511781,1.602032,2.078705,40.638372,58.442165,58.442165
2.078705,1.602032,1.511781,40.638372,58.442165,58.442165
1.511781,1.737974,2.267672,34.975892,45.796842,45.796842
2.267672,1.737974,1.511781,34.975892,45.796842,45.796842
1.511781,1.883106,2.456642,30.416290,37.642957,37.642957
2.456642,1.883106,1.511781,30.416290,37.642957,37.642957
1.511781,2.035429,2.645610,26.580733,32.411684,32.411684
2.645610,2.035429,1.511781,26.580733,32.411684,32.411684
1.511781,2.193480,2.834592,22.332323,28.115341,28.115341
2.834592,2.193480,1.511781,22.332323,28.115341,28.115341
1.511781,2.522363,3.212542,14.979859,22.594439,22.594439
3.212542,2.522363,1.511781,14.979859,22.594439,22.594439
1.511781,3.037165,3.779460,7.857521,18.967637,18.967637
3.779460,3.037165,1.511781,7.857521,18.967637,18.967637
1.511781,3.389619,4.157397,5.753992,18.522288,18.522288
4.157397,3.389619,1.511781,5.753992,18.522288,18.522288
1.511781,4.289788,5.102265,5.043979,19.368235,19.368235
5.102265,4.289788,1.511781,5.043979,19.368235,19.368235
1.511781,5.205815,6.047120,5.365417,19.816187,19.816187
6.047120,5.205815,1.511781,5.365417,19.816187,19.816187
1.889723,1.597256,1.889726,44.505325,47.886255,47.886255
1.889726,1.597256,1.889723,44.505325,47.886255,47.886255
1.889731,1.889726,2.429386,32.298999,22.409621,22.409621
2.429386,1.889726,1.889731,32.298999,22.409621,22.409621
1.889726,1.685851,2.078705,42.472332,38.995398,38.995398
2.078705,1.685851,1.889726,42.472332,38.995398,38.995398
1.889726,1.790062,2.267672,37.377446,29.608975,29.608975
2.267672,1.790062,1.889726,37.377446,29.608975,29.608975
1.414402,1.889726,2.456648,29.528787,46.582166,46.582166
2.456648,1.889726,1.414402,29.528787,46.582166,46.582166
1.743803,1.889726,2.456647,31.692320,25.633439,25.633439
2.456647,1.889726,1.743803,31.692320,25.633439,25.633439
1.889726,1.907367,2.456642,31.464350,21.331849,21.331849
2.456642,1.907367,1.889726,31.464350,21.331849,21.331849
1.889726,2.035464,2.645610,26.311802,15.216078,15.216078
2.645610,2.035464,1.889726,26.311802,15.216078,15.216078
1.889726,2.172482,2.834592,22.122161,11.031744,11.031744
2.834592,2.172482,1.889726,22.122161,11.031744,11.031744
1.889726,2.467185,3.212542,15.878133,6.405530,6.405530
3.212542,2.467185,1.889726,15.878133,6.405530,6.405530
1.889726,2.945098,3.779460,9.451230,3.266315,3.266315
3.779460,2.945098,1.889726,9.451230,3.266315,3.266315
1.889726,3.279500,4.157397,7.214305,2.701411,2.701411
4.157397,3.279500,1.889726,7.214305,2.701411,2.701411
1.889726,4.148348,5.102265,5.463058,2.788529,2.788529
5.102265,4.148348,1.889726,5.463058,2.788529,2.788529
1.889726,5.044595,6.047120,5.313027,2.833151,2.833151
6.047120,5.044595,1.889726,5.313027,2.833151,2.833151
2.267671,1.916709,2.267672,34.284805,20.970843,20.970843
2.267672,1.916709,2.267671,34.284805,20.970843,20.970843
2.267673,2.267671,2.915260,19.746980,6.065989,6.065989
2.915260,2.267671,2.267673,19.746980,6.065989,6.065989
2.267671,2.003921,2.456642,29.930572,15.734756,15.734756
2.456642,2.003921,2.267671,29.930572,15.734756,15.734756
2.267671,2.456638,3.194739,15.501245,3.160030,3.160030
3.194739,2.456638,2.267671,15.501245,3.160030,3.160030
2.267671,2.104505,2.645610,25.494583,11.151689,11.151689
2.645610,2.104505,2.267671,25.494583,11.151689,11.151689
2.267671,2.216684,2.834592,21.267229,7.303688,7.303688
2.834592,2.216684,2.267671,21.267229,7.303688,7.303688
2.267671,2.469286,3.212542,15.275614,3.031976,3.031976
3.212542,2.469286,2.267671,15.275614,3.031976,3.031976
2.267671,2.899744,3.779460,9.949046,0.803103,0.803103
3.779460,2.899744,2.267671,9.949046,0.803103,0.803103
2.267671,3.210359,4.157397,7.694813,0.163700,0.163700
4.157397,3.210359,2.267671,7.694813,0.163700,0.163700
2.267671,4.037448,5.102265,5.545616,0.011231,0.011231
5.102265,4.037448,2.267671,5.545616,0.011231,0.011231
2.267671,5.102258,6.252187,5.225841,-0.026452,-0.026452
6.252187,5.102258,2.267671,5.225841,-0.026452,-0.026452
2.267671,4.907244,6.047120,5.235620,-0.025802,-0.025802
6.047120,4.907244,2.267671,5.235620,-0.025802,-0.025802
2.645610,2.236170,2.645617,22.808997,8.939469,8.939469
2.645617,2.236170,2.645610,22.808997,8.939469,8.939469
2.645617,2.645616,3.401135,12.293873,2.125666,2.125666
3.401135,2.645616,2.645617,12.293873,2.125666,2.125666
2.645617,2.322366,2.834592,20.068678,6.940860,6.940860
2.834592,2.322366,2.645617,20.068678,6.940860,6.940860
2.834592,2.645617,3.339505,12.473405,2.862725,2.862725
3.339505,2.645617,2.834592,12.473405,2.862725,2.862725
2.645617,2.528523,3.212542,14.329702,3.128894,3.128894
3.212542,2.528523,2.645617,14.329702,3.128894,3.128894
2.645617,2.903293,3.779460,9.490276,1.227074,1.227074
3.779460,2.903293,2.645617,9.490276,1.227074,1.227074
2.645617,3.184867,4.157397,7.715299,0.960168,0.960168
4.157397,3.184867,2.645617,7.715299,0.960168,0.960168
2.645617,3.959654,5.102265,5.570617,0.828862,0.828862
5.102265,3.959654,2.645617,5.570617,0.828862,0.828862
2.645617,4.795815,6.047120,5.179668,0.780858,0.780858
6.047120,4.795815,2.645617,5.179668,0.780858,0.780858
3.023562,2.641054,3.212542,13.168726,3.874020,3.874020
3.212542,2.641054,3.023562,13.168726,3.874020,3.874020
3.023562,2.955570,3.779460,8.786509,2.249470,2.249470
3.779460,2.955570,3.023562,8.786509,2.249470,2.249470
3.023562,3.204066,4.157397,7.277623,2.106065,2.106065
4.157397,3.204066,3.023562,7.277623,2.106065,2.106065
3.023562,3.916941,5.102265,5.547505,2.271196,2.271196
5.102265,3.916941,3.023562,5.547505,2.271196,2.271196
3.023562,4.712146,6.047120,5.145733,2.254847,2.254847
6.047120,4.712146,3.023562,5.145733,2.254847,2.254847
3.779452,3.194529,3.779460,6.961697,3.565137,3.565137
3.779460,3.194529,3.779452,6.961697,3.565137,3.565137
3.779462,3.779452,4.858772,5.442283,4.179694,4.179694
4.858772,3.779452,3.779462,5.442283,4.179694,4.179694
3.779452,3.371708,4.157397,6.324902,3.933342,3.933342
4.157397,3.371708,3.779452,6.324902,3.933342,3.933342
3.779452,3.940381,5.102265,5.324609,4.291573,4.291573
5.102265,3.940381,3.779452,5.324609,4.291573,4.291573
3.779452,4.633610,6.047120,5.242264,4.559780,4.559780
6.047120,4.633610,3.779452,5.242264,4.559780,4.559780
4.535343,4.105305,5.102265,5.208327,4.865540,4.865540
5.102265,4.105305,4.535343,5.208327,4.865540,4.865540
4.535343,4.677510,6.047120,5.167955,5.029370,5.029370
6.047120,4.677510,4.535343,5.167955,5.029370,5.029370
4.535343,6.047118,7.868775,5.139194,5.051703,5.051703
7.868775,6.047118,4.535343,5.139194,5.051703,5.051703
5.291233,4.840516,6.047120,5.165992,5.082881,5.082881
6.047120,4.840516,5.291233,5.165992,5.082881,5.082881
