R1,R2,R3,ETriat,E,ENew
1.511781,3.012064,1.511788,20.152257,46.267039,46.267039
1.511788,3.012064,1.511781,20.152257,46.267039,46.267039
1.511781,3.200357,1.700758,19.984689,35.288199,35.288199
1.700758,3.200357,1.511781,19.984689,35.288199,35.288199
1.511781,3.388728,1.889731,19.407999,29.945393,29.945393
1.889731,3.388728,1.511781,19.407999,29.945393,29.945393
1.511781,3.577160,2.078700,18.463158,27.300833,27.300833
2.078700,3.577160,1.511781,18.463158,27.300833,27.300833
1.511781,3.765648,2.267673,17.100410,25.751650,25.751650
2.267673,3.765648,1.511781,17.100410,25.751650,25.751650
1.511781,3.954181,2.456643,14.621779,23.783092,23.783092
2.456643,3.954181,1.511781,14.621779,23.783092,23.783092
1.511781,4.142755,2.645616,11.945482,21.885175,21.885175
2.645616,4.142755,1.511781,11.945482,21.885175,21.885175
1.511781,4.331362,2.834585,9.891066,20.671283,20.671283
2.834585,4.331362,1.511781,9.891066,20.671283,20.671283
1.511781,4.708665,3.212528,7.451710,19.785051,19.785051
3.212528,4.708665,1.511781,7.451710,19.785051,19.785051
1.511781,5.274812,3.779462,6.056008,19.911197,19.911197
3.779462,5.274812,1.511781,6.056008,19.911197,19.911197
1.511781,5.652317,4.157404,5.931857,20.201390,20.201390
4.157404,5.652317,1.511781,5.931857,20.201390,20.201390
1.511781,6.596298,5.102259,5.452221,19.906297,19.906297
5.102259,6.596298,1.511781,5.452221,19.906297,19.906297
1.511781,7.540498,6.047113,5.447330,19.924553,19.924553
6.047113,7.540498,1.511781,5.447330,19.924553,19.924553
1.889726,3.765075,1.889731,19.229492,13.729990,13.729990
1.889731,3.765075,1.889726,19.229492,13.729990,13.729990
1.889726,3.953360,2.078700,18.367957,10.917480,10.917480
2.078700,3.953360,1.889726,18.367957,10.917480,10.917480
1.889726,4.141710,2.267673,17.196743,9.341107,9.341107
2.267673,4.141710,1.889726,17.196743,9.341107,9.341107
1.889726,4.330112,2.456643,14.742101,7.229362,7.229362
2.456643,4.330112,1.889726,14.742101,7.229362,7.229362
1.889726,4.518564,2.645616,12.572970,5.725451,5.725451
2.645616,4.518564,1.889726,12.572970,5.725451,5.725451
1.889726,4.707055,2.834585,10.888714,4.813677,4.813677
2.834585,4.707055,1.889726,10.888714,4.813677,4.813677
1.889726,5.084146,3.212528,8.446550,3.871461,3.871461
3.212528,5.084146,1.889726,8.446550,3.871461,3.871461
1.889726,5.650016,3.779462,6.277068,3.213628,3.213628
3.779462,5.650016,1.889726,6.277068,3.213628,3.213628
1.889726,6.027360,4.157404,5.659869,3.009296,3.009296
4.157404,6.027360,1.889726,5.659869,3.009296,3.009296
1.889726,6.971003,5.102259,5.337136,2.867235,2.867235
5.102259,6.971003,1.889726,5.337136,2.867235,2.867235
1.889726,7.914936,6.047113,5.305637,2.857348,2.857348
6.047113,7.914936,1.889726,5.305637,2.857348,2.857348
2.267671,4.518086,2.267673,15.110148,4.617584,4.617584
2.267673,4.518086,2.267671,15.110148,4.617584,4.617584
2.267671,4.706366,2.456643,13.549935,3.332012,3.332012
2.456643,4.706366,2.267671,13.549935,3.332012,3.332012
2.267671,4.894701,2.645616,12.033199,2.444088,2.444088
2.645616,4.894701,2.267671,12.033199,2.444088,2.444088
2.267671,5.083082,2.834585,10.680460,1.846791,1.846791
2.834585,5.083082,2.267671,10.680460,1.846791,1.846791
2.267671,5.459967,3.212528,8.426082,1.083019,1.083019
3.212528,5.459967,2.267671,8.426082,1.083019,1.083019
2.267671,6.025562,3.779462,6.206464,0.372628,0.372628
3.779462,6.025562,2.267671,6.206464,0.372628,0.372628
2.267671,6.402745,4.157404,5.575304,0.152555,0.152555
4.157404,6.402745,2.267671,5.575304,0.152555,0.152555
2.267671,7.346041,5.102259,5.240239,-0.004770,-0.004770
5.102259,7.346041,2.267671,5.240239,-0.004770,-0.004770
2.267671,8.289692,6.047113,5.206205,-0.018170,-0.018170
6.047113,8.289692,2.267671,5.206205,-0.018170,-0.018170
2.645616,5.271097,2.645617,10.584885,1.875238,1.875238
2.645617,5.271097,2.645616,10.584885,1.875238,1.875238
2.645617,5.459373,2.834585,9.765162,1.808500,1.808500
2.834585,5.459373,2.645617,9.765162,1.808500,1.808500
2.645617,5.836062,3.212528,8.135565,1.667871,1.667871
3.212528,5.836062,2.645617,8.135565,1.667871,1.667871
2.645617,6.401391,3.779462,6.107715,1.146677,1.146677
3.779462,6.401391,2.645617,6.107715,1.146677,1.146677
2.645617,6.778414,4.157404,5.498676,0.947202,0.947202
4.157404,6.778414,2.645617,5.498676,0.947202,0.947202
2.645617,7.721362,5.102259,5.171840,0.796165,0.796165
5.102259,7.721362,2.645617,5.171840,0.796165,0.796165
2.645617,8.664725,6.047113,5.137615,0.781942,0.781942
6.047113,8.664725,2.645617,5.137615,0.781942,0.781942
3.023562,6.212382,3.212528,7.622713,2.674352,2.674352
3.212528,6.212382,3.023562,7.622713,2.674352,2.674352
3.023562,6.777456,3.779462,6.001782,2.557659,2.557659
3.779462,6.777456,3.023562,6.001782,2.557659,2.557659
3.023562,7.154322,4.157404,5.436027,2.400421,2.400421
4.157404,7.154322,3.023562,5.436027,2.400421,2.400421
3.023562,8.096926,5.102259,5.125733,2.264691,2.264691
5.102259,8.096926,3.023562,5.125733,2.264691,2.264691
3.023562,9.040000,6.047113,5.088373,2.246912,2.246912
6.047113,9.040000,3.023562,5.088373,2.246912,2.246912
3.779452,7.530150,3.779462,5.648702,4.423877,4.423877
3.779462,7.530150,3.779452,5.648702,4.423877,4.423877
3.779452,7.906722,4.157404,5.367331,4.549936,4.549936
4.157404,7.906722,3.779452,5.367331,4.549936,4.549936
3.779452,8.848665,5.102259,5.265406,4.621270,4.621270
5.102259,8.848665,3.779452,5.265406,4.621270,4.621270
3.779452,9.791168,6.047113,5.235077,4.610039,4.610039
6.047113,9.791168,3.779452,5.235077,4.610039,4.610039
4.535343,9.601055,5.102259,5.120308,5.015971,5.015971
5.102259,9.601055,4.535343,5.120308,5.015971,5.015971
4.535343,10.543010,6.047113,5.129894,5.044417,5.044417
6.047113,10.543010,4.535343,5.129894,5.044417,5.044417
5.291233,11.295393,6.047113,5.156405,5.114927,5.114927
6.047113,11.295393,5.291233,5.156405,5.114927,5.114927
