R1,R2,R3,ETriat,E,ENew
1.511780,2.618481,1.511781,26.114929,50.661645,50.661645
1.511781,2.618481,1.511780,26.114929,50.661645,50.661645
1.511781,2.783738,1.700749,24.492925,38.152182,38.152182
1.700749,2.783738,1.511781,24.492925,38.152182,38.152182
1.511781,2.951851,1.889734,22.453409,31.400520,31.400520
1.889734,2.951851,1.511781,22.453409,31.400520,31.400520
1.511781,3.122342,2.078702,20.209503,27.617955,27.617955
2.078702,3.122342,1.511781,20.209503,27.617955,27.617955
1.511781,3.294850,2.267671,17.149033,24.609482,24.609482
2.267671,3.294850,1.511781,17.149033,24.609482,24.609482
1.511781,3.469073,2.456639,14.234348,22.479524,22.479524
2.456639,3.469073,1.511781,14.234348,22.479524,22.479524
1.511781,3.644777,2.645624,11.403604,20.694310,20.694310
2.645624,3.644777,1.511781,11.403604,20.694310,20.694310
1.511781,3.821737,2.834592,9.244898,19.602228,19.602228
2.834592,3.821737,1.511781,9.244898,19.602228,19.602228
1.511781,4.178812,3.212529,6.424780,18.617299,18.617299
3.212529,4.178812,1.511781,6.424780,18.617299,18.617299
1.511781,4.720533,3.779451,4.898952,18.732431,18.732431
3.779451,4.720533,1.511781,4.898952,18.732431,18.732431
1.511781,5.084738,4.157404,4.835623,19.092656,19.092656
4.157404,5.084738,1.511781,4.835623,19.092656,19.092656
1.511781,6.002672,5.102263,5.347477,19.794981,19.794981
5.102263,6.002672,1.511781,5.347477,19.794981,19.794981
1.511781,6.927849,6.047121,5.427921,19.902741,19.902741
6.047121,6.927849,1.511781,5.427921,19.902741,19.902741
1.889726,3.273106,1.889734,18.589986,11.827085,11.827085
1.889734,3.273106,1.889726,18.589986,11.827085,11.827085
1.889726,3.438057,2.078702,16.704195,8.251107,8.251107
2.078702,3.438057,1.889726,16.704195,8.251107,8.251107
1.889726,3.605367,2.267671,14.776577,6.186498,6.186498
2.267671,3.605367,1.889726,14.776577,6.186498,6.186498
1.889726,3.774722,2.456639,13.012516,5.003525,5.003525
2.456639,3.774722,1.889726,13.012516,5.003525,5.003525
1.889726,3.945869,2.645624,11.234978,4.078005,4.078005
2.645624,3.945869,1.889726,11.234978,4.078005,4.078005
1.889726,4.118565,2.834592,9.458569,3.204651,3.204651
2.834592,4.118565,1.889726,9.458569,3.204651,3.204651
1.889726,4.467910,3.212529,7.280691,2.654144,2.654144
3.212529,4.467910,1.889726,7.280691,2.654144,2.654144
1.889726,4.999744,3.779451,5.807261,2.728774,2.728774
3.779451,4.999744,1.889726,5.807261,2.728774,2.728774
1.889726,5.358304,4.157404,5.449284,2.786491,2.786491
4.157404,5.358304,1.889726,5.449284,2.786491,2.786491
1.889726,6.264665,5.102263,5.309960,2.834495,2.834495
5.102263,6.264665,1.889726,5.309960,2.834495,2.834495
1.889726,7.180957,6.047121,5.302772,2.852405,2.852405
6.047121,7.180957,1.889726,5.302772,2.852405,2.852405
2.267671,3.927722,2.267671,12.486333,1.663708,1.663708
2.267671,3.927722,2.267671,12.486333,1.663708,1.663708
2.267671,4.092465,2.456639,11.383138,0.967540,0.967540
2.456639,4.092465,2.267671,11.383138,0.967540,0.967540
2.267671,4.259231,2.645624,10.320380,0.620063,0.620063
2.645624,4.259231,2.267671,10.320380,0.620063,0.620063
2.267671,4.427772,2.834592,9.282493,0.388196,0.388196
2.834592,4.427772,2.267671,9.282493,0.388196,0.388196
2.267671,4.769450,3.212529,7.331004,-0.034128,-0.034128
3.212529,4.769450,2.267671,7.331004,-0.034128,-0.034128
2.267671,5.291232,3.779451,5.857712,0.010191,0.010191
3.779451,5.291232,2.267671,5.857712,0.010191,0.010191
2.267671,5.643931,4.157404,5.428572,-0.005117,-0.005117
4.157404,5.643931,2.267671,5.428572,-0.005117,-0.005117
2.267671,6.538017,5.102263,5.222185,-0.027276,-0.027276
5.102263,6.538017,2.267671,5.222185,-0.027276,-0.027276
2.267671,7.444656,6.047121,5.204437,-0.021682,-0.021682
6.047121,7.444656,2.267671,5.204437,-0.021682,-0.021682
2.645617,4.582347,2.645624,9.109598,0.363651,0.363651
2.645624,4.582347,2.645617,9.109598,0.363651,0.363651
2.645617,4.746940,2.834592,8.491839,0.511566,0.511566
2.834592,4.746940,2.645617,8.491839,0.511566,0.511566
2.645617,5.081217,3.212529,7.175666,0.692091,0.692091
3.212529,5.081217,2.645617,7.175666,0.692091,0.692091
2.645617,5.593078,3.779451,5.778924,0.805965,0.805965
3.779451,5.593078,2.645617,5.778924,0.805965,0.805965
2.645617,5.939880,4.157404,5.366384,0.806096,0.806096
4.157404,5.939880,2.645617,5.366384,0.806096,0.806096
2.645617,6.821363,5.102263,5.154584,0.775437,0.775437
5.102263,6.821363,2.645617,5.154584,0.775437,0.775437
2.645617,7.717858,6.047121,5.135151,0.778039,0.778039
6.047121,7.717858,2.645617,5.135151,0.778039,0.778039
3.023562,5.401441,3.212529,6.743275,1.781181,1.781181
3.212529,5.401441,3.023562,6.743275,1.781181,1.781181
3.023562,5.903692,3.779451,5.649998,2.196479,2.196479
3.779451,5.903692,3.023562,5.649998,2.196479,2.196479
3.023562,6.244684,4.157404,5.307246,2.264994,2.264994
4.157404,6.244684,3.023562,5.307246,2.264994,2.264994
3.023562,7.113509,5.102263,5.109074,2.245351,2.245351
5.102263,7.113509,3.023562,5.109074,2.245351,2.245351
3.023562,7.999591,6.047121,5.089588,2.246955,2.246955
6.047121,7.999591,3.023562,5.089588,2.246955,2.246955
3.779451,6.546203,3.779452,5.324929,4.095134,4.095134
3.779452,6.546203,3.779451,5.324929,4.095134,4.095134
3.779452,6.876115,4.157404,5.220267,4.399333,4.399333
4.157404,6.876115,3.779452,5.220267,4.399333,4.399333
3.779452,7.720175,5.102263,5.250261,4.604532,4.604532
5.102263,7.720175,3.779452,5.250261,4.604532,4.604532
3.779452,8.585264,6.047121,5.236883,4.611080,4.611080
6.047121,8.585264,3.779452,5.236883,4.611080,4.611080
4.535343,8.351223,5.102263,5.147759,5.042466,5.042466
5.102263,8.351223,4.535343,5.147759,5.042466,5.042466
4.535343,9.195803,6.047121,5.136896,5.050922,5.050922
6.047121,9.195803,4.535343,5.136896,5.050922,5.050922
5.291233,9.826575,6.047121,5.156946,5.115144,5.115144
6.047121,9.826575,5.291233,5.156946,5.115144,5.115144
