R1,R2,R3,ETriat,E,ENew
1.511781,1.614578,1.700749,50.939933,75.604641,75.604641
1.700749,1.614578,1.511781,50.939933,75.604641,75.604641
1.511781,1.731971,1.889734,47.240167,61.053509,61.053509
1.889734,1.731971,1.511781,47.240167,61.053509,61.053509
1.511781,1.861168,2.078702,41.566669,49.544673,49.544673
2.078702,1.861168,1.511781,41.566669,49.544673,49.544673
1.511781,1.999897,2.267671,35.716848,41.014517,41.014517
2.267671,1.999897,1.511781,35.716848,41.014517,41.014517
1.511781,2.146311,2.456639,30.097132,34.652611,34.652611
2.456639,2.146311,1.511781,30.097132,34.652611,34.652611
1.511781,2.298959,2.645624,25.476639,30.421531,30.421531
2.645624,2.298959,1.511781,25.476639,30.421531,30.421531
1.511781,2.456648,2.834592,20.539639,26.483810,26.483810
2.834592,2.456648,1.511781,20.539639,26.483810,26.483810
1.511781,2.783734,3.212529,12.793938,21.379506,21.379506
3.212529,2.783734,1.511781,12.793938,21.379506,21.379506
1.511781,3.294849,3.779451,6.830263,18.888932,18.888932
3.779451,3.294849,1.511781,6.830263,18.888932,18.888932
1.511781,3.644779,4.157404,5.227306,18.654505,18.654505
4.157404,3.644779,1.511781,5.227306,18.654505,18.654505
1.511781,4.539281,5.102263,5.206692,19.597631,19.597631
5.102263,4.539281,1.511781,5.206692,19.597631,19.597631
1.511781,5.450801,6.047121,5.403469,19.859637,19.859637
6.047121,5.450801,1.511781,5.403469,19.859637,19.859637
1.889734,1.889726,1.889734,43.304458,36.007046,36.007046
1.889734,1.889726,1.889734,43.304458,36.007046,36.007046
1.889726,1.990954,2.078702,40.451979,29.485430,29.485430
2.078702,1.990954,1.889726,40.451979,29.485430,29.485430
1.889726,2.104309,2.267671,35.827841,23.394420,23.394420
2.267671,2.104309,1.889726,35.827841,23.394420,23.394420
1.889726,2.227949,2.456639,30.734469,18.165618,18.165618
2.456639,2.227949,1.889726,30.734469,18.165618,18.165618
1.889726,2.360275,2.645624,25.883198,13.956350,13.956350
2.645624,2.360275,1.889726,25.883198,13.956350,13.956350
1.889726,2.499876,2.834592,21.284694,10.422522,10.422522
2.834592,2.499876,1.889726,21.284694,10.422522,10.422522
1.889726,2.796533,3.212529,14.125449,5.836463,5.836463
3.212529,2.796533,1.889726,14.125449,5.836463,5.836463
1.889726,3.273100,3.779451,8.304305,3.363061,3.363061
3.779451,3.273100,1.889726,8.304305,3.363061,3.363061
1.889726,3.605375,4.157404,6.603149,3.017882,3.017882
4.157404,3.605375,1.889726,6.603149,3.017882,3.017882
1.889726,4.467916,5.102263,5.396962,2.848198,2.848198
5.102263,4.467916,1.889726,5.396962,2.848198,2.848198
1.889726,5.358296,6.047121,5.317977,2.845813,2.845813
6.047121,5.358296,1.889726,5.317977,2.845813,2.845813
2.267671,2.267671,2.267671,32.096017,16.468824,16.468824
2.267671,2.267671,2.267671,32.096017,16.468824,16.468824
2.003921,2.267671,2.456642,29.930572,15.734756,15.734756
2.456642,2.267671,2.003921,29.930572,15.734756,15.734756
2.267671,2.367815,2.456639,27.878838,12.569002,12.569002
2.456639,2.367815,2.267671,27.878838,12.569002,12.569002
2.267671,2.478360,2.645624,23.932142,9.482561,9.482561
2.645624,2.478360,2.267671,23.932142,9.482561,9.482561
2.267671,2.597947,2.834592,20.482559,7.166224,7.166224
2.834592,2.597947,2.267671,20.482559,7.166224,7.166224
2.267671,2.859669,3.212529,14.211341,3.402739,3.402739
3.212529,2.859669,2.267671,14.211341,3.402739,3.402739
2.267671,3.294849,3.779451,8.594892,0.950498,0.950498
3.779451,3.294849,2.267671,8.594892,0.950498,0.950498
2.267671,3.605375,4.157404,6.800624,0.438671,0.438671
4.157404,3.605375,2.267671,6.800624,0.438671,0.438671
2.267671,4.427773,5.102263,5.365420,0.030745,0.030745
5.102263,4.427773,2.267671,5.365420,0.030745,0.030745
2.267671,5.291231,6.047121,5.230114,-0.020208,-0.020208
6.047121,5.291231,2.267671,5.230114,-0.020208,-0.020208
2.645624,2.645617,2.645624,21.112316,8.090009,8.090009
2.645624,2.645617,2.645624,21.112316,8.090009,8.090009
2.645617,2.744989,2.834592,18.237302,6.350458,6.350458
2.834592,2.744989,2.645617,18.237302,6.350458,6.350458
2.645617,2.969932,3.212529,13.446007,3.953853,3.953853
3.212529,2.969932,2.645617,13.446007,3.953853,3.953853
2.645617,3.359249,3.779451,8.342479,1.775500,1.775500
3.779451,3.359249,2.645617,8.342479,1.775500,1.775500
2.645617,3.644779,4.157404,6.683965,1.276379,1.276379
4.157404,3.644779,2.645617,6.683965,1.276379,1.276379
2.645617,4.419700,5.102263,5.317623,0.849199,0.849199
5.102263,4.419700,2.645617,5.317623,0.849199,0.849199
2.645617,5.250580,6.047121,5.165299,0.782332,0.782332
6.047121,5.250580,2.645617,5.165299,0.782332,0.782332
3.023562,3.122335,3.212529,11.961203,4.581289,4.581289
3.212529,3.122335,3.023562,11.961203,4.581289,4.581289
3.023562,3.463924,3.779451,7.940374,3.197583,3.197583
3.779451,3.463924,3.023562,7.940374,3.197583,3.197583
3.023562,3.722336,4.157404,6.455784,2.714941,2.714941
4.157404,3.722336,3.023562,6.455784,2.714941,2.714941
3.023562,4.443874,5.102263,5.275367,2.326745,2.326745
5.102263,4.443874,3.023562,5.275367,2.326745,2.326745
3.023562,5.236960,6.047121,5.122616,2.253243,2.253243
6.047121,5.236960,3.023562,5.122616,2.253243,2.253243
3.779451,3.779451,3.779452,6.844112,5.011591,5.011591
3.779452,3.779451,3.779451,6.844112,5.011591,5.011591
3.779452,3.981907,4.157404,5.882539,4.721919,4.721919
4.157404,3.981907,3.779452,5.882539,4.721919,4.721919
3.779452,4.586240,5.102263,5.321642,4.614722,4.614722
5.102263,4.586240,3.779452,5.321642,4.614722,4.614722
3.779452,5.102259,5.798287,5.258067,4.597464,4.597464
5.798287,5.102259,3.779452,5.258067,4.597464,4.597464
3.779452,5.291231,6.047121,5.258883,4.606787,4.606787
6.047121,5.291231,3.779452,5.258883,4.606787,4.606787
4.535343,4.843751,5.102263,5.198046,5.052657,5.052657
5.102263,4.843751,4.535343,5.198046,5.052657,5.052657
4.535343,5.450801,6.047121,5.152178,5.042856,5.042856
6.047121,5.450801,4.535343,5.152178,5.042856,5.042856
5.291233,5.706846,6.047121,5.171506,5.111068,5.111068
6.047121,5.706846,5.291233,5.171506,5.111068,5.111068
