R1,R2,R3,ETriat,E,ENew
1.511780,2.920536,1.511781,20.236885,45.983525,45.983525
1.511781,2.920536,1.511780,20.236885,45.983525,45.983525
1.511781,3.103450,1.700749,19.833668,34.776286,34.776286
1.700749,3.103450,1.511781,19.833668,34.776286,34.776286
1.511781,3.287068,1.889734,19.109062,29.319909,29.319909
1.889734,3.287068,1.511781,19.109062,29.319909,29.319909
1.511781,3.471243,2.078702,17.957583,26.524225,26.524225
2.078702,3.471243,1.511781,17.957583,26.524225,26.524225
1.511781,3.655908,2.267671,16.826317,25.271999,25.271999
2.267671,3.655908,1.511781,16.826317,25.271999,25.271999
1.511781,3.840992,2.456639,15.165391,24.184644,24.184644
2.456639,3.840992,1.511781,15.165391,24.184644,24.184644
1.511781,4.026454,2.645624,12.355308,22.205679,22.205679
2.645624,4.026454,1.511781,12.355308,22.205679,22.205679
1.511781,4.212211,2.834592,10.132658,20.861652,20.861652
2.834592,4.212211,1.511781,10.132658,20.861652,20.861652
1.511781,4.584514,3.212529,7.237315,19.557216,19.557216
3.212529,4.584514,1.511781,7.237315,19.557216,19.557216
1.511781,5.144526,3.779451,5.650650,19.502707,19.502707
3.779451,5.144526,1.511781,5.650650,19.502707,19.502707
1.511781,5.518658,4.157404,5.433046,19.699971,19.699971
4.157404,5.518658,1.511781,5.433046,19.699971,19.699971
1.511781,6.455908,5.102263,5.403377,19.856255,19.856255
5.102263,6.455908,1.511781,5.403377,19.856255,19.856255
1.511781,7.395095,6.047121,5.437402,19.914189,19.914189
6.047121,7.395095,1.511781,5.437402,19.914189,19.914189
1.889726,3.650679,1.889734,19.168875,13.453847,13.453847
1.889734,3.650679,1.889726,19.168875,13.453847,13.453847
1.889726,3.833520,2.078702,18.555965,10.953559,10.953559
2.078702,3.833520,1.889726,18.555965,10.953559,10.953559
1.889726,4.016928,2.267671,16.914635,8.961628,8.961628
2.267671,4.016928,1.889726,16.914635,8.961628,8.961628
1.889726,4.200829,2.456639,14.709535,7.139945,7.139945
2.456639,4.200829,1.889726,14.709535,7.139945,7.139945
1.889726,4.385179,2.645624,12.697874,5.819941,5.819941
2.645624,4.385179,1.889726,12.697874,5.819941,5.819941
1.889726,4.569890,2.834592,10.853007,4.762637,4.762637
2.834592,4.569890,1.889726,10.853007,4.762637,4.762637
1.889726,4.940277,3.212529,8.179109,3.599352,3.599352
3.212529,4.940277,1.889726,8.179109,3.599352,3.599352
1.889726,5.497803,3.779451,6.120406,3.053961,3.053961
3.779451,5.497803,1.889726,6.120406,3.053961,3.053961
1.889726,5.870493,4.157404,5.581495,2.928509,2.928509
4.157404,5.870493,1.889726,5.581495,2.928509,2.928509
1.889726,6.804732,5.102263,5.324243,2.853402,2.853402
5.102263,6.804732,1.889726,5.324243,2.853402,2.853402
1.889726,7.741549,6.047121,5.303830,2.855180,2.855180
6.047121,7.741549,1.889726,5.303830,2.855180,2.855180
2.267671,4.380804,2.267671,14.575879,4.051683,4.051683
2.267671,4.380804,2.267671,14.575879,4.051683,4.051683
2.267671,4.563595,2.456639,13.398999,3.164843,3.164843
2.456639,4.563595,2.267671,13.398999,3.164843,3.164843
2.267671,4.746888,2.645624,11.832465,2.234987,2.234987
2.645624,4.746888,2.267671,11.832465,2.234987,2.234987
2.267671,4.930592,2.834592,10.490011,1.651349,1.651349
2.834592,4.930592,2.267671,10.490011,1.651349,1.651349
2.267671,5.299112,3.212529,8.160227,0.813728,0.813728
3.212529,5.299112,2.267671,8.160227,0.813728,0.813728
2.267671,5.854162,3.779451,6.093921,0.257409,0.257409
3.779451,5.854162,2.267671,6.093921,0.257409,0.257409
2.267671,6.225390,4.157404,5.522017,0.097352,0.097352
4.157404,6.225390,2.267671,5.522017,0.097352,0.097352
2.267671,7.156514,5.102263,5.231459,-0.014267,-0.014267
5.102263,7.156514,2.267671,5.231459,-0.014267,-0.014267
2.267671,8.090823,6.047121,5.204936,-0.019731,-0.019731
6.047121,8.090823,2.267671,5.204936,-0.019731,-0.019731
2.645617,5.110947,2.645624,10.717641,2.004116,2.004116
2.645624,5.110947,2.645617,10.717641,2.004116,2.004116
2.645617,5.293702,2.834592,9.613831,1.653647,1.653647
2.834592,5.293702,2.645617,9.613831,1.653647,1.653647
2.645617,5.660436,3.212529,7.863808,1.392985,1.392985
3.212529,5.660436,2.645617,7.863808,1.392985,1.392985
2.645617,6.213073,3.779451,6.003713,1.040609,1.040609
3.779451,6.213073,2.645617,6.003713,1.040609,1.040609
2.645617,6.582853,4.157404,5.451206,0.898331,0.898331
4.157404,6.582853,2.645617,5.451206,0.898331,0.898331
2.645617,7.510838,5.102263,5.163319,0.787102,0.787102
5.102263,7.510838,2.645617,5.163319,0.787102,0.787102
2.645617,8.442567,6.047121,5.135811,0.779904,0.779904
6.047121,8.442567,2.645617,5.135811,0.779904,0.779904
3.023562,6.023799,3.212529,7.345109,2.394263,2.394263
3.212529,6.023799,3.023562,7.345109,2.394263,2.394263
3.023562,6.574117,3.779451,5.884534,2.438928,2.438928
3.779451,6.574117,3.023562,5.884534,2.438928,2.438928
3.023562,6.942486,4.157404,5.388981,2.352373,2.352373
4.157404,6.942486,3.023562,5.388981,2.352373,2.352373
3.023562,7.867361,5.102263,5.116820,2.255368,2.255368
5.102263,7.867361,3.023562,5.116820,2.255368,2.255368
3.023562,8.796485,6.047121,5.089252,2.247605,2.247605
6.047121,8.796485,3.023562,5.089252,2.247605,2.247605
3.779451,7.301340,3.779452,5.548364,4.322795,4.322795
3.779452,7.301340,3.779451,5.548364,4.322795,4.322795
3.779452,7.667040,4.157404,5.322535,4.504621,4.504621
4.157404,7.667040,3.779452,5.322535,4.504621,4.504621
3.779452,8.585907,5.102263,5.260007,4.615633,4.615633
5.102263,8.585907,3.779452,5.260007,4.615633,4.615633
3.779452,9.509870,6.047121,5.235801,4.610646,4.610646
6.047121,9.509870,3.779452,5.235801,4.610646,4.610646
4.535343,9.310369,5.102263,5.135931,5.031452,5.031452
5.102263,9.310369,4.535343,5.135931,5.031452,5.031452
4.535343,10.229361,6.047121,5.131486,5.045935,5.045935
6.047121,10.229361,4.535343,5.131486,5.045935,5.045935
5.291233,10.953756,6.047121,5.156540,5.115014,5.115014
6.047121,10.953756,5.291233,5.156540,5.115014,5.115014
