R1,R2,R3,ETriat,E,ENew
1.511781,1.511781,2.137981,38.069835,62.109512,62.109512
2.137981,1.511781,1.511781,38.069835,62.109512,62.109512
1.511781,1.470464,2.078706,39.632921,67.781885,67.781885
2.078706,1.470464,1.511781,39.632921,67.781885,67.781885
1.511781,1.606110,2.267676,34.403416,51.394499,51.394499
2.267676,1.606110,1.511781,34.403416,51.394499,51.394499
1.511781,1.751665,2.456647,30.394493,40.993789,40.993789
2.456647,1.751665,1.511781,30.394493,40.993789,40.993789
1.511781,1.904861,2.645618,27.148639,34.602179,34.602179
2.645618,1.904861,1.511781,27.148639,34.602179,34.602179
1.511781,2.063996,2.834589,23.144269,29.502732,29.502732
2.834589,2.063996,1.511781,23.144269,29.502732,29.502732
1.511781,2.395309,3.212530,16.156997,23.445026,23.445026
3.212530,2.395309,1.511781,16.156997,23.445026,23.445026
1.511781,2.913639,3.779443,8.622420,19.236105,19.236105
3.779443,2.913639,1.511781,8.622420,19.236105,19.236105
1.511781,3.268167,4.157384,6.171062,18.545878,18.545878
4.157384,3.268167,1.511781,6.171062,18.545878,18.545878
1.511781,4.157404,5.084738,4.835623,19.092656,19.092656
5.084738,4.157404,1.511781,4.835623,19.092656,19.092656
1.511781,4.172535,5.102265,4.990021,19.256659,19.256659
5.102265,4.172535,1.511781,4.990021,19.256659,19.256659
1.511781,5.091611,6.047119,5.346434,19.794288,19.794288
6.047119,5.091611,1.511781,5.346434,19.794288,19.794288
1.889726,1.446337,1.889735,45.850189,61.779598,61.779598
1.889735,1.446337,1.889726,45.850189,61.779598,61.779598
1.889726,1.889726,2.672476,25.960345,16.856802,16.856802
2.672476,1.889726,1.889726,25.960345,16.856802,16.856802
1.889726,1.528656,2.078706,41.737544,47.760586,47.760586
2.078706,1.528656,1.889726,41.737544,47.760586,47.760586
1.889726,2.078691,2.928606,20.838008,10.554565,10.554565
2.928606,2.078691,1.889726,20.838008,10.554565,10.554565
1.889726,1.628837,2.267676,36.819234,35.580300,35.580300
2.267676,1.628837,1.889726,36.819234,35.580300,35.580300
1.889726,1.743803,2.456647,31.692320,25.633439,25.633439
2.456647,1.743803,1.889726,31.692320,25.633439,25.633439
1.889726,1.870831,2.645618,26.588586,17.744553,17.744553
2.645618,1.870831,1.889726,26.588586,17.744553,17.744553
1.889726,2.007632,2.834589,22.542285,12.451876,12.451876
2.834589,2.007632,1.889726,22.542285,12.451876,12.451876
1.889726,2.303477,3.212530,16.566077,6.817099,6.817099
3.212530,2.303477,1.889726,16.566077,6.817099,6.817099
1.889726,2.784741,3.779443,10.318351,3.480751,3.480751
3.779443,2.784741,1.889726,10.318351,3.480751,3.480751
1.889726,3.121602,4.157384,7.774530,2.692044,2.692044
4.157384,3.121602,1.889726,7.774530,2.692044,2.692044
1.889726,3.996059,5.102265,5.556563,2.760560,2.760560
5.102265,3.996059,1.889726,5.556563,2.760560,2.760560
1.889726,4.896727,6.047119,5.313005,2.827817,2.827817
6.047119,4.896727,1.889726,5.313005,2.827817,2.827817
2.267671,1.735602,2.267676,35.881487,27.084012,27.084012
2.267676,1.735602,2.267671,35.881487,27.084012,27.084012
2.267671,2.267671,3.206972,15.856321,3.308248,3.308248
3.206972,2.267671,2.267671,15.856321,3.308248,3.308248
2.267671,1.816329,2.456647,30.963168,19.959808,19.959808
2.456647,1.816329,2.267671,30.963168,19.959808,19.959808
2.456638,2.267671,3.194739,15.501245,3.160030,3.160030
3.194739,2.267671,2.456638,15.501245,3.160030,3.160030
2.267671,1.912382,2.645618,25.885609,13.510264,13.510264
2.645618,1.912382,2.267671,25.885609,13.510264,13.510264
2.267671,2.021579,2.834589,21.699270,8.698451,8.698451
2.834589,2.021579,2.267671,21.699270,8.698451,8.698451
2.271605,2.267671,3.212530,15.788280,3.259117,3.259117
3.212530,2.267671,2.271605,15.788280,3.259117,3.259117
2.267671,3.212526,4.385615,7.399497,-0.024241,-0.024241
4.385615,3.212526,2.267671,7.399497,-0.024241,-0.024241
2.267671,2.702953,3.779443,10.668976,0.728474,0.728474
3.779443,2.702953,2.267671,10.668976,0.728474,0.728474
2.267671,3.779461,5.028843,5.849196,-0.005030,-0.005030
5.028843,3.779461,2.267671,5.849196,-0.005030,-0.005030
2.267671,3.015554,4.157384,8.454984,0.182953,0.182953
4.157384,3.015554,2.267671,8.454984,0.182953,0.182953
2.267671,3.848717,5.102265,5.743945,-0.003122,-0.003122
5.102265,3.848717,2.267671,5.743945,-0.003122,-0.003122
2.267671,4.724092,6.047119,5.246211,-0.025888,-0.025888
6.047119,4.724092,2.267671,5.246211,-0.025888,-0.025888
2.645617,2.024868,2.645618,23.389389,10.477941,10.477941
2.645618,2.024868,2.645617,23.389389,10.477941,10.477941
2.645617,2.645617,3.741467,10.198934,0.842044,0.842044
3.741467,2.645617,2.645617,10.198934,0.842044,0.842044
2.645617,2.104438,2.834589,20.654124,7.928825,7.928825
2.834589,2.104438,2.645617,20.654124,7.928825,7.928825
2.645617,2.302186,3.212530,14.796573,3.138651,3.138651
3.212530,2.302186,2.645617,14.796573,3.138651,3.138651
2.645617,2.672604,3.779443,9.982674,0.792739,0.792739
3.779443,2.672604,2.645617,9.982674,0.792739,0.792739
2.645617,2.954389,4.157384,8.290880,0.641702,0.641702
4.157384,2.954389,2.645617,8.290880,0.641702,0.641702
2.645617,3.733958,5.102265,5.832712,0.771057,0.771057
5.102265,3.733958,2.645617,5.832712,0.771057,0.771057
2.645617,4.576226,6.047119,5.203097,0.783416,0.783416
6.047119,4.576226,2.645617,5.203097,0.783416,0.783416
3.023562,2.392827,3.212530,13.286461,3.248970,3.248970
3.212530,2.392827,3.023562,13.286461,3.248970,3.248970
3.023562,2.695433,3.779443,9.171701,1.584004,1.584004
3.779443,2.695433,3.023562,9.171701,1.584004,1.584004
3.023562,2.940910,4.157384,7.682562,1.492723,1.492723
4.157384,2.940910,3.023562,7.682562,1.492723,1.492723
3.023562,3.654852,5.102265,5.840594,2.140062,2.140062
5.102265,3.654852,3.023562,5.840594,2.140062,2.140062
3.023562,4.455595,6.047119,5.183657,2.256278,2.256278
6.047119,4.455595,3.023562,5.183657,2.256278,2.256278
3.779443,2.892664,3.779452,7.137301,2.560694,2.560694
3.779452,2.892664,3.779443,7.137301,2.560694,2.560694
3.779452,3.779452,5.344953,5.307035,4.058925,4.058925
5.344953,3.779452,3.779452,5.307035,4.058925,4.058925
3.779452,3.057300,4.157384,6.361084,2.852058,2.852058
4.157384,3.057300,3.779452,6.361084,2.852058,2.852058
3.779452,4.157400,5.857226,5.201990,4.370322,4.370322
5.857226,4.157400,3.779452,5.201990,4.370322,4.370322
3.779452,3.611925,5.102265,5.426306,3.849346,3.849346
5.102265,3.611925,3.779452,5.426306,3.849346,3.849346
3.779452,4.304689,6.047119,5.187883,4.431726,4.431726
6.047119,4.304689,3.779452,5.187883,4.431726,4.431726
4.535343,3.725158,5.102265,5.333594,4.525349,4.525349
5.102265,3.725158,4.535343,5.333594,4.525349,4.525349
4.535343,4.283819,6.047119,5.112834,4.887743,4.887743
6.047119,4.283819,4.535343,5.112834,4.887743,4.887743
5.291233,4.394839,6.047119,5.111667,4.968357,4.968357
6.047119,4.394839,5.291233,5.111667,4.968357,4.968357
2.282033,3.400013,4.608687,6.695218,-0.066998,-0.066998
4.608687,3.400013,2.282033,6.695218,-0.066998,-0.066998
