R1,R2,R3,ETriat,E,ENew
1.511781,2.951896,1.511784,20.065722,45.939293,45.939293
1.511784,2.951896,1.511781,20.065722,45.939293,45.939293
1.511781,3.136658,1.700761,19.751397,34.819650,34.819650
1.700761,3.136658,1.511781,19.751397,34.819650,34.819650
1.511781,3.321890,1.889731,19.100475,29.426932,29.426932
1.889731,3.321890,1.511781,19.100475,29.426932,29.426932
1.511781,3.507520,2.078701,18.037149,26.701281,26.701281
2.078701,3.507520,1.511781,18.037149,26.701281,26.701281
1.511781,3.693490,2.267671,16.984967,25.505905,25.505905
2.267671,3.693490,1.511781,16.984967,25.505905,25.505905
1.511781,3.879749,2.456641,15.056673,24.128921,24.128921
2.456641,3.879749,1.511781,15.056673,24.128921,24.128921
1.511781,4.066263,2.645619,12.242212,22.126540,22.126540
2.645619,4.066263,1.511781,12.242212,22.126540,22.126540
1.511781,4.252990,2.834588,10.076601,20.825443,20.825443
2.834588,4.252990,1.511781,10.076601,20.825443,20.825443
1.511781,4.626990,3.212528,7.289520,19.614760,19.614760
3.212528,4.626990,1.511781,7.289520,19.614760,19.614760
1.511781,5.189084,3.779463,5.765434,19.618620,19.618620
3.779463,5.189084,1.511781,5.765434,19.618620,19.618620
1.511781,5.564343,4.157402,5.530400,19.798234,19.798234
4.157402,5.564343,1.511781,5.530400,19.798234,19.798234
1.511781,6.503855,5.102259,5.417083,19.870392,19.870392
5.102259,6.503855,1.511781,5.417083,19.870392,19.870392
1.511781,7.444721,6.047116,5.440151,19.917095,19.917095
6.047116,7.444721,1.511781,5.440151,19.917095,19.917095
1.889726,3.689869,1.889731,19.147093,13.511218,13.511218
1.889731,3.689869,1.889726,19.147093,13.511218,13.511218
1.889726,3.874576,2.078701,18.520689,10.975241,10.975241
2.078701,3.874576,1.889726,18.520689,10.975241,10.975241
1.889726,4.059675,2.267671,17.299912,9.384211,9.384211
2.267671,4.059675,1.889726,17.299912,9.384211,9.384211
1.889726,4.245116,2.456641,15.161286,7.613958,7.613958
2.456641,4.245116,1.889726,15.161286,7.613958,7.613958
1.889726,4.430859,2.645619,12.857807,5.992010,5.992010
2.645619,4.430859,1.889726,12.857807,5.992010,5.992010
1.889726,4.616860,2.834588,10.989968,4.905782,4.905782
2.834588,4.616860,1.889726,10.989968,4.905782,4.905782
1.889726,4.989531,3.212528,8.313024,3.735038,3.735038
3.212528,4.989531,1.889726,8.313024,3.735038,3.735038
1.889726,5.549898,3.779463,6.173806,3.108427,3.108427
3.779463,5.549898,1.889726,6.173806,3.108427,3.108427
1.889726,5.924155,4.157402,5.606437,2.954310,2.954310
4.157402,5.924155,1.889726,5.606437,2.954310,2.954310
1.889726,6.861568,5.102259,5.328021,2.857522,2.857522
5.102259,6.861568,1.889726,5.328021,2.857522,2.857522
1.889726,7.800778,6.047116,5.304350,2.855831,2.855831
6.047116,7.800778,1.889726,5.304350,2.855831,2.855831
2.267671,4.427837,2.267671,15.148956,4.637445,4.637445
2.267671,4.427837,2.267671,15.148956,4.637445,4.637445
2.267671,4.612510,2.456641,13.629733,3.402175,3.402175
2.456641,4.612510,2.267671,13.629733,3.402175,3.402175
2.267671,4.797521,2.645619,12.215049,2.620927,2.620927
2.645619,4.797521,2.267671,12.215049,2.620927,2.620927
2.267671,4.982826,2.834588,10.717975,1.881222,1.881222
2.834588,4.982826,2.267671,10.717975,1.881222,1.881222
2.267671,5.354204,3.212528,8.282523,0.937229,0.937229
3.212528,5.354204,2.267671,8.282523,0.937229,0.937229
2.267671,5.912853,3.779463,6.131804,0.296264,0.296264
3.779463,5.912853,2.267671,6.131804,0.296264,0.296264
2.267671,6.286095,4.157402,5.538884,0.114915,0.114915
4.157402,6.286095,2.267671,5.538884,0.114915,0.114915
2.267671,7.221343,5.102259,5.234016,-0.011448,-0.011448
5.102259,7.221343,2.267671,5.234016,-0.011448,-0.011448
2.267671,8.158805,6.047116,5.205264,-0.019297,-0.019297
6.047116,8.158805,2.267671,5.205264,-0.019297,-0.019297
2.645617,5.165810,2.645619,11.104702,2.392572,2.392572
2.645619,5.165810,2.645617,11.104702,2.392572,2.392572
2.645617,5.350457,2.834588,9.892991,1.934040,1.934040
2.834588,5.350457,2.645617,9.892991,1.934040,1.934040
2.645617,5.720599,3.212528,7.992055,1.522341,1.522341
3.212528,5.720599,2.645617,7.992055,1.522341,1.522341
2.645617,6.277577,3.779463,6.038243,1.075907,1.075907
3.779463,6.277577,2.645617,6.038243,1.075907,1.075907
2.645617,6.649816,4.157402,5.465956,0.913595,0.913595
4.157402,6.649816,2.645617,5.465956,0.913595,0.913595
2.645617,7.582885,5.102259,5.165635,0.789617,0.789617
5.102259,7.582885,2.645617,5.165635,0.789617,0.789617
2.645617,8.518553,6.047116,5.136159,0.780337,0.780337
6.047116,8.518553,2.645617,5.136159,0.780337,0.780337
3.023562,6.088407,3.212528,7.485056,2.535110,2.535110
3.212528,6.088407,3.023562,7.485056,2.535110,2.535110
3.023562,6.643780,3.779463,5.921701,2.476655,2.476655
3.779463,6.643780,3.023562,5.921701,2.476655,2.476655
3.023562,7.015041,4.157402,5.402966,2.366727,2.366727
4.157402,7.015041,3.023562,5.402966,2.366727,2.366727
3.023562,7.945954,5.102259,5.118924,2.257623,2.257623
5.102259,7.945954,3.023562,5.118924,2.257623,2.257623
3.023562,8.879813,6.047116,5.089097,2.247519,2.247519
6.047116,8.879813,3.023562,5.089097,2.247519,2.247519
3.779452,7.379738,3.779463,5.575742,4.350462,4.350462
3.779463,7.379738,3.779452,5.575742,4.350462,4.350462
3.779452,7.749152,4.157402,5.331971,4.514248,4.514248
4.157402,7.749152,3.779452,5.331971,4.514248,4.514248
3.779452,8.675905,5.102259,5.261567,4.617281,4.617281
5.102259,8.675905,3.779452,5.261567,4.617281,4.617281
3.779452,9.606185,6.047116,5.235584,4.610473,4.610473
6.047116,9.606185,3.779452,5.235584,4.610473,4.610473
4.535343,9.409952,5.102259,5.132279,5.027852,5.027852
5.102259,9.409952,4.535343,5.132279,5.027852,5.027852
4.535343,10.336791,6.047116,5.130852,5.045328,5.045328
6.047116,10.336791,4.535343,5.130852,5.045328,5.045328
5.291233,11.070793,6.047116,5.156479,5.114971,5.114971
6.047116,11.070793,5.291233,5.156479,5.114971,5.114971
