R1,R2,R3,ETriat,E,ENew
1.511781,2.550043,1.511784,28.311927,52.619362,52.619362
1.511784,2.550043,1.511781,28.311927,52.619362,52.619362
1.511781,2.711335,1.700761,26.289095,39.658565,39.658565
1.700761,2.711335,1.511781,26.289095,39.658565,39.658565
1.511781,2.875985,1.889731,23.871678,32.510251,32.510251
1.889731,2.875985,1.511781,23.871678,32.510251,32.510251
1.511781,3.043463,2.078701,20.669135,27.772374,27.772374
2.078701,3.043463,1.511781,20.669135,27.772374,27.772374
1.511781,3.213325,2.267671,17.497821,24.675613,24.675613
2.267671,3.213325,1.511781,17.497821,24.675613,24.675613
1.511781,3.385214,2.456641,14.499770,22.500902,22.500902
2.456641,3.385214,1.511781,14.499770,22.500902,22.500902
1.511781,3.558849,2.645619,11.577443,20.672975,20.672975
2.645619,3.558849,1.511781,11.577443,20.672975,20.672975
1.511781,3.733961,2.834588,9.355037,19.568534,19.568534
2.834588,3.733961,1.511781,9.355037,19.568534,19.568534
1.511781,4.087888,3.212528,6.460463,18.592495,18.592495
3.212528,4.087888,1.511781,6.460463,18.592495,18.592495
1.511781,4.625935,3.779463,4.855883,18.680177,18.680177
3.779463,4.625935,1.511781,4.855883,18.680177,18.680177
1.511781,4.988171,4.157402,4.783729,19.037801,19.037801
4.157402,4.988171,1.511781,4.783729,19.037801,19.037801
1.511781,5.902395,5.102259,5.349016,19.794981,19.794981
5.102259,5.902395,1.511781,5.349016,19.794981,19.794981
1.511781,6.824969,6.047116,5.428639,19.902871,19.902871
6.047116,6.824969,1.511781,5.428639,19.902871,19.902871
1.889726,3.187563,1.889731,19.100969,12.035884,12.035884
1.889731,3.187563,1.889726,19.100969,12.035884,12.035884
1.889726,3.348477,2.078701,16.958637,8.234325,8.234325
2.078701,3.348477,1.889726,16.958637,8.234325,8.234325
1.889726,3.512187,2.267671,14.949103,6.132510,6.132510
2.267671,3.512187,1.889726,14.949103,6.132510,6.132510
1.889726,3.678320,2.456641,13.115815,4.931671,4.931671
2.456641,3.678320,1.889726,13.115815,4.931671,4.931671
1.889726,3.846576,2.645619,11.304634,4.022672,4.022672
2.645619,3.846576,1.889726,11.304634,4.022672,4.022672
1.889726,4.016661,2.834588,9.481327,3.145286,3.145286
2.834588,4.016661,1.889726,9.481327,3.145286,3.145286
1.889726,4.361498,3.212528,7.266431,2.612124,2.612124
3.212528,4.361498,1.889726,7.266431,2.612124,2.612124
1.889726,4.887966,3.779463,5.798044,2.715287,2.715287
3.779463,4.887966,1.889726,5.798044,2.715287,2.715287
1.889726,5.243618,4.157402,5.447462,2.782112,2.782112
4.157402,5.243618,1.889726,5.447462,2.782112,2.782112
1.889726,6.144411,5.102259,5.311459,2.834539,2.834539
5.102259,6.144411,1.889726,5.311459,2.834539,2.834539
1.889726,7.056738,6.047116,5.303271,2.852361,2.852361
6.047116,7.056738,1.889726,5.303271,2.852361,2.852361
2.267671,3.825067,2.267671,12.503513,1.545497,1.545497
2.267671,3.825067,2.267671,12.503513,1.545497,1.545497
2.267671,3.985735,2.456641,11.356056,0.847335,0.847335
2.456641,3.985735,2.267671,11.356056,0.847335,0.847335
2.267671,4.148804,2.645619,10.268848,0.509355,0.509355
2.645619,4.148804,2.267671,10.268848,0.509355,0.509355
2.267671,4.313972,2.834588,9.230475,0.301381,0.301381
2.834588,4.313972,2.267671,9.230475,0.301381,0.301381
2.267671,4.649751,3.212528,7.287664,-0.087639,-0.087639
3.212528,4.649751,2.267671,7.287664,-0.087639,-0.087639
2.267671,5.164383,3.779463,5.845022,-0.005464,-0.005464
3.779463,5.164383,2.267671,5.845022,-0.005464,-0.005464
2.267671,5.513156,4.157402,5.425843,-0.010407,-0.010407
4.157402,5.513156,2.267671,5.425843,-0.010407,-0.010407
2.267671,6.399608,5.102259,5.223315,-0.027406,-0.027406
5.102259,6.399608,2.267671,5.223315,-0.027406,-0.027406
2.267671,7.300726,6.047116,5.204914,-0.021682,-0.021682
6.047116,7.300726,2.267671,5.204914,-0.021682,-0.021682
2.645617,4.462587,2.645619,9.009031,0.242145,0.242145
2.645619,4.462587,2.645617,9.009031,0.242145,0.242145
2.645617,4.623076,2.834588,8.396659,0.404804,0.404804
2.834588,4.623076,2.645617,8.396659,0.404804,0.404804
2.645617,4.950090,3.212528,7.127592,0.639794,0.639794
3.212528,4.950090,2.645617,7.127592,0.639794,0.639794
2.645617,5.452996,3.779463,5.760730,0.784977,0.784977
3.779463,5.452996,2.645617,5.760730,0.784977,0.784977
2.645617,5.794820,4.157402,5.361742,0.799071,0.799071
4.157402,5.794820,2.645617,5.361742,0.799071,0.799071
2.645617,6.666474,5.102259,5.155225,0.775047,0.775047
5.102259,6.666474,2.645617,5.155225,0.775047,0.775047
2.645617,7.555748,6.047116,5.135516,0.777996,0.777996
6.047116,7.555748,2.645617,5.135516,0.777996,0.777996
3.023562,5.260445,3.212528,6.678202,1.713013,1.713013
3.212528,5.260445,3.023562,6.678202,1.713013,1.713013
3.023562,5.751971,3.779463,5.626656,2.170591,2.170591
3.779463,5.751971,3.023562,5.626656,2.170591,2.170591
3.023562,6.086926,4.157402,5.301039,2.256799,2.256799
4.157402,6.086926,3.023562,5.301039,2.256799,2.256799
3.023562,6.943662,5.102259,5.109460,2.244917,2.244917
5.102259,6.943662,3.023562,5.109460,2.244917,2.244917
3.023562,7.820725,6.047116,5.089845,2.246868,2.246868
6.047116,7.820725,3.023562,5.089845,2.246868,2.246868
3.779452,6.375125,3.779463,5.298296,4.066947,4.066947
3.779463,6.375125,3.779452,5.298296,4.066947,4.066947
3.779452,6.696953,4.157402,5.206878,4.384806,4.384806
4.157402,6.696953,3.779452,5.206878,4.384806,4.384806
3.779452,7.524404,5.102259,5.249331,4.603101,4.603101
5.102259,7.524404,3.779452,5.249331,4.603101,4.603101
3.779452,8.376731,6.047116,5.236944,4.610906,4.610906
6.047116,8.376731,3.779452,5.236944,4.610906,4.610906
4.535343,8.133978,5.102259,5.148366,5.042770,5.042770
5.102259,8.133978,4.535343,5.148366,5.042770,5.042770
4.535343,8.962045,6.047116,5.137485,5.051356,5.051356
6.047116,8.962045,4.535343,5.137485,5.051356,5.051356
5.291233,9.571291,6.047116,5.156918,5.115014,5.115014
6.047116,9.571291,5.291233,5.156918,5.115014,5.115014
