R1,R2,R3,ETriat,E,ENew
1.511781,2.997695,1.511782,20.074013,46.132003,46.132003
1.511782,2.997695,1.511781,20.074013,46.132003,46.132003
1.511781,3.185141,1.700749,19.867873,35.116477,35.116477
1.700749,3.185141,1.511781,19.867873,35.116477,35.116477
1.511781,3.372776,1.889734,19.287459,29.775796,29.775796
1.889734,3.372776,1.511781,19.287459,29.775796,29.775796
1.511781,3.560534,2.078701,18.331193,27.129068,27.129068
2.078701,3.560534,1.511781,18.331193,27.129068,27.129068
1.511781,3.748415,2.267668,17.051287,25.673074,25.673074
2.267668,3.748415,1.511781,17.051287,25.673074,25.673074
1.511781,3.936399,2.456635,14.728651,23.870124,23.870124
2.456635,3.936399,1.511781,14.728651,23.870124,23.870124
1.511781,4.124495,2.645625,12.016056,21.943673,21.943673
2.645625,4.124495,1.511781,12.016056,21.943673,21.943673
1.511781,4.312647,2.834592,9.937513,20.711005,20.711005
2.834592,4.312647,1.511781,9.937513,20.711005,20.711005
1.511781,4.689148,3.212526,7.351998,19.683622,19.683622
3.212526,4.689148,1.511781,7.351998,19.683622,19.683622
1.511781,5.254307,3.779450,5.959662,19.814365,19.814365
3.779450,5.254307,1.511781,5.959662,19.814365,19.814365
1.511781,5.631281,4.157402,5.877141,20.146274,20.146274
4.157402,5.631281,1.511781,5.877141,20.146274,20.146274
1.511781,6.574183,5.102260,5.442120,19.896020,19.896020
5.102260,6.574183,1.511781,5.442120,19.896020,19.896020
1.511781,7.517576,6.047118,5.445313,19.922472,19.922472
6.047118,7.517576,1.511781,5.445313,19.922472,19.922472
1.889726,3.747127,1.889734,19.201745,13.671448,13.671448
1.889734,3.747127,1.889726,19.201745,13.671448,13.671448
1.889726,3.934554,2.078701,18.426938,10.955423,10.955423
2.078701,3.934554,1.889726,18.426938,10.955423,10.955423
1.889726,4.122123,2.267668,17.377965,9.509273,9.509273
2.267668,4.122123,1.889726,17.377965,9.509273,9.509273
1.889726,4.309814,2.456635,14.881151,7.361015,7.361015
2.456635,4.309814,1.889726,14.881151,7.361015,7.361015
1.889726,4.497633,2.645625,12.669132,5.817816,5.817816
2.645625,4.497633,1.889726,12.669132,5.817816,5.817816
1.889726,4.685524,2.834592,10.935084,4.858169,4.858169
2.834592,4.685524,1.889726,10.935084,4.858169,4.858169
1.889726,5.061548,3.212526,8.430549,3.854810,3.854810
3.212526,5.061548,1.889726,8.430549,3.854810,3.854810
1.889726,5.626085,3.779450,6.252911,3.188997,3.188997
3.779450,5.626085,1.889726,6.252911,3.188997,3.188997
1.889726,6.002697,4.157402,5.646395,2.995463,2.995463
4.157402,6.002697,1.889726,5.646395,2.995463,2.995463
1.889726,6.944840,5.102260,5.334714,2.864677,2.864677
5.102260,6.944840,1.889726,5.334714,2.864677,2.864677
1.889726,7.887632,6.047118,5.305300,2.856958,2.856958
6.047118,7.887632,1.889726,5.305300,2.856958,2.856958
2.267668,4.496540,2.267671,15.283397,4.786878,4.786878
2.267671,4.496540,2.267668,15.283397,4.786878,4.786878
2.267671,4.683955,2.456635,13.686810,3.466874,3.466874
2.456635,4.683955,2.267671,13.686810,3.466874,3.466874
2.267671,4.871512,2.645625,12.119474,2.529342,2.529342
2.645625,4.871512,2.267671,12.119474,2.529342,2.529342
2.267671,5.059154,2.834592,10.723786,1.889461,1.889461
2.834592,5.059154,2.267671,10.723786,1.889461,1.889461
2.267671,5.434713,3.212526,8.405754,1.062161,1.062161
3.212526,5.434713,2.267671,8.405754,1.062161,1.062161
2.267671,5.998634,3.779450,6.188663,0.354415,0.354415
3.779450,5.998634,2.267671,6.188663,0.354415,0.354415
2.267671,6.374880,4.157402,5.566086,0.143058,0.143058
4.157402,6.374880,2.267671,5.566086,0.143058,0.143058
2.267671,7.316242,5.102260,5.238565,-0.006548,-0.006548
5.102260,7.316242,2.267671,5.238565,-0.006548,-0.006548
2.267671,8.258403,6.047118,5.205944,-0.018473,-0.018473
6.047118,8.258403,2.267671,5.205944,-0.018473,-0.018473
2.645617,5.245974,2.645625,10.673367,1.963180,1.963180
2.645625,5.245974,2.645617,10.673367,1.963180,1.963180
2.645617,5.433381,2.834592,9.821223,1.864050,1.864050
2.834592,5.433381,2.645617,9.821223,1.864050,1.864050
2.645617,5.808497,3.212526,8.117653,1.649484,1.649484
3.212526,5.808497,2.645617,8.117653,1.649484,1.649484
2.645617,6.371818,3.779450,6.090856,1.129505,1.129505
3.779450,6.371818,2.645617,6.090856,1.129505,1.129505
2.645617,6.747705,4.157402,5.490204,0.938530,0.938530
4.157402,6.747705,2.645617,5.490204,0.938530,0.938530
2.645617,7.688283,5.102260,5.170053,0.794301,0.794301
5.102260,7.688283,2.645617,5.170053,0.794301,0.794301
2.645617,8.629796,6.047118,5.137085,0.781378,0.781378
6.047118,8.629796,2.645617,5.137085,0.781378,0.781378
3.023562,6.182787,3.212526,7.621215,2.672487,2.672487
3.212526,6.182787,3.023562,7.621215,2.672487,2.672487
3.023562,6.745532,3.779450,5.981281,2.536931,2.536931
3.779450,6.745532,3.023562,5.981281,2.536931,2.536931
3.023562,7.121069,4.157402,5.426977,2.391227,2.391227
4.157402,7.121069,3.023562,5.426977,2.391227,2.391227
3.023562,8.060872,5.102260,5.123449,2.262349,2.262349
5.102260,8.060872,3.023562,5.123449,2.262349,2.262349
3.023562,9.001735,6.047118,5.088616,2.247128,2.247128
6.047118,9.001735,3.023562,5.088616,2.247128,2.247128
3.779450,7.494234,3.779452,5.617471,4.392525,4.392525
3.779452,7.494234,3.779450,5.617471,4.392525,4.392525
3.779452,7.869109,4.157402,5.357909,4.540440,4.540440
4.157402,7.869109,3.779452,5.357909,4.540440,4.540440
3.779452,8.807421,5.102260,5.264312,4.620143,4.620143
5.102260,8.807421,3.779452,5.264312,4.620143,4.620143
3.779452,9.746998,6.047118,5.235223,4.610169,4.610169
6.047118,9.746998,3.779452,5.235223,4.610169,4.610169
4.535343,9.555439,5.102260,5.124058,5.019700,5.019700
5.102260,9.555439,4.535343,5.124058,5.019700,5.019700
4.535343,10.493782,6.047118,5.130165,5.044678,5.044678
6.047118,10.493782,4.535343,5.130165,5.044678,5.044678
5.291233,11.241783,6.047118,5.156412,5.114927,5.114927
6.047118,11.241783,5.291233,5.156412,5.114927,5.114927
