R1,R2,R3,ETriat,E,ENew
1.511777,2.883619,1.511781,20.577033,46.173546,46.173546
1.511781,2.883619,1.511777,20.577033,46.173546,46.173546
1.511781,3.064382,1.700760,20.057560,34.848574,34.848574
1.700760,3.064382,1.511781,20.057560,34.848574,34.848574
1.511781,3.246064,1.889727,19.233285,29.303518,29.303518
1.889727,3.246064,1.511781,19.233285,29.303518,29.303518
1.511781,3.428544,2.078699,17.980439,26.426265,26.426265
2.078699,3.428544,1.511781,17.980439,26.426265,26.426265
1.511781,3.611682,2.267666,16.745197,25.095681,25.095681
2.267666,3.611682,1.511781,16.745197,25.095681,25.095681
1.511781,3.795408,2.456648,15.212747,24.163526,24.163526
2.456648,3.795408,1.511781,15.212747,24.163526,24.163526
1.511781,3.979610,2.645615,12.313723,22.119081,22.119081
2.645615,3.979610,1.511781,12.313723,22.119081,22.119081
1.511781,4.164248,2.834587,10.067452,20.769503,20.769503
2.834587,4.164248,1.511781,10.067452,20.769503,20.769503
1.511781,4.534595,3.212537,7.095887,19.408304,19.408304
3.212537,4.534595,1.511781,7.095887,19.408304,19.408304
1.511781,5.092193,3.779443,5.496720,19.347377,19.347377
3.779443,5.092193,1.511781,5.496720,19.347377,19.347377
1.511781,5.465001,4.157393,5.319665,19.585489,19.585489
4.157393,5.465001,1.511781,5.319665,19.585489,19.585489
1.511781,6.399659,5.102264,5.389689,19.842032,19.842032
5.102264,6.399659,1.511781,5.389689,19.842032,19.842032
1.511781,7.336925,6.047124,5.434690,19.911284,19.911284
6.047124,7.336925,1.511781,5.434690,19.911284,19.911284
1.889726,3.604526,1.889727,19.256535,13.441228,13.441228
1.889727,3.604526,1.889726,19.256535,13.441228,13.441228
1.889726,3.785183,2.078699,17.977101,10.300669,10.300669
2.078699,3.785183,1.889726,17.977101,10.300669,10.300669
1.889726,3.966603,2.267666,16.301256,8.298461,8.298461
2.267666,3.966603,1.889726,16.301256,8.298461,8.298461
1.889726,4.148715,2.456648,14.152002,6.551928,6.551928
2.456648,4.148715,1.889726,14.152002,6.551928,6.551928
1.889726,4.331398,2.645615,12.285626,5.390550,5.390550
2.645615,4.331398,1.889726,12.285626,5.390550,5.390550
1.889726,4.514609,2.834587,10.557074,4.457788,4.457788
2.834587,4.514609,1.889726,10.557074,4.457788,4.457788
1.889726,4.882346,3.212537,8.003844,3.421689,3.421689
3.212537,4.882346,1.889726,8.003844,3.421689,3.421689
1.889726,5.436562,3.779443,6.060579,2.992861,2.992861
3.779443,5.436562,1.889726,6.060579,2.992861,2.992861
1.889726,5.807411,4.157393,5.554721,2.900669,2.900669
4.157393,5.807411,1.889726,5.554721,2.900669,2.900669
1.889726,6.737988,5.102264,5.320424,2.849152,2.849152
5.102264,6.737988,1.889726,5.320424,2.849152,2.849152
1.889726,7.672051,6.047124,5.303342,2.854530,2.854530
6.047124,7.672051,1.889726,5.303342,2.854530,2.854530
2.267666,4.325428,2.267671,14.042101,3.499961,3.499961
2.267671,4.325428,2.267666,14.042101,3.499961,3.499961
2.267671,4.506022,2.456648,12.903793,2.660128,2.660128
2.456648,4.506022,2.267671,12.903793,2.660128,2.660128
2.267671,4.687261,2.645615,11.602698,2.000300,2.000300
2.645615,4.687261,2.267671,11.602698,2.000300,2.000300
2.267671,4.869098,2.834587,10.175488,1.334140,1.334140
2.834587,4.869098,2.267671,10.175488,1.334140,1.334140
2.267671,5.234285,3.212537,8.006518,0.658571,0.658571
3.212537,5.234285,2.267671,8.006518,0.658571,0.658571
2.267671,5.785124,3.779443,6.051355,0.213655,0.213655
3.779443,5.785124,2.267671,6.051355,0.213655,0.213655
2.267671,6.153983,4.157393,5.503822,0.078272,0.078272
4.157393,6.153983,2.267671,5.503822,0.078272,0.078272
2.267671,7.080326,5.102264,5.228972,-0.017085,-0.017085
5.102264,7.080326,2.267671,5.228972,-0.017085,-0.017085
2.267671,8.010990,6.047124,5.204592,-0.020208,-0.020208
6.047124,8.010990,2.267671,5.204592,-0.020208,-0.020208
2.645615,5.046335,2.645617,10.355977,1.640595,1.640595
2.645617,5.046335,2.645615,10.355977,1.640595,1.640595
2.645617,5.226875,2.834587,9.412826,1.451093,1.451093
2.834587,5.226875,2.645617,9.412826,1.451093,1.451093
2.645617,5.589621,3.212537,7.709546,1.237395,1.237395
3.212537,5.589621,2.645617,7.709546,1.237395,1.237395
2.645617,6.137166,3.779443,5.964951,1.000887,1.000887
3.779443,6.137166,2.645617,5.964951,1.000887,1.000887
2.645617,6.504050,4.157393,5.435394,0.881853,0.881853
4.157393,6.504050,2.645617,5.435394,0.881853,0.881853
2.645617,7.426118,5.102264,5.161057,0.784587,0.784587
5.102264,7.426118,2.645617,5.161057,0.784587,0.784587
2.645617,8.353276,6.047124,5.135528,0.779513,0.779513
6.047124,8.353276,2.645617,5.135528,0.779513,0.779513
3.023562,5.947745,3.212537,7.197174,2.245220,2.245220
3.212537,5.947745,3.023562,7.197174,2.245220,2.245220
3.023562,6.492121,3.779443,5.843872,2.397559,2.397559
3.779443,6.492121,3.023562,5.843872,2.397559,2.397559
3.023562,6.857078,4.157393,5.374243,2.337152,2.337152
4.157393,6.857078,3.023562,5.374243,2.337152,2.337152
3.023562,7.774904,5.102264,5.114845,2.253199,2.253199
5.102264,7.774904,3.023562,5.114845,2.253199,2.253199
3.023562,8.698516,6.047124,5.089339,2.247605,2.247605
6.047124,8.698516,3.023562,5.089339,2.247605,2.247605
3.779443,7.209046,3.779452,5.512688,4.286760,4.286760
3.779452,7.209046,3.779443,5.512688,4.286760,4.286760
3.779452,7.570354,4.157393,5.307309,4.489140,4.489140
4.157393,7.570354,3.779452,5.307309,4.489140,4.489140
3.779452,8.479976,5.102264,5.258299,4.613812,4.613812
5.102264,8.479976,3.779452,5.258299,4.613812,4.613812
3.779452,9.396550,6.047124,5.235986,4.610776,4.610776
6.047124,9.396550,3.779452,5.235986,4.610776,4.610776
4.535343,9.193128,5.102264,5.139034,5.034487,5.034487
5.102264,9.193128,4.535343,5.139034,5.034487,5.034487
4.535343,10.102914,6.047124,5.132302,5.046716,5.046716
6.047124,10.102914,4.535343,5.132302,5.046716,5.046716
5.291233,10.815975,6.047124,5.156650,5.115101,5.115101
6.047124,10.815975,5.291233,5.156650,5.115101,5.115101
