R1,R2,R3,ETriat,E,ENew
2.200020,4.006940,2.282033,12.974488,2.309356,2.309356
2.282033,4.006940,2.200020,12.974488,2.309356,2.309356
2.282033,4.185889,2.400014,11.848510,1.362847,1.362847
2.400014,4.185889,2.282033,11.848510,1.362847,1.362847
2.282033,4.366682,2.600019,10.740654,0.911037,0.911037
2.600019,4.366682,2.282033,10.740654,0.911037,0.911037
2.282033,4.549067,2.800013,9.630638,0.617592,0.617592
2.800013,4.549067,2.282033,9.630638,0.617592,0.617592
2.282033,4.732875,3.000007,8.432751,0.252119,0.252119
3.000007,4.732875,2.282033,8.432751,0.252119,0.252119
2.282033,4.917962,3.200013,7.496239,0.091672,0.091672
3.200013,4.917962,2.282033,7.496239,0.091672,0.091672
2.282033,5.104169,3.400022,6.792545,0.059149,0.059149
3.400022,5.104169,2.282033,6.792545,0.059149,0.059149
2.282033,5.291389,3.600027,6.255950,0.056330,0.056330
3.600027,5.291389,2.282033,6.255950,0.056330,0.056330
2.282033,5.479497,3.800021,5.858247,0.045402,0.045402
3.800021,5.479497,2.282033,5.858247,0.045402,0.045402
2.282033,5.668435,4.000026,5.581776,0.023070,0.023070
4.000026,5.668435,2.282033,5.581776,0.023070,0.023070
2.282033,5.858092,4.200020,5.410254,0.002819,0.002819
4.200020,5.858092,2.282033,5.410254,0.002819,0.002819
2.282033,6.048414,4.400014,5.313539,-0.011968,-0.011968
4.400014,6.048414,2.282033,5.313539,-0.011968,-0.011968
2.282033,6.239357,4.600019,5.262663,-0.021812,-0.021812
4.600019,6.239357,2.282033,5.262663,-0.021812,-0.021812
2.282033,6.430848,4.800028,5.237081,-0.027449,-0.027449
4.800028,6.430848,2.282033,5.237081,-0.027449,-0.027449
2.282033,6.622845,5.000034,5.223928,-0.030095,-0.030095
5.000034,6.622845,2.282033,5.223928,-0.030095,-0.030095
2.282033,6.815288,5.200027,5.216340,-0.030832,-0.030832
5.200027,6.815288,2.282033,5.216340,-0.030832,-0.030832
2.282033,7.008169,5.400033,5.211237,-0.030398,-0.030398
5.400033,7.008169,2.282033,5.211237,-0.030398,-0.030398
2.282033,7.201423,5.600027,5.207277,-0.029444,-0.029444
5.600027,7.201423,2.282033,5.207277,-0.029444,-0.029444
2.282033,7.395036,5.800021,5.204167,-0.028187,-0.028187
5.800021,7.395036,2.282033,5.204167,-0.028187,-0.028187
2.282033,7.588995,6.000026,5.201698,-0.026886,-0.026886
6.000026,7.588995,2.282033,5.201698,-0.026886,-0.026886
2.282033,8.075173,6.500037,5.197865,-0.023894,-0.023894
6.500037,8.075173,2.282033,5.197865,-0.023894,-0.023894
2.282033,8.562932,7.000033,5.196175,-0.021595,-0.021595
7.000033,8.562932,2.282033,5.196175,-0.021595,-0.021595
2.282033,9.052038,7.500045,5.195626,-0.019817,-0.019817
7.500045,9.052038,2.282033,5.195626,-0.019817,-0.019817
2.282033,9.542263,8.000041,5.195474,-0.018560,-0.018560
8.000041,9.542263,2.282033,5.195474,-0.018560,-0.018560
2.282033,10.033452,8.500037,5.195501,-0.017649,-0.017649
8.500037,10.033452,2.282033,5.195501,-0.017649,-0.017649
2.282033,10.525483,9.000048,5.195579,-0.016999,-0.016999
9.000048,10.525483,2.282033,5.195579,-0.016999,-0.016999
2.282033,11.018220,9.500044,5.195677,-0.016522,-0.016522
9.500044,11.018220,2.282033,5.195677,-0.016522,-0.016522
2.282033,11.511582,10.000041,5.195810,-0.016131,-0.016131
10.000041,11.511582,2.282033,5.195810,-0.016131,-0.016131
