R1,R2,R3,ETriat,E,ENew
1.511781,1.849118,1.700749,48.147885,63.990777,63.990777
1.700749,1.849118,1.511781,48.147885,63.990777,63.990777
1.511781,1.975431,1.889721,44.707853,53.055475,53.055475
1.889721,1.975431,1.511781,44.707853,53.055475,53.055475
1.511781,2.111123,2.078694,40.121935,45.146294,45.146294
2.078694,2.111123,1.511781,40.121935,45.146294,45.146294
1.511781,2.254501,2.267667,34.485208,38.567090,38.567090
2.267667,2.254501,1.511781,34.485208,38.567090,38.567090
1.511781,2.404185,2.456646,27.926095,32.383367,32.383367
2.456646,2.404185,1.511781,27.926095,32.383367,32.383367
1.511781,2.559079,2.645618,22.353291,27.856327,27.856327
2.645618,2.559079,1.511781,22.353291,27.856327,27.856327
1.511781,2.718287,2.834591,17.674163,24.516033,24.516033
2.834591,2.718287,1.511781,17.674163,24.516033,24.516033
1.511781,2.834585,2.971886,14.990455,22.859090,22.859090
2.971886,2.834585,1.511781,14.990455,22.859090,22.859090
1.511781,3.046925,3.212536,11.232007,20.881426,20.881426
3.212536,3.046925,1.511781,11.232007,20.881426,20.881426
1.511781,3.558286,3.779461,6.143910,18.968028,18.968028
3.779461,3.558286,1.511781,6.143910,18.968028,18.968028
1.511781,3.907702,4.157388,4.982418,18.843746,18.843746
4.157388,3.907702,1.511781,4.982418,18.843746,18.843746
1.511781,4.157397,4.423735,4.762777,18.958097,18.958097
4.423735,4.157397,1.511781,4.762777,18.958097,18.958097
1.511781,4.800229,5.102258,5.340060,19.757732,19.757732
5.102258,4.800229,1.511781,5.340060,19.757732,19.757732
1.511781,5.709624,6.047127,5.426856,19.888084,19.888084
6.047127,5.709624,1.511781,5.426856,19.888084,19.888084
1.889721,2.167801,1.889726,39.975341,30.058140,30.058140
1.889726,2.167801,1.889721,39.975341,30.058140,30.058140
1.889726,2.281452,2.078694,35.595805,23.309686,23.309686
2.078694,2.281452,1.889726,35.595805,23.309686,23.309686
1.889726,2.404601,2.267667,31.695215,18.975877,18.975877
2.267667,2.404601,1.889726,31.695215,18.975877,18.975877
1.889726,2.535856,2.456646,27.649132,15.532115,15.532115
2.456646,2.535856,1.889726,27.649132,15.532115,15.532115
1.889726,2.674041,2.645618,22.735278,11.729343,11.729343
2.645618,2.674041,1.889726,22.735278,11.729343,11.729343
1.889726,2.818128,2.834591,18.702848,9.019736,9.019736
2.834591,2.818128,1.889726,18.702848,9.019736,9.019736
1.889726,3.120706,3.212536,12.552891,5.561318,5.561318
3.212536,3.120706,1.889726,12.552891,5.561318,5.561318
1.889726,3.601373,3.779461,7.662945,3.662056,3.662056
3.779461,3.601373,1.889726,7.662945,3.662056,3.662056
1.889726,3.934579,4.157388,6.272451,3.239213,3.239213
4.157388,3.934579,1.889726,6.272451,3.239213,3.239213
1.889726,4.796738,5.102258,5.395579,2.886662,2.886662
5.102258,4.796738,1.889726,5.395579,2.886662,2.886662
1.889726,5.685247,6.047127,5.319824,2.854226,2.854226
6.047127,5.685247,1.889726,5.319824,2.854226,2.854226
1.551189,2.267671,2.267672,34.892298,35.838837,35.838837
2.267672,2.267671,1.551189,34.892298,35.838837,35.838837
2.267667,2.601368,2.267671,25.735141,10.813796,10.813796
2.267671,2.601368,2.267667,25.735141,10.813796,10.813796
2.003921,2.456642,2.267671,29.930572,15.734756,15.734756
2.267671,2.456642,2.003921,29.930572,15.734756,15.734756
2.267671,2.714169,2.456646,22.902971,8.659380,8.659380
2.456646,2.714169,2.267671,22.902971,8.659380,8.659380
2.267671,2.835100,2.645618,20.307397,7.167785,7.167785
2.645618,2.835100,2.267671,20.307397,7.167785,7.167785
2.267671,2.963155,2.834591,17.091425,5.221820,5.221820
2.834591,2.963155,2.267671,17.091425,5.221820,5.221820
2.267671,3.237212,3.212536,12.151718,2.810298,2.810298
3.212536,3.237212,2.267671,12.151718,2.810298,2.810298
2.267671,3.682941,3.779461,7.632568,1.028076,1.028076
3.779461,3.682941,2.267671,7.632568,1.028076,1.028076
2.267671,3.997171,4.157388,6.208231,0.464560,0.464560
4.157388,3.997171,2.267671,6.208231,0.464560,0.464560
2.267671,4.822954,5.102258,5.320980,0.036903,0.036903
5.102258,4.822954,2.267671,5.320980,0.036903,0.036903
2.267671,5.685943,6.047127,5.227310,-0.014961,-0.014961
6.047127,5.685943,2.267671,5.227310,-0.014961,-0.014961
1.809705,2.645610,2.645617,22.843025,13.496474,13.496474
2.645617,2.645610,1.809705,22.843025,13.496474,13.496474
2.645617,3.034925,2.645618,16.218257,4.754789,4.754789
2.645618,3.034925,2.645617,16.218257,4.754789,4.754789
2.645617,3.147128,2.834591,14.444894,4.162652,4.162652
2.834591,3.147128,2.645617,14.444894,4.162652,4.162652
2.645617,3.392045,3.212536,10.749398,2.784583,2.784583
3.212536,3.392045,2.645617,10.749398,2.784583,2.784583
2.645617,3.800514,3.779461,7.167558,1.638730,1.638730
3.779461,3.800514,2.645617,7.167558,1.638730,1.638730
2.645617,4.093840,4.157388,6.013606,1.221047,1.221047
4.157388,4.093840,2.645617,6.013606,1.221047,1.221047
2.645617,4.878397,5.102258,5.250005,0.837014,0.837014
5.102258,4.878397,2.645617,5.250005,0.837014,0.837014
2.645617,5.711703,6.047127,5.157673,0.784153,0.784153
6.047127,5.711703,2.645617,5.157673,0.784153,0.784153
3.023562,3.580234,3.212536,9.412184,3.468782,3.468782
3.212536,3.580234,3.023562,9.412184,3.468782,3.468782
3.023562,3.950879,3.779461,6.716666,2.900669,2.900669
3.779461,3.950879,3.023562,6.716666,2.900669,2.900669
3.023562,4.222246,4.157388,5.812577,2.613382,2.613382
4.157388,4.222246,3.023562,5.812577,2.613382,2.613382
3.023562,4.962088,5.102258,5.198729,2.303068,2.303068
5.102258,4.962088,3.023562,5.198729,2.303068,2.303068
3.023562,5.762190,6.047127,5.110862,2.252159,2.252159
6.047127,5.762190,3.023562,5.110862,2.252159,2.252159
2.585305,3.779452,3.779460,7.245574,1.463799,1.463799
3.779460,3.779452,2.585305,7.245574,1.463799,1.463799
3.779452,4.335617,3.779461,5.820927,4.478819,4.478819
3.779461,4.335617,3.779452,5.820927,4.478819,4.478819
3.779452,4.562903,4.157388,5.532969,4.650671,4.650671
4.157388,4.562903,3.779452,5.532969,4.650671,4.650671
3.779452,5.208310,5.102258,5.219654,4.547074,4.547074
5.102258,5.208310,3.779452,5.219654,4.547074,4.547074
3.779452,5.934514,6.047127,5.242677,4.602884,4.602884
6.047127,5.934514,3.779452,5.242677,4.602884,4.602884
4.535343,5.547378,5.102258,5.159769,5.033837,5.033837
5.102258,5.547378,4.535343,5.159769,5.033837,5.033837
4.535343,6.194903,6.047127,5.138167,5.041339,5.041339
6.047127,6.194903,4.535343,5.138167,5.041339,5.041339
5.291233,6.532834,6.047127,5.162158,5.112673,5.112673
6.047127,6.532834,5.291233,5.162158,5.112673,5.112673
