R1,R2,R3,ETriat,E,ENew
1.511781,3.020692,1.511788,20.224689,46.373802,46.373802
1.511788,3.020692,1.511781,20.224689,46.373802,46.373802
1.511781,3.209496,1.700762,20.078879,35.415126,35.415126
1.700762,3.209496,1.511781,20.078879,35.415126,35.415126
1.511781,3.398301,1.889718,19.498590,30.065208,30.065208
1.889718,3.398301,1.511781,19.498590,30.065208,30.065208
1.511781,3.587140,2.078691,18.551799,27.412929,27.412929
2.078691,3.587140,1.511781,18.551799,27.412929,27.412929
1.511781,3.775992,2.267665,17.115006,25.783436,25.783436
2.267665,3.775992,1.511781,17.115006,25.783436,25.783436
1.511781,3.964856,2.456638,14.556196,23.728974,23.728974
2.456638,3.964856,1.511781,14.556196,23.728974,23.728974
1.511781,4.153730,2.645612,11.918367,21.865011,21.865011
2.645612,4.153730,1.511781,11.918367,21.865011,21.865011
1.511781,4.342612,2.834585,9.880104,20.664172,20.664172
2.834585,4.342612,1.511781,9.880104,20.664172,20.664172
1.511781,4.720399,3.212532,7.558791,19.893114,19.893114
3.212532,4.720399,1.511781,7.558791,19.893114,19.893114
1.511781,5.287123,3.779453,6.092301,19.947753,19.947753
3.779453,5.287123,1.511781,6.092301,19.947753,19.947753
1.511781,5.664961,4.157400,5.953130,20.222899,20.222899
4.157400,5.664961,1.511781,5.953130,20.222899,20.222899
1.511781,6.609610,5.102269,5.459402,19.913582,19.913582
5.102269,6.609610,1.511781,5.459402,19.913582,19.913582
1.511781,7.554295,6.047118,5.448636,19.925898,19.925898
6.047118,7.554295,1.511781,5.448636,19.925898,19.925898
1.889718,3.775847,1.889726,19.255359,13.774004,13.774004
1.889726,3.775847,1.889718,19.255359,13.774004,13.774004
1.889726,3.964648,2.078691,18.287140,10.848878,10.848878
2.078691,3.964648,1.889726,18.287140,10.848878,10.848878
1.889726,4.153467,2.267665,17.084627,9.236470,9.236470
2.267665,4.153467,1.889726,17.084627,9.236470,9.236470
1.889726,4.342298,2.456638,14.599468,7.090900,7.090900
2.456638,4.342298,1.889726,14.599468,7.090900,7.090900
1.889726,4.531141,2.645612,12.500097,5.654724,5.654724
2.645612,4.531141,1.889726,12.500097,5.654724,5.654724
1.889726,4.719995,2.834585,10.854774,4.780807,4.780807
2.834585,4.719995,1.889726,10.854774,4.780807,4.780807
1.889726,5.097729,3.212532,8.453880,3.879180,3.879180
3.212532,5.097729,1.889726,8.453880,3.879180,3.879180
1.889726,5.664383,3.779453,6.291338,3.228155,3.228155
3.779453,5.664383,1.889726,6.291338,3.228155,3.228155
1.889726,6.042181,4.157400,5.668246,3.017882,3.017882
4.157400,6.042181,1.889726,5.668246,3.017882,3.017882
1.889726,6.986745,5.102269,5.338703,2.868883,2.868883
5.102269,6.986745,1.889726,5.338703,2.868883,2.868883
1.889726,7.931363,6.047118,5.305867,2.857608,2.857608
6.047118,7.931363,1.889726,5.305867,2.857608,2.857608
2.267665,4.531019,2.267671,14.991923,4.501585,4.501585
2.267671,4.531019,2.267665,14.991923,4.501585,4.501585
2.267671,4.719820,2.456638,13.451392,3.234573,3.234573
2.456638,4.719820,2.267671,13.451392,3.234573,3.234573
2.267671,4.908635,2.645612,11.961974,2.373448,2.373448
2.645612,4.908635,2.267671,11.961974,2.373448,2.373448
2.267671,5.097460,2.834585,10.647715,1.814441,1.814441
2.834585,5.097460,2.267671,10.647715,1.814441,1.814441
2.267671,5.475143,3.212532,8.434862,1.092125,1.092125
3.212532,5.475143,2.267671,8.434862,1.092125,1.092125
2.267671,6.041729,3.779453,6.217132,0.383512,0.383512
3.779453,6.041729,2.267671,6.217132,0.383512,0.383512
2.267671,6.419486,4.157400,5.581085,0.158496,0.158496
4.157400,6.419486,2.267671,5.581085,0.158496,0.158496
2.267671,7.363964,5.102269,5.241350,-0.003599,-0.003599
5.102269,7.363964,2.267671,5.241350,-0.003599,-0.003599
2.267671,8.308511,6.047118,5.206397,-0.017953,-0.017953
6.047118,8.308511,2.267671,5.206397,-0.017953,-0.017953
2.645612,5.286192,2.645617,10.525149,1.815829,1.815829
2.645617,5.286192,2.645612,10.525149,1.815829,1.815829
2.645617,5.474992,2.834585,9.730239,1.773896,1.773896
2.834585,5.474992,2.645617,9.730239,1.773896,1.773896
2.645617,5.852625,3.212532,8.143600,1.676197,1.676197
3.212532,5.852625,2.645617,8.143600,1.676197,1.676197
2.645617,6.419145,3.779453,6.117921,1.157041,1.157041
3.779453,6.419145,2.645617,6.117921,1.157041,1.157041
2.645617,6.796862,4.157400,5.504025,0.952666,0.952666
4.157400,6.796862,2.645617,5.504025,0.952666,0.952666
2.645617,7.741253,5.102269,5.173052,0.797423,0.797423
5.102269,7.741253,2.645617,5.173052,0.797423,0.797423
2.645617,8.685728,6.047118,5.138073,0.782419,0.782419
6.047118,8.685728,2.645617,5.138073,0.782419,0.782419
3.023562,6.230164,3.212532,7.624309,2.676173,2.676173
3.212532,6.230164,3.023562,7.624309,2.676173,2.676173
3.023562,6.796620,3.779453,6.014771,2.570755,2.570755
3.779453,6.796620,3.023562,6.014771,2.570755,2.570755
3.023562,7.174298,4.157400,5.442018,2.406492,2.406492
4.157400,7.174298,3.023562,5.442018,2.406492,2.406492
3.023562,8.118603,5.102269,5.127606,2.266599,2.266599
5.102269,8.118603,3.023562,5.127606,2.266599,2.266599
3.023562,9.063006,6.047118,5.088227,2.246782,2.246782
6.047118,9.063006,3.023562,5.088227,2.246782,2.246782
3.779452,7.551711,3.779453,5.652342,4.427563,4.427563
3.779453,7.551711,3.779452,5.652342,4.427563,4.427563
3.779452,7.929316,4.157400,5.373318,4.555964,4.555964
4.157400,7.929316,3.779452,5.373318,4.555964,4.555964
3.779452,8.873455,5.102269,5.266123,4.622008,4.622008
5.102269,8.873455,3.779452,5.266123,4.622008,4.622008
3.779452,9.817716,6.047118,5.234980,4.609952,4.609952
6.047118,9.817716,3.779452,5.234980,4.609952,4.609952
4.535343,9.628470,5.102269,5.117217,5.012892,5.012892
5.102269,9.628470,4.535343,5.117217,5.012892,5.012892
4.535343,10.572594,6.047118,5.129888,5.044417,5.044417
6.047118,10.572594,4.535343,5.129888,5.044417,5.044417
5.291233,11.327608,6.047118,5.156401,5.114927,5.114927
6.047118,11.327608,5.291233,5.156401,5.114927,5.114927
