R1,R2,R3,ETriat,E,ENew
1.511781,2.137981,1.511781,38.069835,62.109512,62.109512
1.511781,2.137981,1.511781,38.069835,62.109512,62.109512
1.511781,2.275532,1.700754,35.038296,47.284969,47.284969
1.700754,2.275532,1.511781,35.038296,47.284969,47.284969
1.511781,2.420030,1.889726,31.556715,38.572814,38.572814
1.889726,2.420030,1.511781,31.556715,38.572814,38.572814
1.511781,2.570305,2.078699,27.815627,33.055034,33.055034
2.078699,2.570305,1.511781,27.815627,33.055034,33.055034
1.511781,2.725402,2.267671,24.011491,29.264273,29.264273
2.267671,2.725402,1.511781,24.011491,29.264273,29.264273
1.511781,2.884542,2.456644,19.663839,25.811796,25.811796
2.456644,2.884542,1.511781,19.663839,25.811796,25.811796
1.511781,3.047092,2.645617,15.596464,23.015721,23.015721
2.645617,3.047092,1.511781,15.596464,23.015721,23.015721
1.511781,3.212534,2.834589,12.473197,21.265372,21.265372
2.834589,3.212534,1.511781,12.473197,21.265372,21.265372
1.511781,3.550473,3.212534,8.112909,19.418754,19.418754
3.212534,3.550473,1.511781,8.112909,19.418754,19.418754
1.511781,4.070595,3.779452,5.187714,18.805456,18.805456
3.779452,4.070595,1.511781,5.187714,18.805456,18.805456
1.511781,4.423735,4.157397,4.762777,18.958097,18.958097
4.157397,4.423735,1.511781,4.762777,18.958097,18.958097
1.511781,5.321517,5.102261,5.395568,19.830410,19.830410
5.102261,5.321517,1.511781,5.395568,19.830410,19.830410
1.511781,6.233232,6.047124,5.434834,19.903955,19.903955
6.047124,6.233232,1.511781,5.434834,19.903955,19.903955
1.889726,2.672476,1.889726,25.960345,16.856802,16.856802
1.889726,2.672476,1.889726,25.960345,16.856802,16.856802
1.889726,2.809280,2.078699,22.805429,12.035667,12.035667
2.078699,2.809280,1.889726,22.805429,12.035667,12.035667
1.889726,2.951847,2.267671,19.907180,9.151346,9.151346
2.267671,2.951847,1.889726,19.907180,9.151346,9.151346
1.889726,3.099381,2.456644,17.233242,7.312187,7.312187
2.456644,3.099381,1.889726,17.233242,7.312187,7.312187
1.889726,3.251208,2.645617,14.478704,5.732086,5.732086
2.645617,3.251208,1.889726,14.478704,5.732086,5.732086
1.889726,3.406752,2.834589,12.106127,4.612077,4.612077
2.834589,3.406752,1.889726,12.106127,4.612077,4.612077
1.889726,3.727123,3.212534,8.696801,3.453475,3.453475
3.212534,3.727123,1.889726,8.696801,3.453475,3.453475
1.889726,3.779451,3.273100,8.304305,3.363061,3.363061
3.273100,3.779451,1.889726,8.304305,3.363061,3.363061
1.889726,4.225556,3.779452,6.290963,3.081367,3.081367
3.779452,4.225556,1.889726,6.290963,3.081367,3.081367
1.889726,4.566730,4.157397,5.665211,2.961943,2.961943
4.157397,4.566730,1.889726,5.665211,2.961943,2.961943
1.889726,5.440968,5.102261,5.352837,2.863853,2.863853
5.102261,5.440968,1.889726,5.352837,2.863853,2.863853
1.889726,6.335516,6.047124,5.310733,2.854616,2.854616
6.047124,6.335516,1.889726,5.310733,2.854616,2.854616
2.267671,3.206972,2.267671,15.856321,3.308248,3.308248
2.267671,3.206972,2.267671,15.856321,3.308248,3.308248
2.267671,3.343267,2.456644,14.047858,2.214779,2.214779
2.456644,3.343267,2.267671,14.047858,2.214779,2.214779
2.267671,3.484483,2.645617,12.407566,1.609025,1.609025
2.645617,3.484483,2.267671,12.407566,1.609025,1.609025
2.267671,3.630045,2.834589,10.902519,1.207561,1.207561
2.834589,3.630045,2.267671,10.902519,1.207561,1.207561
2.267671,3.212530,2.271605,15.788280,3.259117,3.259117
2.271605,3.212530,2.267671,15.788280,3.259117,3.259117
2.267671,3.932265,3.212534,8.241767,0.523492,0.523492
3.212534,3.932265,2.267671,8.241767,0.523492,0.523492
2.267671,4.407561,3.779452,6.159897,0.241408,0.241408
3.779452,4.407561,2.267671,6.159897,0.241408,0.241408
2.267671,4.735640,4.157397,5.575881,0.114048,0.114048
4.157397,4.735640,2.267671,5.575881,0.114048,0.114048
2.267671,5.583493,5.102261,5.257373,-0.005421,-0.005421
5.102261,5.583493,2.267671,5.257373,-0.005421,-0.005421
2.267671,6.458331,6.047124,5.213465,-0.018126,-0.018126
6.047124,6.458331,2.267671,5.213465,-0.018126,-0.018126
2.645617,3.741467,2.645617,10.198934,0.842044,0.842044
2.645617,3.741467,2.645617,10.198934,0.842044,0.842044
2.645617,3.877394,2.834589,9.265486,0.866025,0.866025
2.834589,3.877394,2.645617,9.265486,0.866025,0.866025
2.645617,4.161690,3.212534,7.636988,0.984582,0.984582
3.212534,4.161690,2.645617,7.636988,0.984582,0.984582
2.645617,4.613409,3.779452,5.953781,0.941782,0.941782
3.779452,4.613409,2.645617,5.953781,0.941782,0.941782
2.645617,4.927803,4.157397,5.466826,0.883891,0.883891
4.157397,4.927803,2.645617,5.466826,0.883891,0.883891
2.645617,5.747378,5.102261,5.181931,0.790484,0.790484
5.102261,5.747378,2.645617,5.181931,0.790484,0.790484
2.645617,6.600530,6.047124,5.142225,0.780120,0.780120
6.047124,6.600530,2.645617,5.142225,0.780120,0.780120
3.023562,4.411610,3.212534,6.885887,1.851518,1.851518
3.212534,4.411610,3.023562,6.885887,1.851518,1.851518
3.023562,4.840060,3.779452,5.756471,2.276876,2.276876
3.779452,4.840060,3.023562,5.756471,2.276876,2.276876
3.023562,5.140611,4.157397,5.373228,2.310874,2.310874
4.157397,5.140611,3.023562,5.373228,2.310874,2.310874
3.023562,5.930851,5.102261,5.130826,2.256365,2.256365
5.102261,5.930851,3.023562,5.130826,2.256365,2.256365
3.023562,6.047121,5.236960,5.122616,2.253243,2.253243
5.236960,6.047121,3.023562,5.122616,2.253243,2.253243
3.023562,6.760890,6.047124,5.094957,2.247909,2.247909
6.047124,6.760890,3.023562,5.094957,2.247909,2.247909
3.779452,5.344953,3.779452,5.307035,4.058925,4.058925
3.779452,5.344953,3.779452,5.307035,4.058925,4.058925
3.779452,5.618560,4.157397,5.220584,4.384632,4.384632
4.157397,5.618560,3.779452,5.220584,4.384632,4.384632
3.779452,6.349592,5.102261,5.253587,4.600586,4.600586
5.102261,6.349592,3.779452,5.253587,4.600586,4.600586
3.779452,7.131056,6.047124,5.237514,4.608478,4.608478
6.047124,7.131056,3.779452,5.237514,4.608478,4.608478
4.535343,6.826595,5.102261,5.142485,5.032666,5.032666
5.102261,6.826595,4.535343,5.142485,5.032666,5.032666
4.535343,7.558904,6.047124,5.139398,5.051182,5.051182
6.047124,7.558904,4.535343,5.139398,5.051182,5.051182
5.291233,8.035226,6.047124,5.161056,5.117746,5.117746
6.047124,8.035226,5.291233,5.161056,5.117746,5.117746
