R1,R2,R3,ETriat,E,ENew
2.200005,3.816689,2.282033,12.801606,1.905029,1.905029
2.282033,3.816689,2.200005,12.801606,1.905029,1.905029
2.282033,3.987233,2.400010,11.608166,0.969795,0.969795
2.400010,3.987233,2.282033,11.608166,0.969795,0.969795
2.282033,4.160402,2.600015,10.477762,0.556015,0.556015
2.600015,4.160402,2.282033,10.477762,0.556015,0.556015
2.282033,4.335866,2.800012,9.396943,0.332820,0.332820
2.800012,4.335866,2.282033,9.396943,0.332820,0.332820
2.282033,4.513386,3.000017,8.316002,0.108844,0.108844
3.000017,4.513386,2.282033,8.316002,0.108844,0.108844
2.282033,4.692716,3.200022,7.339561,-0.078749,-0.078749
3.200022,4.692716,2.282033,7.339561,-0.078749,-0.078749
2.282033,4.873640,3.400018,6.676064,-0.065393,-0.065393
3.400018,4.873640,2.282033,6.676064,-0.065393,-0.065393
2.282033,5.056016,3.600024,6.181247,-0.024284,-0.024284
3.600024,5.056016,2.282033,6.181247,-0.024284,-0.024284
2.282033,5.239679,3.800029,5.813429,-0.004597,-0.004597
3.800029,5.239679,2.282033,5.813429,-0.004597,-0.004597
2.282033,5.424483,4.000025,5.556571,-0.006982,-0.006982
4.000025,5.424483,2.282033,5.556571,-0.006982,-0.006982
2.282033,5.610344,4.200030,5.396707,-0.015177,-0.015177
4.200030,5.610344,2.282033,5.396707,-0.015177,-0.015177
2.282033,5.797146,4.400035,5.306598,-0.022853,-0.022853
4.400035,5.797146,2.282033,5.306598,-0.022853,-0.022853
2.282033,5.984775,4.600015,5.259498,-0.028360,-0.028360
4.600015,5.984775,2.282033,5.259498,-0.028360,-0.028360
2.282033,6.173206,4.800020,5.236043,-0.031309,-0.031309
4.800020,6.173206,2.282033,5.236043,-0.031309,-0.031309
2.282033,6.362344,5.000025,5.223988,-0.032350,-0.032350
5.000025,6.362344,2.282033,5.223988,-0.032350,-0.032350
2.282033,6.552114,5.200022,5.216965,-0.032089,-0.032089
5.200022,6.552114,2.282033,5.216965,-0.032089,-0.032089
2.282033,6.742488,5.400027,5.212027,-0.031135,-0.031135
5.400027,6.742488,2.282033,5.212027,-0.031135,-0.031135
2.282033,6.933404,5.600032,5.208085,-0.029878,-0.029878
5.600032,6.933404,2.282033,5.208085,-0.029878,-0.029878
2.282033,7.124807,5.800028,5.204877,-0.028490,-0.028490
5.800028,7.124807,2.282033,5.204877,-0.028490,-0.028490
2.282033,7.316682,6.000034,5.202313,-0.027103,-0.027103
6.000034,7.316682,2.282033,5.202313,-0.027103,-0.027103
2.282033,7.798137,6.500029,5.198167,-0.024110,-0.024110
6.500029,7.798137,2.282033,5.198167,-0.024110,-0.024110
2.282033,8.281804,7.000042,5.196335,-0.021769,-0.021769
7.000042,8.281804,2.282033,5.196335,-0.021769,-0.021769
2.282033,8.767291,7.500038,5.195671,-0.019991,-0.019991
7.500038,8.767291,2.282033,5.195671,-0.019991,-0.019991
2.282033,9.254323,8.000033,5.195491,-0.018690,-0.018690
8.000033,9.254323,2.282033,5.195491,-0.018690,-0.018690
2.282033,9.742695,8.500055,5.195515,-0.017736,-0.017736
8.500055,9.742695,2.282033,5.195515,-0.017736,-0.017736
2.282033,10.232166,9.000050,5.195606,-0.017042,-0.017042
9.000050,10.232166,2.282033,5.195606,-0.017042,-0.017042
2.282033,10.722608,9.500046,5.195727,-0.016522,-0.016522
9.500046,10.722608,2.282033,5.195727,-0.016522,-0.016522
2.282033,11.213908,10.000059,5.195846,-0.016131,-0.016131
10.000059,11.213908,2.282033,5.195846,-0.016131,-0.016131
