R1,R2,R3,ETriat,E,ENew
1.700000,2.800000,3.935734,20.547762,9.195761,9.195761
2.800000,1.700000,3.935734,20.547762,9.195761,9.195761
1.800000,5.000000,6.102459,10.029439,2.193073,2.193073
5.000000,1.800000,6.102459,10.029439,2.193073,2.193073
1.800000,2.300000,3.559494,26.097133,7.733900,7.733900
2.300000,1.800000,3.559494,26.097133,7.733900,7.733900
1.800000,2.150000,3.425274,28.388237,8.917070,8.917070
2.150000,1.800000,3.425274,28.388237,8.917070,8.917070
1.600000,3.500000,4.517743,13.511554,10.567183,10.567183
3.500000,1.600000,4.517743,13.511554,10.567183,10.567183
1.600000,10.000000,10.888526,9.953303,8.963906,8.963906
10.000000,1.600000,10.888526,9.953303,8.963906,8.963906
1.600000,6.000000,6.939741,9.716085,8.691132,8.691132
6.000000,1.600000,6.939741,9.716085,8.691132,8.691132
1.800000,3.500000,4.667976,13.449616,3.845326,3.845326
3.500000,1.800000,4.667976,13.449616,3.845326,3.845326
1.900000,4.000000,5.216321,11.282272,1.428809,1.428809
4.000000,1.900000,5.216321,11.282272,1.428809,1.428809
1.900000,3.500000,4.744470,13.341306,2.331521,2.331521
3.500000,1.900000,4.744470,13.341306,2.331521,2.331521
2.000000,8.000000,9.165151,9.822937,0.038984,0.038984
8.000000,2.000000,9.165151,9.822937,0.038984,0.038984
2.150000,2.800000,4.299128,18.111514,2.479448,2.479448
2.800000,2.150000,4.299128,18.111514,2.479448,2.479448
1.900000,5.000000,6.173330,10.088869,0.825676,0.825676
5.000000,1.900000,6.173330,10.088869,0.825676,0.825676
1.900000,6.000000,7.142129,9.896574,0.728002,0.728002
6.000000,1.900000,7.142129,9.896574,0.728002,0.728002
2.000000,2.300000,3.726929,24.101521,4.090519,4.090519
2.300000,2.000000,3.726929,24.101521,4.090519,4.090519
2.500000,2.800000,4.592385,16.434640,2.990568,2.990568
2.800000,2.500000,4.592385,16.434640,2.990568,2.990568
1.800000,3.000000,4.200000,17.553360,5.305739,5.305739
3.000000,1.800000,4.200000,17.553360,5.305739,5.305739
1.900000,2.500000,3.822303,22.565904,4.764656,4.764656
2.500000,1.900000,3.822303,22.565904,4.764656,4.764656
2.000000,6.000000,7.211103,9.863155,0.049658,0.049658
6.000000,2.000000,7.211103,9.863155,0.049658,0.049658
1.700000,2.300000,3.477068,27.144540,11.075872,11.075872
2.300000,1.700000,3.477068,27.144540,11.075872,11.075872
2.800000,3.500000,5.467175,12.395525,5.156621,5.156621
3.500000,2.800000,5.467175,12.395525,5.156621,5.156621
1.800000,6.000000,7.073896,9.936746,2.196287,2.196287
6.000000,1.800000,7.073896,9.936746,2.196287,2.196287
1.900000,2.300000,3.642801,25.077027,5.513720,5.513720
2.300000,1.900000,3.642801,25.077027,5.513720,5.513720
1.700000,10.000000,10.949429,9.920351,4.770435,4.770435
10.000000,1.700000,10.949429,9.920351,4.770435,4.770435
2.000000,2.500000,3.905125,21.810709,3.501143,3.501143
2.500000,2.000000,3.905125,21.810709,3.501143,3.501143
1.700000,3.500000,4.592385,13.541978,6.467385,6.467385
3.500000,1.700000,4.592385,13.541978,6.467385,6.467385
3.000000,5.000000,7.000000,10.093542,5.872529,5.872529
5.000000,3.000000,7.000000,10.093542,5.872529,5.872529
1.700000,4.000000,5.068530,11.389329,5.501047,5.501047
4.000000,1.700000,5.068530,11.389329,5.501047,5.501047
2.500000,3.500000,5.220153,12.769673,3.225780,3.225780
3.500000,2.500000,5.220153,12.769673,3.225780,3.225780
2.150000,2.500000,4.030819,20.774758,2.618631,2.618631
2.500000,2.150000,4.030819,20.774758,2.618631,2.618631
1.800000,10.000000,11.010904,9.892598,2.186472,2.186472
10.000000,1.800000,11.010904,9.892598,2.186472,2.186472
1.800000,2.800000,4.014972,19.714727,5.910984,5.910984
2.800000,1.800000,4.014972,19.714727,5.910984,5.910984
2.000000,10.000000,11.135529,9.820545,0.040310,0.040310
10.000000,2.000000,11.135529,9.820545,0.040310,0.040310
2.000000,3.000000,4.358899,17.018804,2.809383,2.809383
3.000000,2.000000,4.358899,17.018804,2.809383,2.809383
1.600000,3.000000,4.044750,17.993949,12.311515,12.311515
3.000000,1.600000,4.044750,17.993949,12.311515,12.311515
1.800000,8.000000,9.035486,9.895163,2.185211,2.185211
8.000000,1.800000,9.035486,9.895163,2.185211,2.185211
1.700000,2.500000,3.659235,24.136632,9.975031,9.975031
2.500000,1.700000,3.659235,24.136632,9.975031,9.975031
2.150000,2.300000,3.854543,22.759626,2.978273,2.978273
2.300000,2.150000,3.854543,22.759626,2.978273,2.978273
1.800000,4.000000,5.141984,11.342195,2.908168,2.908168
4.000000,1.800000,5.141984,11.342195,2.908168,2.908168
2.300000,2.800000,4.423799,17.378508,2.483391,2.483391
2.800000,2.300000,4.423799,17.378508,2.483391,2.483391
1.700000,2.150000,3.341781,29.648329,12.403689,12.403689
2.150000,1.700000,3.341781,29.648329,12.403689,12.403689
2.300000,3.500000,5.058656,12.958326,2.017075,2.017075
3.500000,2.300000,5.058656,12.958326,2.017075,2.017075
1.900000,10.000000,11.072940,9.853174,0.718381,0.718381
10.000000,1.900000,11.072940,9.853174,0.718381,0.718381
1.600000,4.000000,4.995998,11.382321,9.642714,9.642714
4.000000,1.600000,4.995998,11.382321,9.642714,9.642714
2.300000,6.000000,7.422264,9.841687,0.676933,0.676933
6.000000,2.300000,7.422264,9.841687,0.676933,0.676933
2.000000,4.000000,5.291503,11.228162,0.737390,0.737390
4.000000,2.000000,5.291503,11.228162,0.737390,0.737390
2.800000,4.000000,5.919459,11.067829,4.920739,4.920739
4.000000,2.800000,5.919459,11.067829,4.920739,4.920739
1.700000,5.000000,6.032412,10.162025,4.879869,4.879869
5.000000,1.700000,6.032412,10.162025,4.879869,4.879869
2.300000,4.000000,5.521775,11.139170,1.314803,1.314803
4.000000,2.300000,5.521775,11.139170,1.314803,1.314803
1.900000,2.000000,3.377869,29.433017,8.366240,8.366240
2.000000,1.900000,3.377869,29.433017,8.366240,8.366240
2.000000,5.000000,6.244998,10.053021,0.146083,0.146083
5.000000,2.000000,6.244998,10.053021,0.146083,0.146083
1.900000,3.000000,4.279019,17.357068,3.741173,3.741173
3.000000,1.900000,4.279019,17.357068,3.741173,3.741173
1.900000,2.800000,4.095119,19.254176,4.111408,4.111408
2.800000,1.900000,4.095119,19.254176,4.111408,4.111408
1.800000,1.900000,3.204684,32.958742,13.183441,13.183441
1.900000,1.800000,3.204684,32.958742,13.183441,13.183441
1.600000,5.000000,5.963221,10.181510,9.057696,9.057696
5.000000,1.600000,5.963221,10.181510,9.057696,9.057696
2.300000,2.500000,4.158125,19.707249,2.345061,2.345061
2.500000,2.300000,4.158125,19.707249,2.345061,2.345061
2.000000,2.800000,4.176123,18.868822,3.157304,3.157304
2.800000,2.000000,4.176123,18.868822,3.157304,3.157304
2.000000,2.150000,3.594788,25.988399,4.989636,4.989636
2.150000,2.000000,3.594788,25.988399,4.989636,4.989636
1.700000,8.000000,8.971622,9.923005,4.769205,4.769205
8.000000,1.700000,8.971622,9.923005,4.769205,4.769205
2.300000,5.000000,6.464519,10.023905,0.768703,0.768703
5.000000,2.300000,6.464519,10.023905,0.768703,0.768703
1.900000,2.150000,3.509630,27.270981,6.662736,6.662736
2.150000,1.900000,3.509630,27.270981,6.662736,6.662736
1.900000,8.000000,9.100000,9.855655,0.717092,0.717092
8.000000,1.900000,9.100000,9.855655,0.717092,0.717092
1.800000,2.000000,3.292416,31.222384,11.221595,11.221595
2.000000,1.800000,3.292416,31.222384,11.221595,11.221595
1.700000,3.000000,4.121893,17.800634,8.039051,8.039051
3.000000,1.700000,4.121893,17.800634,8.039051,8.039051
2.500000,3.000000,4.769696,15.270190,3.252257,3.252257
3.000000,2.500000,4.769696,15.270190,3.252257,3.252257
1.600000,8.000000,8.908423,9.955273,8.961931,8.961931
8.000000,1.600000,8.908423,9.955273,8.961931,8.961931
2.150000,3.000000,4.480234,16.502028,2.342019,2.342019
3.000000,2.150000,4.480234,16.502028,2.342019,2.342019
1.600000,2.800000,3.857460,20.521604,13.208892,13.208892
2.800000,1.600000,3.857460,20.521604,13.208892,13.208892
2.300000,3.000000,4.603260,15.978030,2.531840,2.531840
3.000000,2.300000,4.603260,15.978030,2.531840,2.531840
1.700000,6.000000,7.006426,9.965195,4.780354,4.780354
6.000000,1.700000,7.006426,9.965195,4.780354,4.780354
1.800000,2.500000,3.740321,23.348426,6.815885,6.815885
2.500000,1.800000,3.740321,23.348426,6.815885,6.815885
3.000000,4.000000,6.082763,11.010179,6.237743,6.237743
4.000000,3.000000,6.082763,11.010179,6.237743,6.237743
2.800000,3.000000,5.023943,14.206492,4.524756,4.524756
3.000000,2.800000,5.023943,14.206492,4.524756,4.524756
