R1,R2,R3,ETriat,E,ENew
3.000000,3.000000,5.196152,13.601643,5.313839,5.313839
3.000000,3.000000,5.196152,13.601643,5.313839,5.313839
3.000000,3.250000,5.414102,12.820953,5.945415,5.945415
3.250000,3.000000,5.414102,12.820953,5.945415,5.945415
3.000000,3.500000,5.634714,12.161934,6.303245,6.303245
3.500000,3.000000,5.634714,12.161934,6.303245,6.303245
3.000000,3.750000,5.857687,11.579045,6.391138,6.391138
3.750000,3.000000,5.857687,11.579045,6.391138,6.391138
3.000000,4.000000,6.082763,11.098266,6.325830,6.325830
4.000000,3.000000,6.082763,11.098266,6.325830,6.325830
3.000000,4.500000,6.538348,10.467273,6.095622,6.095622
4.500000,3.000000,6.538348,10.467273,6.095622,6.095622
3.000000,5.000000,7.000000,10.184116,5.963103,5.963103
5.000000,3.000000,7.000000,10.184116,5.963103,5.963103
3.000000,5.500000,7.466592,10.066956,5.905959,5.905959
5.500000,3.000000,7.466592,10.066956,5.905959,5.905959
3.000000,6.000000,7.937254,10.019983,5.884734,5.884734
6.000000,3.000000,7.937254,10.019983,5.884734,5.884734
3.000000,7.000000,8.888194,9.992168,5.876843,5.876843
7.000000,3.000000,8.888194,9.992168,5.876843,5.876843
3.000000,8.000000,9.848858,9.986237,5.877387,5.877387
8.000000,3.000000,9.848858,9.986237,5.877387,5.877387
3.000000,9.000000,10.816654,9.984998,5.878475,5.878475
9.000000,3.000000,10.816654,9.984998,5.878475,5.878475
3.000000,10.000000,11.789826,9.984826,5.879292,5.879292
10.000000,3.000000,11.789826,9.984826,5.879292,5.879292
3.250000,3.250000,5.629165,12.241947,6.771553,6.771553
3.250000,3.250000,5.629165,12.241947,6.771553,6.771553
3.250000,3.500000,5.847008,11.748868,7.290746,7.290746
3.500000,3.250000,5.847008,11.748868,7.290746,7.290746
3.250000,3.750000,6.067331,11.336801,7.546533,7.546533
3.750000,3.250000,6.067331,11.336801,7.546533,7.546533
3.250000,4.000000,6.289873,10.980109,7.603405,7.603405
4.000000,3.250000,6.289873,10.980109,7.603405,7.603405
3.250000,4.500000,6.740734,10.457190,7.479049,7.479049
4.500000,3.250000,6.740734,10.457190,7.479049,7.479049
3.250000,5.000000,7.198090,10.195112,7.366394,7.366394
5.000000,3.250000,7.198090,10.195112,7.366394,7.366394
3.250000,5.500000,7.660777,10.083284,7.313876,7.313876
5.500000,3.250000,7.660777,10.083284,7.313876,7.313876
3.250000,6.000000,8.127884,10.037798,7.293739,7.293739
6.000000,3.250000,8.127884,10.037798,7.293739,7.293739
3.250000,7.000000,9.072624,10.010605,7.286120,7.286120
7.000000,3.250000,9.072624,10.010605,7.286120,7.286120
3.250000,8.000000,10.028086,10.005067,7.286937,7.286937
8.000000,3.250000,10.028086,10.005067,7.286937,7.286937
3.250000,9.000000,10.991474,10.003605,7.287753,7.287753
9.000000,3.250000,10.991474,10.003605,7.287753,7.287753
3.250000,10.000000,11.960874,10.003455,7.288569,7.288569
10.000000,3.250000,11.960874,10.003455,7.288569,7.288569
3.500000,3.500000,6.062178,11.385288,7.936472,7.936472
3.500000,3.500000,6.062178,11.385288,7.936472,7.936472
3.500000,3.750000,6.279928,11.083204,8.300288,8.300288
3.750000,3.500000,6.279928,11.083204,8.300288,8.300288
3.500000,4.000000,6.500000,10.828258,8.457570,8.457570
4.000000,3.500000,6.500000,10.828258,8.457570,8.457570
3.500000,4.500000,6.946222,10.430283,8.456482,8.456482
4.500000,3.500000,6.946222,10.430283,8.456482,8.456482
3.500000,5.000000,7.399324,10.198561,8.373215,8.373215
5.000000,3.500000,7.399324,10.198561,8.373215,8.373215
3.500000,5.500000,7.858117,10.092738,8.326139,8.326139
5.500000,3.500000,7.858117,10.092738,8.326139,8.326139
3.500000,6.000000,8.321658,10.048659,8.307091,8.307091
6.000000,3.500000,8.321658,10.048659,8.307091,8.307091
3.500000,7.000000,9.260130,10.022293,8.300016,8.300016
7.000000,3.500000,9.260130,10.022293,8.300016,8.300016
3.500000,8.000000,10.210289,10.016585,8.300561,8.300561
8.000000,3.500000,10.210289,10.016585,8.300561,8.300561
3.500000,9.000000,11.169154,10.015438,8.301649,8.301649
9.000000,3.500000,11.169154,10.015438,8.301649,8.301649
3.500000,10.000000,12.134661,10.015037,8.302193,8.302193
10.000000,3.500000,12.134661,10.015037,8.302193,8.302193
3.750000,3.750000,6.495191,10.859478,8.741113,8.741113
3.750000,3.750000,6.495191,10.859478,8.741113,8.741113
3.750000,4.000000,6.712861,10.669455,8.962341,8.962341
4.000000,3.750000,6.712861,10.669455,8.962341,8.962341
3.750000,4.500000,7.154544,10.372370,9.060847,9.060847
4.500000,3.750000,7.154544,10.372370,9.060847,9.060847
3.750000,5.000000,7.603453,10.180873,9.017036,9.017036
5.000000,3.750000,7.603453,10.180873,9.017036,9.017036
3.750000,5.500000,8.058381,10.083659,8.978124,8.978124
5.500000,3.750000,8.058381,10.083659,8.978124,8.978124
3.750000,6.000000,8.518363,10.041193,8.960437,8.960437
6.000000,3.750000,8.518363,10.041193,8.960437,8.960437
3.750000,7.000000,9.450529,10.015328,8.953634,8.953634
7.000000,3.750000,9.450529,10.015328,8.953634,8.953634
3.750000,8.000000,10.395311,10.009708,8.954178,8.954178
8.000000,3.750000,10.395311,10.009708,8.954178,8.954178
3.750000,9.000000,11.349559,10.008326,8.954994,8.954994
9.000000,3.750000,11.349559,10.008326,8.954994,8.954994
3.750000,10.000000,12.311072,10.008215,8.955811,8.955811
10.000000,3.750000,12.311072,10.008215,8.955811,8.955811
4.000000,4.000000,6.928203,10.524526,9.227925,9.227925
4.000000,4.000000,6.928203,10.524526,9.227925,9.227925
4.000000,4.500000,7.365460,10.292403,9.390376,9.390376
4.500000,4.000000,7.365460,10.292403,9.390376,9.390376
4.000000,5.000000,7.810250,10.139062,9.384118,9.384118
5.000000,4.000000,7.810250,10.139062,9.384118,9.384118
4.000000,5.500000,8.261356,10.052810,9.355818,9.355818
5.500000,4.000000,8.261356,10.052810,9.355818,9.355818
4.000000,6.000000,8.717798,10.012720,9.340308,9.340308
6.000000,4.000000,8.717798,10.012720,9.340308,9.340308
4.000000,7.000000,9.643651,9.987042,9.333505,9.333505
7.000000,4.000000,9.643651,9.987042,9.333505,9.333505
4.000000,8.000000,10.583005,9.981495,9.334049,9.334049
8.000000,4.000000,10.583005,9.981495,9.334049,9.334049
4.000000,9.000000,11.532563,9.980419,9.335137,9.335137
9.000000,4.000000,11.532563,9.980419,9.335137,9.335137
4.000000,10.000000,12.489996,9.980051,9.335682,9.335682
10.000000,4.000000,12.489996,9.980051,9.335682,9.335682
4.500000,4.500000,7.794229,10.138697,9.629837,9.629837
4.500000,4.500000,7.794229,10.138697,9.629837,9.629837
4.500000,5.000000,8.231039,10.032452,9.669837,9.669837
5.000000,4.500000,8.231039,10.032452,9.669837,9.669837
4.500000,5.500000,8.674676,9.969815,9.664667,9.664667
5.500000,4.500000,8.674676,9.969815,9.664667,9.664667
4.500000,6.000000,9.124144,9.935995,9.655143,9.655143
6.000000,4.500000,9.124144,9.935995,9.655143,9.655143
4.500000,7.000000,10.037430,9.911684,9.649429,9.649429
7.000000,4.500000,10.037430,9.911684,9.649429,9.649429
4.500000,8.000000,10.965856,9.905981,9.649701,9.649701
8.000000,4.500000,10.965856,9.905981,9.649701,9.649701
4.500000,9.000000,11.905881,9.904687,9.650517,9.650517
9.000000,4.500000,11.905881,9.904687,9.650517,9.650517
4.500000,10.000000,12.854960,9.904346,9.651062,9.651062
10.000000,4.500000,12.854960,9.904346,9.651062,9.651062
5.500000,5.000000,9.096703,9.894838,9.735145,9.735145
5.000000,5.500000,9.096703,9.894838,9.735145,9.735145
5.500000,5.500000,9.526279,9.849007,9.746301,9.746301
5.500000,5.500000,9.526279,9.849007,9.746301,9.746301
5.500000,6.000000,9.962429,9.823651,9.744941,9.744941
6.000000,5.500000,9.962429,9.823651,9.744941,9.744941
5.500000,7.000000,10.851267,9.802111,9.741675,9.741675
7.000000,5.500000,10.851267,9.802111,9.741675,9.741675
5.500000,8.000000,11.757976,9.796556,9.741948,9.741948
8.000000,5.500000,11.757976,9.796556,9.741948,9.741948
5.500000,9.000000,12.678722,9.795334,9.742764,9.742764
9.000000,5.500000,12.678722,9.795334,9.742764,9.742764
5.500000,10.000000,13.610658,9.795030,9.743308,9.743308
10.000000,5.500000,13.610658,9.795030,9.743308,9.743308
5.500000,5.500000,9.526279,9.869960,9.767254,9.767254
5.500000,5.500000,9.526279,9.869960,9.767254,9.767254
5.500000,6.000000,9.962429,9.851406,9.772696,9.772696
6.000000,5.500000,9.962429,9.851406,9.772696,9.772696
5.500000,7.000000,10.851267,9.833676,9.773241,9.773241
7.000000,5.500000,10.851267,9.833676,9.773241,9.773241
5.500000,8.000000,11.757976,9.828393,9.773785,9.773785
8.000000,5.500000,11.757976,9.828393,9.773785,9.773785
5.500000,9.000000,12.678722,9.827171,9.774601,9.774601
9.000000,5.500000,12.678722,9.827171,9.774601,9.774601
5.500000,10.000000,13.610658,9.826867,9.775145,9.775145
10.000000,5.500000,13.610658,9.826867,9.775145,9.775145
6.000000,6.000000,10.392305,9.836742,9.781948,9.781948
6.000000,6.000000,10.392305,9.836742,9.781948,9.781948
6.000000,7.000000,11.269428,9.823458,9.786846,9.786846
7.000000,6.000000,11.269428,9.823458,9.786846,9.786846
6.000000,8.000000,12.165525,9.818494,9.787663,9.787663
8.000000,6.000000,12.165525,9.818494,9.787663,9.787663
6.000000,9.000000,13.076697,9.817023,9.788207,9.788207
9.000000,6.000000,13.076697,9.817023,9.788207,9.788207
6.000000,10.000000,14.000000,9.816732,9.788751,9.788751
10.000000,6.000000,14.000000,9.816732,9.788751,9.788751
7.000000,7.000000,12.124356,9.814914,9.796370,9.796370
7.000000,7.000000,12.124356,9.814914,9.796370,9.796370
7.000000,8.000000,13.000000,9.811370,9.798547,9.798547
8.000000,7.000000,13.000000,9.811370,9.798547,9.798547
7.000000,9.000000,13.892444,9.810204,9.799364,9.799364
9.000000,7.000000,13.892444,9.810204,9.799364,9.799364
7.000000,10.000000,14.798649,9.809659,9.799636,9.799636
10.000000,7.000000,14.798649,9.809659,9.799636,9.799636
8.000000,10.000000,15.620499,9.807268,9.802901,9.802901
10.000000,8.000000,15.620499,9.807268,9.802901,9.802901
