R1,R2,R3,ETriat,E,ENew
1.511781,2.793418,1.511793,33.204477,58.432191,58.432191
1.511793,2.793418,1.511781,33.204477,58.432191,58.432191
1.511781,2.968885,1.700764,30.760801,45.172269,45.172269
1.700764,2.968885,1.511781,30.760801,45.172269,45.172269
1.511781,3.145917,1.889735,28.196910,37.904226,37.904226
1.889735,3.145917,1.511781,28.196910,37.904226,37.904226
1.511781,3.324264,2.078706,25.670927,33.795043,33.795043
2.078706,3.324264,1.511781,25.670927,33.795043,33.795043
1.511781,3.503725,2.267676,22.846563,30.934182,30.934182
2.267676,3.503725,1.511781,22.846563,30.934182,30.934182
1.511781,3.684136,2.456647,20.323528,29.077287,29.077287
2.456647,3.684136,1.511781,20.323528,29.077287,29.077287
1.511781,3.865366,2.645618,16.629758,26.300119,26.300119
2.645618,3.865366,1.511781,16.629758,26.300119,26.300119
1.511781,4.047304,2.834589,13.668442,24.285986,24.285986
2.834589,4.047304,1.511781,13.668442,24.285986,24.285986
1.511781,4.412954,3.212530,9.723913,22.010758,22.010758
3.212530,4.412954,1.511781,9.723913,22.010758,22.010758
1.511781,4.964881,3.779443,6.704403,20.551078,20.551078
3.779443,4.964881,1.511781,6.704403,20.551078,20.551078
1.511781,5.334579,4.157384,5.903208,20.166265,20.166265
4.157384,5.334579,1.511781,5.903208,20.166265,20.166265
1.511781,6.263157,5.102265,5.447682,19.898578,19.898578
5.102265,6.263157,1.511781,5.447682,19.898578,19.898578
1.511781,7.195954,6.047119,5.397444,19.873514,19.873514
6.047119,7.195954,1.511781,5.397444,19.873514,19.873514
1.889726,3.491767,1.889735,25.525978,19.431980,19.431980
1.889735,3.491767,1.889726,25.525978,19.431980,19.431980
1.889726,3.667066,2.078706,24.057405,16.166099,16.166099
2.078706,3.667066,1.889726,24.057405,16.166099,16.166099
1.889726,3.843661,2.267676,22.159031,14.004658,14.004658
2.267676,3.843661,1.889726,22.159031,14.004658,14.004658
1.889726,4.021382,2.456647,19.131529,11.433686,11.433686
2.456647,4.021382,1.889726,19.131529,11.433686,11.433686
1.889726,4.200085,2.645618,15.760401,8.807642,8.807642
2.645618,4.200085,1.889726,15.760401,8.807642,8.807642
1.889726,4.379649,2.834589,13.058182,6.927548,6.927548
2.834589,4.379649,1.889726,13.058182,6.927548,6.927548
1.889726,4.740973,3.212530,9.464240,4.873780,4.873780
3.212530,4.740973,1.889726,9.464240,4.873780,4.873780
1.889726,5.287317,3.779443,6.552946,3.482008,3.482008
3.779443,5.287317,1.889726,6.552946,3.482008,3.482008
1.889726,5.653797,4.157384,5.778438,3.121609,3.121609
4.157384,5.653797,1.889726,5.778438,3.121609,3.121609
1.889726,6.575702,5.102265,5.356179,2.883714,2.883714
5.102265,6.575702,1.889726,5.356179,2.883714,2.883714
1.889726,7.503299,6.047119,5.321351,2.872092,2.872092
6.047119,7.503299,1.889726,5.321351,2.872092,2.872092
2.267671,4.190115,2.267676,19.696309,9.093108,9.093108
2.267676,4.190115,2.267671,19.696309,9.093108,9.093108
2.267671,4.365300,2.456647,17.493980,7.216179,7.216179
2.456647,4.365300,2.267671,17.493980,7.216179,7.216179
2.267671,4.541591,2.645618,14.838541,5.218221,5.218221
2.645618,4.541591,2.267671,14.838541,5.218221,5.218221
2.267671,4.718863,2.834589,12.565515,3.714787,3.714787
2.834589,4.718863,2.267671,12.565515,3.714787,3.714787
2.267671,5.075941,3.212530,9.162709,1.810712,1.810712
3.212530,5.075941,2.267671,9.162709,1.810712,1.810712
2.267671,5.616679,3.779443,6.387874,0.547082,0.547082
3.779443,5.616679,2.267671,6.387874,0.547082,0.547082
2.267671,5.979865,4.157384,5.642057,0.214089,0.214089
4.157384,5.979865,2.267671,5.642057,0.214089,0.214089
2.267671,6.894800,5.102265,5.247472,0.000477,0.000477
5.102265,6.894800,2.267671,5.247472,0.000477,0.000477
2.267671,7.816836,6.047119,5.217105,-0.008066,-0.008066
6.047119,7.816836,2.267671,5.217105,-0.008066,-0.008066
2.645617,4.888463,2.645618,12.819315,4.098212,4.098212
2.645618,4.888463,2.645617,12.819315,4.098212,4.098212
2.645617,5.063566,2.834589,11.465461,3.499527,3.499527
2.834589,5.063566,2.645617,11.465461,3.499527,3.499527
2.645617,5.416568,3.212530,8.819727,2.344047,2.344047
3.212530,5.416568,2.645617,8.819727,2.344047,2.344047
2.645617,5.951818,3.779443,6.264272,1.297584,1.297584
3.779443,5.951818,2.645617,6.264272,1.297584,1.297584
2.645617,6.311723,4.157384,5.545294,0.989873,0.989873
4.157384,6.311723,2.645617,5.545294,0.989873,0.989873
2.645617,7.219581,5.102265,5.175526,0.798333,0.798333
5.102265,7.219581,2.645617,5.175526,0.798333,0.798333
2.645617,8.135849,6.047119,5.146456,0.790138,0.790138
6.047119,8.135849,2.645617,5.146456,0.790138,0.790138
3.023562,5.761852,3.212530,8.212050,3.256992,3.256992
3.212530,5.761852,3.023562,8.212050,3.256992,3.256992
3.023562,6.291810,3.779443,6.159990,2.711688,2.711688
3.779443,6.291810,3.023562,6.159990,2.711688,2.711688
3.023562,6.648503,4.157384,5.478615,2.440142,2.440142
4.157384,6.648503,3.023562,5.478615,2.440142,2.440142
3.023562,7.549313,5.102265,5.131184,2.268984,2.268984
5.102265,7.549313,3.023562,5.131184,2.268984,2.268984
3.023562,8.459718,6.047119,5.101336,2.259357,2.259357
6.047119,8.459718,3.023562,5.101336,2.259357,2.259357
3.779443,6.983508,3.779452,5.788584,4.561645,4.561645
3.779452,6.983508,3.779443,5.788584,4.561645,4.561645
3.779452,7.334107,4.157384,5.473860,4.654964,4.654964
4.157384,7.334107,3.779452,5.473860,4.654964,4.654964
3.779452,8.221237,5.102265,5.172028,4.527214,4.527214
5.102265,8.221237,3.779452,5.172028,4.527214,4.527214
3.779452,9.119949,6.047119,5.132635,4.507266,4.507266
6.047119,9.119949,3.779452,5.132635,4.507266,4.507266
4.535343,8.906631,5.102265,5.220754,5.116012,5.116012
5.102265,8.906631,4.535343,5.220754,5.116012,5.116012
4.535343,9.794022,6.047119,5.173774,5.088085,5.088085
6.047119,9.794022,4.535343,5.173774,5.088085,5.088085
5.291233,10.479265,6.047119,5.201208,5.159593,5.159593
6.047119,10.479265,5.291233,5.201208,5.159593,5.159593
