R1,R2,R3,ETriat,E,ENew
1.511781,2.841227,1.511787,32.748555,58.171226,58.171226
1.511787,2.841227,1.511781,32.748555,58.171226,58.171226
1.511781,3.019487,1.700755,30.419296,45.033677,45.033677
1.700755,3.019487,1.511781,30.419296,45.033677,45.033677
1.511781,3.198978,1.889723,27.959343,37.862250,37.862250
1.889723,3.198978,1.511781,27.959343,37.862250,37.862250
1.511781,3.379519,2.078705,25.524100,33.823229,33.823229
2.078705,3.379519,1.511781,25.524100,33.823229,33.823229
1.511781,3.560919,2.267672,22.753689,30.985959,30.985959
2.267672,3.560919,1.511781,22.753689,30.985959,30.985959
1.511781,3.743077,2.456642,20.125747,28.989258,28.989258
2.456642,3.743077,1.511781,20.125747,28.989258,28.989258
1.511781,3.925870,2.645610,16.465171,26.211700,26.211700
2.645610,3.925870,1.511781,16.465171,26.211700,26.211700
1.511781,4.109238,2.834592,13.556600,24.222501,24.222501
2.834592,4.109238,1.511781,13.556600,24.222501,24.222501
1.511781,4.477360,3.212542,9.672173,21.974028,21.974028
3.212542,4.477360,1.511781,9.672173,21.974028,21.974028
1.511781,5.032266,3.779460,6.683273,20.532215,20.532215
3.779460,5.032266,1.511781,6.683273,20.532215,20.532215
1.511781,5.403586,4.157397,5.888752,20.153299,20.153299
4.157397,5.403586,1.511781,5.888752,20.153299,20.153299
1.511781,6.335326,5.102265,5.443856,19.895543,19.895543
5.102265,6.335326,1.511781,5.443856,19.895543,19.895543
1.511781,7.270445,6.047120,5.397461,19.873817,19.873817
6.047120,7.270445,1.511781,5.397461,19.873817,19.873817
1.889723,3.551517,1.889726,25.349300,19.408997,19.408997
1.889726,3.551517,1.889723,25.349300,19.408997,19.408997
1.889726,3.729664,2.078705,23.939396,16.168094,16.168094
2.078705,3.729664,1.889726,23.939396,16.168094,16.168094
1.889726,3.908811,2.267672,22.006833,13.938354,13.938354
2.267672,3.908811,1.889726,22.006833,13.938354,13.938354
1.889726,4.088853,2.456642,18.832166,11.190544,11.190544
2.456642,4.088853,1.889726,18.832166,11.190544,11.190544
1.889726,4.269656,2.645610,15.560451,8.641341,8.641341
2.645610,4.269656,1.889726,15.560451,8.641341,8.641341
1.889726,4.451155,2.834592,12.925962,6.813890,6.813890
2.834592,4.451155,1.889726,12.925962,6.813890,6.813890
1.889726,4.815864,3.212542,9.405968,4.820442,4.820442
3.212542,4.815864,1.889726,9.405968,4.820442,4.820442
1.889726,5.366355,3.779460,6.530673,3.461497,3.461497
3.779460,5.366355,1.889726,6.530673,3.461497,3.461497
1.889726,5.735124,4.157397,5.765742,3.110421,3.110421
4.157397,5.735124,1.889726,5.765742,3.110421,3.110421
1.889726,6.661560,5.102265,5.353525,2.881719,2.881719
5.102265,6.661560,1.889726,5.353525,2.881719,2.881719
1.889726,7.592530,6.047120,5.320758,2.871745,2.871745
6.047120,7.592530,1.889726,5.320758,2.871745,2.871745
2.267671,4.261825,2.267672,19.260109,8.692640,8.692640
2.267672,4.261825,2.267671,19.260109,8.692640,8.692640
2.267671,4.439876,2.456642,17.146277,6.888737,6.888737
2.456642,4.439876,2.267671,17.146277,6.888737,6.888737
2.267671,4.618784,2.645610,14.607792,4.998191,4.998191
2.645610,4.618784,2.267671,14.607792,4.998191,4.998191
2.267671,4.798481,2.834592,12.415721,3.570601,3.570601
2.834592,4.798481,2.267671,12.415721,3.570601,3.570601
2.267671,5.159847,3.212542,9.098036,1.748311,1.748311
3.212542,5.159847,2.267671,9.098036,1.748311,1.748311
2.267671,5.705919,3.779460,6.365789,0.526701,0.526701
3.779460,5.705919,2.267671,6.365789,0.526701,0.526701
2.267671,6.072087,4.157397,5.630184,0.203551,0.203551
4.157397,6.072087,2.267671,5.630184,0.203551,0.203551
2.267671,6.993003,5.102265,5.245781,-0.000694,-0.000694
5.102265,6.993003,2.267671,5.245781,-0.000694,-0.000694
2.267671,7.919554,6.047120,5.216727,-0.008239,-0.008239
6.047120,7.919554,2.267671,5.216727,-0.008239,-0.008239
2.645610,4.972127,2.645617,12.592219,3.874410,3.874410
2.645617,4.972127,2.645610,12.592219,3.874410,3.874410
2.645617,5.150119,2.834592,11.285662,3.322082,3.322082
2.834592,5.150119,2.645617,11.285662,3.322082,3.322082
2.645617,5.508284,3.212542,8.739219,2.265471,2.265471
3.212542,5.508284,2.645617,8.739219,2.265471,2.265471
2.645617,6.050037,3.779460,6.234872,1.269658,1.269658
3.779460,6.050037,2.645617,6.234872,1.269658,1.269658
2.645617,6.413620,4.157397,5.533489,0.979118,0.979118
4.157397,6.413620,2.645617,5.533489,0.979118,0.979118
2.645617,7.328948,5.102265,5.174430,0.797640,0.797640
5.102265,7.328948,2.645617,5.174430,0.797640,0.797640
2.645617,8.250930,6.047120,5.146244,0.790094,0.790094
6.047120,8.250930,2.645617,5.146244,0.790094,0.790094
3.023562,5.860379,3.212542,8.123376,3.170047,3.170047
3.212542,5.860379,3.023562,8.123376,3.170047,3.170047
3.023562,6.397973,3.779460,6.129713,2.682548,2.682548
3.779460,6.397973,3.023562,6.129713,2.682548,2.682548
3.023562,6.759030,4.157397,5.466258,2.428564,2.428564
4.157397,6.759030,3.023562,5.466258,2.428564,2.428564
3.023562,7.668805,5.102265,5.130311,2.268420,2.268420
5.102265,7.668805,3.023562,5.130311,2.268420,2.268420
3.023562,8.586154,6.047120,5.101069,2.259227,2.259227
6.047120,8.586154,3.023562,5.101069,2.259227,2.259227
3.779452,7.103052,3.779460,5.766827,4.540483,4.540483
3.779460,7.103052,3.779452,5.766827,4.540483,4.540483
3.779452,7.459321,4.157397,5.458704,4.640221,4.640221
4.157397,7.459321,3.779452,5.458704,4.640221,4.640221
3.779452,8.358336,5.102265,5.169200,4.524568,4.524568
5.102265,8.358336,3.779452,5.169200,4.524568,4.524568
3.779452,9.266472,6.047120,5.131766,4.506486,4.506486
6.047120,9.266472,3.779452,5.131766,4.506486,4.506486
4.535343,9.058462,5.102265,5.219907,5.115274,5.115274
5.102265,9.058462,4.535343,5.219907,5.115274,5.115274
4.535343,9.957695,6.047120,5.173804,5.088172,5.088172
6.047120,9.957695,4.535343,5.173804,5.088172,5.088172
5.291233,10.657702,6.047120,5.201257,5.159679,5.159679
6.047120,10.657702,5.291233,5.201257,5.159679,5.159679
