R1,R2,R3,ETriat,E,ENew
1.511781,2.137981,1.511781,44.499042,68.538719,68.538719
1.511781,2.137981,1.511781,44.499042,68.538719,68.538719
1.511781,2.275532,1.700754,40.760624,53.007297,53.007297
1.700754,2.275532,1.511781,40.760624,53.007297,53.007297
1.511781,2.420030,1.889726,36.955330,43.971430,43.971430
1.889726,2.420030,1.511781,36.955330,43.971430,43.971430
1.511781,2.570305,2.078699,33.143862,38.383270,38.383270
2.078699,2.570305,1.511781,33.143862,38.383270,38.383270
1.511781,2.725402,2.267671,29.028112,34.280894,34.280894
2.267671,2.725402,1.511781,29.028112,34.280894,34.280894
1.511781,2.884542,2.456644,24.616715,30.764672,30.764672
2.456644,2.884542,1.511781,24.616715,30.764672,30.764672
1.511781,3.047092,2.645617,19.990073,27.409330,27.409330
2.645617,3.047092,1.511781,19.990073,27.409330,27.409330
1.511781,3.212534,2.834589,16.290670,25.082845,25.082845
2.834589,3.212534,1.511781,16.290670,25.082845,25.082845
1.511781,3.550473,3.212534,11.053906,22.359752,22.359752
3.212534,3.550473,1.511781,11.053906,22.359752,22.359752
1.511781,4.070595,3.779452,7.023447,20.641189,20.641189
3.779452,4.070595,1.511781,7.023447,20.641189,20.641189
1.511781,4.423735,4.157397,6.010623,20.205943,20.205943
4.157397,4.423735,1.511781,6.010623,20.205943,20.205943
1.511781,5.321517,5.102261,5.442141,19.876983,19.876983
5.102261,5.321517,1.511781,5.442141,19.876983,19.876983
1.511781,6.233232,6.047124,5.378678,19.847799,19.847799
6.047124,6.233232,1.511781,5.378678,19.847799,19.847799
1.889726,2.672476,1.889726,31.616717,22.513174,22.513174
1.889726,2.672476,1.889726,31.616717,22.513174,22.513174
1.889726,2.809280,2.078699,29.045569,18.275806,18.275806
2.078699,2.809280,1.889726,29.045569,18.275806,18.275806
1.889726,2.951847,2.267671,26.365268,15.609434,15.609434
2.267671,2.951847,1.889726,26.365268,15.609434,15.609434
1.889726,3.099381,2.456644,22.102209,12.181153,12.181153
2.456644,3.099381,1.889726,22.102209,12.181153,12.181153
1.889726,3.251208,2.645617,18.133128,9.386510,9.386510
2.645617,3.251208,1.889726,18.133128,9.386510,9.386510
1.889726,3.406752,2.834589,14.845178,7.351128,7.351128
2.834589,3.406752,1.889726,14.845178,7.351128,7.351128
1.889726,3.727123,3.212534,10.330934,5.087608,5.087608
3.212534,3.727123,1.889726,10.330934,5.087608,5.087608
1.889726,3.779451,3.273100,9.777991,4.836747,4.836747
3.273100,3.779451,1.889726,9.777991,4.836747,4.836747
1.889726,4.225556,3.779452,6.769616,3.560020,3.560020
3.779452,4.225556,1.889726,6.769616,3.560020,3.560020
1.889726,4.566730,4.157397,5.864860,3.161591,3.161591
4.157397,4.566730,1.889726,5.864860,3.161591,3.161591
1.889726,5.440968,5.102261,5.379983,2.890999,2.890999
5.102261,5.440968,1.889726,5.379983,2.890999,2.890999
1.889726,6.335516,6.047124,5.326561,2.870444,2.870444
6.047124,6.335516,1.889726,5.326561,2.870444,2.870444
2.267671,3.206972,2.267671,23.020550,10.472477,10.472477
2.267671,3.206972,2.267671,23.020550,10.472477,10.472477
2.267671,3.343267,2.456644,19.803317,7.970238,7.970238
2.456644,3.343267,2.267671,19.803317,7.970238,7.970238
2.267671,3.484483,2.645617,16.404610,5.606069,5.606069
2.645617,3.484483,2.267671,16.404610,5.606069,5.606069
2.267671,3.630045,2.834589,13.608180,3.913221,3.913221
2.834589,3.630045,2.267671,13.608180,3.913221,3.913221
2.267671,3.212530,2.271605,23.150900,10.621736,10.621736
2.271605,3.212530,2.267671,23.150900,10.621736,10.621736
2.267671,3.932265,3.212534,9.631977,1.913702,1.913702
3.212534,3.932265,2.267671,9.631977,1.913702,1.913702
2.267671,4.407561,3.779452,6.514269,0.595780,0.595780
3.779452,4.407561,2.267671,6.514269,0.595780,0.595780
2.267671,4.735640,4.157397,5.702591,0.240758,0.240758
4.157397,4.735640,2.267671,5.702591,0.240758,0.240758
2.267671,5.583493,5.102261,5.265049,0.002255,0.002255
5.102261,5.583493,2.267671,5.265049,0.002255,0.002255
2.267671,6.458331,6.047124,5.223136,-0.008456,-0.008456
6.047124,6.458331,2.267671,5.223136,-0.008456,-0.008456
2.645617,3.741467,2.645617,14.252178,4.895288,4.895288
2.645617,3.741467,2.645617,14.252178,4.895288,4.895288
2.645617,3.877394,2.834589,12.290566,3.891105,3.891105
2.834589,3.877394,2.645617,12.290566,3.891105,3.891105
2.645617,4.161690,3.212534,9.042680,2.390273,2.390273
3.212534,4.161690,2.645617,9.042680,2.390273,2.390273
2.645617,4.613409,3.779452,6.345663,1.333663,1.333663
3.779452,4.613409,2.645617,6.345663,1.333663,1.333663
2.645617,4.927803,4.157397,5.601124,1.018189,1.018189
4.157397,4.927803,2.645617,5.601124,1.018189,1.018189
2.645617,5.747378,5.102261,5.189997,0.798550,0.798550
5.102261,5.747378,2.645617,5.189997,0.798550,0.798550
2.645617,6.600530,6.047124,5.153890,0.791785,0.791785
6.047124,6.600530,2.645617,5.153890,0.791785,0.791785
3.023562,4.411610,3.212534,8.438799,3.404430,3.404430
3.212534,4.411610,3.023562,8.438799,3.404430,3.404430
3.023562,4.840060,3.779452,6.231048,2.751453,2.751453
3.779452,4.840060,3.023562,6.231048,2.751453,2.751453
3.023562,5.140611,4.157397,5.531507,2.469153,2.469153
4.157397,5.140611,3.023562,5.531507,2.469153,2.469153
3.023562,5.930851,5.102261,5.140106,2.265645,2.265645
5.102261,5.930851,3.023562,5.140106,2.265645,2.265645
3.023562,6.047121,5.236960,5.130421,2.261048,2.261048
5.236960,6.047121,3.023562,5.130421,2.261048,2.261048
3.023562,6.760890,6.047124,5.104974,2.257926,2.257926
6.047124,6.760890,3.023562,5.104974,2.257926,2.257926
3.779452,5.344953,3.779452,5.900082,4.651972,4.651972
3.779452,5.344953,3.779452,5.900082,4.651972,4.651972
3.779452,5.618560,4.157397,5.509779,4.673828,4.673828
4.157397,5.618560,3.779452,5.509779,4.673828,4.673828
3.779452,6.349592,5.102261,5.192010,4.539009,4.539009
5.102261,6.349592,3.779452,5.192010,4.539009,4.539009
3.779452,7.131056,6.047124,5.137734,4.508697,4.508697
6.047124,7.131056,3.779452,5.137734,4.508697,4.508697
4.535343,6.826595,5.102261,5.213342,5.103523,5.103523
5.102261,6.826595,4.535343,5.213342,5.103523,5.103523
4.535343,7.558904,6.047124,5.173699,5.085483,5.085483
6.047124,7.558904,4.535343,5.173699,5.085483,5.085483
5.291233,8.035226,6.047124,5.202079,5.158769,5.158769
6.047124,8.035226,5.291233,5.202079,5.158769,5.158769
