R1,R2,R3,ETriat,E,ENew
1.511781,2.550043,1.511784,37.816257,62.123692,62.123692
1.511784,2.550043,1.511781,37.816257,62.123692,62.123692
1.511781,2.711335,1.700761,34.439120,47.808590,47.808590
1.700761,2.711335,1.511781,34.439120,47.808590,47.808590
1.511781,2.875985,1.889731,30.948658,39.587231,39.587231
1.889731,2.875985,1.511781,30.948658,39.587231,39.587231
1.511781,3.043463,2.078701,27.725951,34.829190,34.829190
2.078701,3.043463,1.511781,27.725951,34.829190,34.829190
1.511781,3.213325,2.267671,24.500432,31.678223,31.678223
2.267671,3.213325,1.511781,24.500432,31.678223,31.678223
1.511781,3.385214,2.456641,21.386729,29.387861,29.387861
2.456641,3.385214,1.511781,21.386729,29.387861,29.387861
1.511781,3.558849,2.645619,17.523790,26.619322,26.619322
2.645619,3.558849,1.511781,17.523790,26.619322,26.619322
1.511781,3.733961,2.834588,14.301582,24.515079,24.515079
2.834588,3.733961,1.511781,14.301582,24.515079,24.515079
1.511781,4.087888,3.212528,9.972609,22.104641,22.104641
3.212528,4.087888,1.511781,9.972609,22.104641,22.104641
1.511781,4.625935,3.779463,6.758050,20.582344,20.582344
3.779463,4.625935,1.511781,6.758050,20.582344,20.582344
1.511781,4.988171,4.157402,5.930016,20.184088,20.184088
4.157402,4.988171,1.511781,5.930016,20.184088,20.184088
1.511781,5.902395,5.102259,5.449403,19.895369,19.895369
5.102259,5.902395,1.511781,5.449403,19.895369,19.895369
1.511781,6.824969,6.047116,5.391346,19.865578,19.865578
6.047116,6.824969,1.511781,5.391346,19.865578,19.865578
1.889726,3.187563,1.889731,27.792048,20.726963,20.726963
1.889731,3.187563,1.889726,27.792048,20.726963,20.726963
1.889726,3.348477,2.078701,25.788135,17.063823,17.063823
2.078701,3.348477,1.889726,25.788135,17.063823,17.063823
1.889726,3.512187,2.267671,23.855182,15.038588,15.038588
2.267671,3.512187,1.889726,23.855182,15.038588,15.038588
1.889726,3.678320,2.456641,20.502285,12.318141,12.318141
2.456641,3.678320,1.889726,20.502285,12.318141,12.318141
1.889726,3.846576,2.645619,16.651993,9.370031,9.370031
2.645619,3.846576,1.889726,16.651993,9.370031,9.370031
1.889726,4.016661,2.834588,13.626416,7.290375,7.290375
2.834588,4.016661,1.889726,13.626416,7.290375,7.290375
1.889726,4.361498,3.212528,9.679991,5.025684,5.025684
3.212528,4.361498,1.889726,9.679991,5.025684,5.025684
1.889726,4.887966,3.779463,6.616715,3.533959,3.533959
3.779463,4.887966,1.889726,6.616715,3.533959,3.533959
1.889726,5.243618,4.157402,5.814279,3.148929,3.148929
4.157402,5.243618,1.889726,5.814279,3.148929,3.148929
1.889726,6.144411,5.102259,5.364884,2.887963,2.887963
5.102259,6.144411,1.889726,5.364884,2.887963,2.887963
1.889726,7.056738,6.047116,5.322872,2.871962,2.871962
6.047116,7.056738,1.889726,5.322872,2.871962,2.871962
2.267671,3.825067,2.267671,22.170328,11.212312,11.212312
2.267671,3.825067,2.267671,22.170328,11.212312,11.212312
2.267671,3.985735,2.456641,19.040871,8.532150,8.532150
2.456641,3.985735,2.267671,19.040871,8.532150,8.532150
2.267671,4.148804,2.645619,15.888880,6.129388,6.129388
2.645619,4.148804,2.267671,15.888880,6.129388,6.129388
2.267671,4.313972,2.834588,13.193695,4.264601,4.264601
2.834588,4.313972,2.267671,13.193695,4.264601,4.264601
2.267671,4.649751,3.212528,9.389783,2.014480,2.014480
3.212528,4.649751,2.267671,9.389783,2.014480,2.014480
2.267671,5.164383,3.779463,6.456716,0.606230,0.606230
3.779463,5.164383,2.267671,6.456716,0.606230,0.606230
2.267671,5.513156,4.157402,5.679263,0.243013,0.243013
4.157402,5.513156,2.267671,5.679263,0.243013,0.243013
2.267671,6.399608,5.102259,5.253930,0.003209,0.003209
5.102259,6.399608,2.267671,5.253930,0.003209,0.003209
2.267671,7.300726,6.047116,5.218487,-0.008109,-0.008109
6.047116,7.300726,2.267671,5.218487,-0.008109,-0.008109
2.645617,4.462587,2.645619,13.921231,5.154345,5.154345
2.645619,4.462587,2.645617,13.921231,5.154345,5.154345
2.645617,4.623076,2.834588,12.242622,4.250767,4.250767
2.834588,4.623076,2.645617,12.242622,4.250767,4.250767
2.645617,4.950090,3.212528,9.131968,2.644170,2.644170
3.212528,4.950090,2.645617,9.131968,2.644170,2.644170
2.645617,5.452996,3.779463,6.349831,1.374079,1.374079
3.779463,5.452996,2.645617,6.349831,1.374079,1.374079
2.645617,5.794820,4.157402,5.585848,1.023176,1.023176
4.157402,5.794820,2.645617,5.585848,1.023176,1.023176
2.645617,6.666474,5.102259,5.179856,0.799678,0.799678
5.102259,6.666474,2.645617,5.179856,0.799678,0.799678
2.645617,7.555748,6.047116,5.147571,0.790051,0.790051
6.047116,7.555748,2.645617,5.147571,0.790051,0.790051
3.023562,5.260445,3.212528,8.539346,3.574157,3.574157
3.212528,5.260445,3.023562,8.539346,3.574157,3.574157
3.023562,5.751971,3.779463,6.268098,2.812033,2.812033
3.779463,5.751971,3.023562,6.268098,2.812033,2.812033
3.023562,6.086926,4.157402,5.525361,2.481121,2.481121
4.157402,6.086926,3.023562,5.525361,2.481121,2.481121
3.023562,6.943662,5.102259,5.134611,2.270068,2.270068
5.102259,6.943662,3.023562,5.134611,2.270068,2.270068
3.023562,7.820725,6.047116,5.102290,2.259314,2.259314
6.047116,7.820725,3.023562,5.102290,2.259314,2.259314
3.779452,6.375125,3.779463,5.863114,4.631765,4.631765
3.779463,6.375125,3.779452,5.863114,4.631765,4.631765
3.779452,6.696953,4.157402,5.516498,4.694426,4.694426
4.157402,6.696953,3.779452,5.516498,4.694426,4.694426
3.779452,7.524404,5.102259,5.183071,4.536840,4.536840
5.102259,7.524404,3.779452,5.183071,4.536840,4.536840
3.779452,8.376731,6.047116,5.135515,4.509478,4.509478
6.047116,8.376731,3.779452,5.135515,4.509478,4.509478
4.535343,8.133978,5.102259,5.221391,5.115795,5.115795
5.102259,8.133978,4.535343,5.221391,5.115795,5.115795
4.535343,8.962045,6.047116,5.173607,5.087478,5.087478
6.047116,8.962045,4.535343,5.173607,5.087478,5.087478
5.291233,9.571291,6.047116,5.201106,5.159202,5.159202
6.047116,9.571291,5.291233,5.201106,5.159202,5.159202
