R1,R2,R3,ETriat,E,ENew
1.511781,2.229203,1.511788,42.832437,66.639804,66.639804
1.511788,2.229203,1.511781,42.832437,66.639804,66.639804
1.511781,2.371973,1.700762,39.161205,51.481964,51.481964
1.700762,2.371973,1.511781,39.161205,51.481964,51.481964
1.511781,2.520818,1.889718,35.435331,42.722803,42.722803
1.889718,2.520818,1.511781,35.435331,42.722803,42.722803
1.511781,2.674735,2.078691,31.749417,37.370848,37.370848
2.078691,2.674735,1.511781,31.749417,37.370848,37.370848
1.511781,2.832911,2.267665,27.797269,33.483515,33.483515
2.267665,2.832911,1.511781,27.797269,33.483515,33.483515
1.511781,2.994647,2.456638,23.756364,30.350241,30.350241
2.456638,2.994647,1.511781,23.756364,30.350241,30.350241
1.511781,3.159419,2.645612,19.295068,27.144462,27.144462
2.645612,3.159419,1.511781,19.295068,27.144462,27.144462
1.511781,3.326756,2.834585,15.713468,24.896379,24.896379
2.834585,3.326756,1.511781,15.713468,24.896379,24.896379
1.511781,3.667749,3.212532,10.688341,22.257369,22.257369
3.212532,3.667749,1.511781,10.688341,22.257369,22.257369
1.511781,4.191146,3.779453,6.911476,20.610140,20.610140
3.779453,4.191146,1.511781,6.911476,20.610140,20.610140
1.511781,4.545878,4.157400,5.969442,20.189378,20.189378
4.157400,4.545878,1.511781,5.969442,20.189378,20.189378
1.511781,5.446391,5.102269,5.439910,19.877417,19.877417
5.102269,5.446391,1.511781,5.439910,19.877417,19.877417
1.511781,6.359770,6.047118,5.380062,19.850574,19.850574
6.047118,6.359770,1.511781,5.380062,19.850574,19.850574
1.889718,2.786504,1.889726,30.529428,21.877586,21.877586
1.889726,2.786504,1.889718,30.529428,21.877586,21.877586
1.889726,2.928606,2.078691,28.115591,17.832148,17.832148
2.078691,2.928606,1.889726,28.115591,17.832148,17.832148
1.889726,3.075771,2.267665,25.536761,15.273449,15.273449
2.267665,3.075771,1.889726,25.536761,15.273449,15.273449
1.414402,2.456648,1.889726,36.647613,53.700993,53.700993
1.889726,2.456648,1.414402,36.647613,53.700993,53.700993
1.889726,3.227280,2.456638,21.614855,12.167017,12.167017
2.456638,3.227280,1.889726,21.614855,12.167017,12.167017
1.889726,3.382575,2.645612,17.690009,9.373891,9.373891
2.645612,3.382575,1.889726,17.690009,9.373891,9.373891
1.889726,3.541133,2.834585,14.451641,7.326064,7.326064
2.834585,3.541133,1.889726,14.451641,7.326064,7.326064
1.889726,3.866472,3.212532,10.083843,5.060115,5.060115
3.212532,3.866472,1.889726,10.083843,5.060115,5.060115
1.889726,4.370386,3.779453,6.698063,3.545667,3.545667
3.779453,4.370386,1.889726,6.698063,3.545667,3.545667
1.889726,4.714284,4.157400,5.840757,3.153915,3.153915
4.157400,4.714284,1.889726,5.840757,3.153915,3.153915
1.889726,5.593290,5.102269,5.374791,2.888874,2.888874
5.102269,5.593290,1.889726,5.374791,2.888874,2.888874
1.889726,6.490812,6.047118,5.324883,2.870271,2.870271
6.047118,6.490812,1.889726,5.324883,2.870271,2.870271
2.267665,3.343805,2.267671,22.641452,10.559032,10.559032
2.267671,3.343805,2.267665,22.641452,10.559032,10.559032
2.267671,3.485462,2.456638,19.587043,8.173919,8.173919
2.456638,3.485462,2.267671,19.587043,8.173919,8.173919
2.267671,3.631443,2.645612,16.186420,5.745528,5.745528
2.645612,3.631443,2.267671,16.186420,5.745528,5.745528
2.267671,3.781221,2.834585,13.436590,4.027702,4.027702
2.834585,3.781221,2.267671,13.436590,4.027702,4.027702
2.267671,4.090539,3.212532,9.526211,1.957196,1.957196
3.212532,4.090539,2.267671,9.526211,1.957196,1.957196
2.267671,4.573897,3.779453,6.485079,0.599596,0.599596
3.779453,4.573897,2.267671,6.485079,0.599596,0.599596
2.267671,4.906081,4.157400,5.692948,0.240844,0.240844
4.157400,4.906081,2.267671,5.692948,0.240844,0.240844
2.267671,5.761276,5.102269,5.261601,0.002125,0.002125
5.102269,5.761276,2.267671,5.261601,0.002125,0.002125
2.267671,6.640806,6.047118,5.221445,-0.008629,-0.008629
6.047118,6.640806,2.267671,5.221445,-0.008629,-0.008629
2.645612,3.901106,2.645617,14.178704,5.060592,5.060592
2.645617,3.901106,2.645612,14.178704,5.060592,5.060592
2.645617,4.042440,2.834585,12.248260,4.026835,4.026835
2.834585,4.042440,2.645617,12.248260,4.026835,4.026835
2.645617,4.336023,3.212532,9.058918,2.487843,2.487843
3.212532,4.336023,2.645617,9.058918,2.487843,2.487843
2.645617,4.798591,3.779453,6.350056,1.354218,1.354218
3.779453,4.798591,2.645617,6.350056,1.354218,1.354218
2.645617,5.118639,4.157400,5.597582,1.020748,1.020748
4.157400,5.118639,2.645617,5.597582,1.020748,1.020748
2.645617,5.948562,5.102269,5.186342,0.798247,0.798247
5.102269,5.948562,2.645617,5.186342,0.798247,0.798247
2.645617,6.808498,6.047118,5.151226,0.790571,0.790571
6.047118,6.808498,2.645617,5.151226,0.790571,0.790571
3.023562,4.599497,3.212532,8.478300,3.479320,3.479320
3.212532,4.599497,3.023562,8.478300,3.479320,3.479320
3.023562,5.041637,3.779453,6.257154,2.785494,2.785494
3.779453,5.041637,3.023562,6.257154,2.785494,2.785494
3.023562,5.349485,4.157400,5.536265,2.478780,2.478780
4.157400,5.349485,3.023562,5.536265,2.478780,2.478780
3.023562,6.153387,5.102269,5.138250,2.266946,2.266946
5.102269,6.153387,3.023562,5.138250,2.266946,2.266946
3.023562,6.992615,6.047118,5.103862,2.258143,2.258143
6.047118,6.992615,3.023562,5.103862,2.258143,2.258143
3.779452,5.573008,3.779453,5.890861,4.647462,4.647462
3.779453,5.573008,3.779452,5.890861,4.647462,4.647462
3.779452,5.857226,4.157400,5.514342,4.682674,4.682674
4.157400,5.857226,3.779452,5.514342,4.682674,4.682674
3.779452,6.608992,5.102269,5.190494,4.539833,4.539833
5.102269,6.608992,3.779452,5.190494,4.539833,4.539833
3.779452,7.405118,6.047118,5.137235,4.509218,4.509218
6.047118,7.405118,3.779452,5.137235,4.509218,4.509218
4.535343,7.115906,5.102269,5.216575,5.108249,5.108249
5.102269,7.115906,4.535343,5.216575,5.108249,5.108249
4.535343,7.868775,6.047118,5.173582,5.086090,5.086090
6.047118,7.868775,4.535343,5.173582,5.086090,5.086090
5.291233,8.375095,6.047118,5.201672,5.158855,5.158855
6.047118,8.375095,5.291233,5.201672,5.158855,5.158855
