R1,R2,R3,ETriat,E,ENew
1.511781,3.020692,1.511788,33.069009,59.218123,59.218123
1.511788,3.020692,1.511781,33.069009,59.218123,59.218123
1.511781,3.209496,1.700762,30.985475,46.321721,46.321721
1.700762,3.209496,1.511781,30.985475,46.321721,46.321721
1.511781,3.398301,1.889718,28.702537,39.269155,39.269155
1.889718,3.398301,1.511781,28.702537,39.269155,39.269155
1.511781,3.587140,2.078691,26.270698,35.131828,35.131828
2.078691,3.587140,1.511781,26.270698,35.131828,35.131828
1.511781,3.775992,2.267665,22.931695,31.600125,31.600125
2.267665,3.775992,1.511781,22.931695,31.600125,31.600125
1.511781,3.964856,2.456638,18.979293,28.152070,28.152070
2.456638,3.964856,1.511781,18.979293,28.152070,28.152070
1.511781,4.153730,2.645612,15.616719,25.563363,25.563363
2.645612,4.153730,1.511781,15.616719,25.563363,25.563363
1.511781,4.342612,2.834585,12.971272,23.755339,23.755339
2.834585,4.342612,1.511781,12.971272,23.755339,23.755339
1.511781,4.720399,3.212532,9.380604,21.714928,21.714928
3.212532,4.720399,1.511781,9.380604,21.714928,21.714928
1.511781,5.287123,3.779453,6.540946,20.396398,20.396398
3.779453,5.287123,1.511781,6.540946,20.396398,20.396398
1.511781,5.664961,4.157400,5.791642,20.061411,20.061411
4.157400,5.664961,1.511781,5.791642,20.061411,20.061411
1.511781,6.609610,5.102269,5.416558,19.870739,19.870739
5.102269,6.609610,1.511781,5.416558,19.870739,19.870739
1.511781,7.554295,6.047118,5.393043,19.870305,19.870305
6.047118,7.554295,1.511781,5.393043,19.870305,19.870305
1.889718,3.775847,1.889726,25.522297,20.040943,20.040943
1.889726,3.775847,1.889718,25.522297,20.040943,20.040943
1.889726,3.964648,2.078691,23.633199,16.194936,16.194936
2.078691,3.964648,1.889726,23.633199,16.194936,16.194936
1.889726,4.153467,2.267665,20.723613,12.875456,12.875456
2.267665,4.153467,1.889726,20.723613,12.875456,12.875456
1.889726,4.342298,2.456638,17.454431,9.945863,9.945863
2.456638,4.342298,1.889726,17.454431,9.945863,9.945863
1.889726,4.531141,2.645612,14.644973,7.799600,7.799600
2.645612,4.531141,1.889726,14.644973,7.799600,7.799600
1.889726,4.719995,2.834585,12.303613,6.229645,6.229645
2.834585,4.719995,1.889726,12.303613,6.229645,6.229645
1.889726,5.097729,3.212532,9.100916,4.526216,4.526216
3.212532,5.097729,1.889726,9.100916,4.526216,4.526216
1.889726,5.664383,3.779453,6.407207,3.344024,3.344024
3.779453,5.664383,1.889726,6.407207,3.344024,3.344024
1.889726,6.042181,4.157400,5.695999,3.045635,3.045635
4.157400,6.042181,1.889726,5.695999,3.045635,3.045635
1.889726,6.986745,5.102269,5.339961,2.870141,2.870141
5.102269,6.986745,1.889726,5.339961,2.870141,2.870141
1.889726,7.931363,6.047118,5.317618,2.869360,2.869360
6.047118,7.931363,1.889726,5.317618,2.869360,2.869360
2.267665,4.531019,2.267671,17.576685,7.086347,7.086347
2.267671,4.531019,2.267665,17.576685,7.086347,7.086347
2.267671,4.719820,2.456638,15.688373,5.471554,5.471554
2.456638,4.719820,2.267671,15.688373,5.471554,5.471554
2.267671,4.908635,2.645612,13.588129,3.999602,3.999602
2.645612,4.908635,2.267671,13.588129,3.999602,3.999602
2.267671,5.097460,2.834585,11.735721,2.902447,2.902447
2.834585,5.097460,2.267671,11.735721,2.902447,2.902447
2.267671,5.475143,3.212532,8.787282,1.444545,1.444545
3.212532,5.475143,2.267671,8.787282,1.444545,1.444545
2.267671,6.041729,3.779453,6.251953,0.418334,0.418334
3.779453,6.041729,2.267671,6.251953,0.418334,0.418334
2.267671,6.419486,4.157400,5.571285,0.148696,0.148696
4.157400,6.419486,2.267671,5.571285,0.148696,0.148696
2.267671,7.363964,5.102269,5.238271,-0.006678,-0.006678
5.102269,7.363964,2.267671,5.238271,-0.006678,-0.006678
2.267671,8.308511,6.047118,5.215157,-0.009193,-0.009193
6.047118,8.308511,2.267671,5.215157,-0.009193,-0.009193
2.645612,5.286192,2.645617,11.685443,2.976123,2.976123
2.645617,5.286192,2.645612,11.685443,2.976123,2.976123
2.645617,5.474992,2.834585,10.560879,2.604535,2.604535
2.834585,5.474992,2.645617,10.560879,2.604535,2.604535
2.645617,5.852625,3.212532,8.390472,1.923068,1.923068
3.212532,5.852625,2.645617,8.390472,1.923068,1.923068
2.645617,6.419145,3.779453,6.115709,1.154830,1.154830
3.779453,6.419145,2.645617,6.115709,1.154830,1.154830
2.645617,6.796862,4.157400,5.479134,0.927775,0.927775
4.157400,6.796862,2.645617,5.479134,0.927775,0.927775
2.645617,7.741253,5.102269,5.170190,0.794561,0.794561
5.102269,7.741253,2.645617,5.170190,0.794561,0.794561
2.645617,8.685728,6.047118,5.146008,0.790354,0.790354
6.047118,8.685728,2.645617,5.146008,0.790354,0.790354
3.023562,6.230164,3.212532,7.767757,2.819622,2.819622
3.212532,6.230164,3.023562,7.767757,2.819622,2.819622
3.023562,6.796620,3.779453,5.990227,2.546211,2.546211
3.779453,6.796620,3.023562,5.990227,2.546211,2.546211
3.023562,7.174298,4.157400,5.413831,2.378305,2.378305
4.157400,7.174298,3.023562,5.413831,2.378305,2.378305
3.023562,8.118603,5.102269,5.128170,2.267163,2.267163
5.102269,8.118603,3.023562,5.128170,2.267163,2.267163
3.023562,9.063006,6.047118,5.100065,2.258620,2.258620
6.047118,9.063006,3.023562,5.100065,2.258620,2.258620
3.779452,7.551711,3.779453,5.706504,4.481725,4.481725
3.779453,7.551711,3.779452,5.706504,4.481725,4.481725
3.779452,7.929316,4.157400,5.398599,4.581245,4.581245
4.157400,7.929316,3.779452,5.398599,4.581245,4.581245
3.779452,8.873455,5.102269,5.159837,4.515722,4.515722
5.102269,8.873455,3.779452,5.159837,4.515722,4.515722
3.779452,9.817716,6.047118,5.127133,4.502106,4.502106
6.047118,9.817716,3.779452,5.127133,4.502106,4.502106
4.535343,9.628470,5.102269,5.216695,5.112369,5.112369
5.102269,9.628470,4.535343,5.216695,5.112369,5.112369
4.535343,10.572594,6.047118,5.173772,5.088302,5.088302
6.047118,10.572594,4.535343,5.173772,5.088302,5.088302
5.291233,11.327608,6.047118,5.201413,5.159939,5.159939
6.047118,11.327608,5.291233,5.201413,5.159939,5.159939
