R1,R2,R3,ETriat,E,ENew
1.511780,2.618481,1.511781,36.154979,60.701696,60.701696
1.511781,2.618481,1.511780,36.154979,60.701696,60.701696
1.511781,2.783738,1.700749,33.119695,46.778953,46.778953
1.700749,2.783738,1.511781,33.119695,46.778953,46.778953
1.511781,2.951851,1.889734,29.976432,38.923543,38.923543
1.889734,2.951851,1.511781,29.976432,38.923543,38.923543
1.511781,3.122342,2.078702,27.000497,34.408948,34.408948
2.078702,3.122342,1.511781,27.000497,34.408948,34.408948
1.511781,3.294850,2.267671,23.907070,31.367520,31.367520
2.267671,3.294850,1.511781,23.907070,31.367520,31.367520
1.511781,3.469073,2.456639,20.955872,29.201048,29.201048
2.456639,3.469073,1.511781,20.955872,29.201048,29.201048
1.511781,3.644777,2.645624,17.227448,26.518154,26.518154
2.645624,3.644777,1.511781,17.227448,26.518154,26.518154
1.511781,3.821737,2.834592,14.097820,24.455149,24.455149
2.834592,3.821737,1.511781,14.097820,24.455149,24.455149
1.511781,4.178812,3.212529,9.893563,22.086081,22.086081
3.212529,4.178812,1.511781,9.893563,22.086081,22.086081
1.511781,4.720533,3.779451,6.746957,20.580436,20.580436
3.779451,4.720533,1.511781,6.746957,20.580436,20.580436
1.511781,5.084738,4.157404,5.927575,20.184608,20.184608
4.157404,5.084738,1.511781,5.927575,20.184608,20.184608
1.511781,6.002672,5.102263,5.451160,19.898665,19.898665
5.102263,6.002672,1.511781,5.451160,19.898665,19.898665
1.511781,6.927849,6.047121,5.393793,19.868614,19.868614
6.047121,6.927849,1.511781,5.393793,19.868614,19.868614
1.889726,3.273106,1.889734,26.925653,20.162753,20.162753
1.889734,3.273106,1.889726,26.925653,20.162753,20.162753
1.889726,3.438057,2.078702,25.128932,16.675844,16.675844
2.078702,3.438057,1.889726,25.128932,16.675844,16.675844
1.889726,3.605367,2.267671,23.372732,14.782653,14.782653
2.267671,3.605367,1.889726,23.372732,14.782653,14.782653
1.889726,3.774722,2.456639,20.123841,12.114850,12.114850
2.456639,3.774722,1.889726,20.123841,12.114850,12.114850
1.889726,3.945869,2.645624,16.412827,9.255854,9.255854
2.645624,3.945869,1.889726,16.412827,9.255854,9.255854
1.889726,4.118565,2.834592,13.474737,7.220819,7.220819
2.834592,4.118565,1.889726,13.474737,7.220819,7.220819
1.889726,4.467910,3.212529,9.626169,4.999622,4.999622
3.212529,4.467910,1.889726,9.626169,4.999622,4.999622
1.889726,4.999744,3.779451,6.604987,3.526500,3.526500
3.779451,4.999744,1.889726,6.604987,3.526500,3.526500
1.889726,5.358304,4.157404,5.808079,3.145286,3.145286
4.157404,5.358304,1.889726,5.808079,3.145286,3.145286
1.889726,6.264665,5.102263,5.363037,2.887573,2.887573
5.102263,6.264665,1.889726,5.363037,2.887573,2.887573
1.889726,7.180957,6.047121,5.322590,2.872222,2.872222
6.047121,7.180957,1.889726,5.322590,2.872222,2.872222
2.267671,3.927722,2.267671,21.741970,10.919344,10.919344
2.267671,3.927722,2.267671,21.741970,10.919344,10.919344
2.267671,4.092465,2.456639,18.641771,8.226173,8.226173
2.456639,4.092465,2.267671,18.641771,8.226173,8.226173
2.267671,4.259231,2.645624,15.600004,5.899688,5.899688
2.645624,4.259231,2.267671,15.600004,5.899688,5.899688
2.267671,4.427772,2.834592,13.037739,4.143441,4.143441
2.834592,4.427772,2.267671,13.037739,4.143441,4.143441
2.267671,4.769450,3.212529,9.342014,1.976883,1.976883
3.212529,4.769450,2.267671,9.342014,1.976883,1.976883
2.267671,5.291232,3.779451,6.444082,0.596560,0.596560
3.779451,5.291232,2.267671,6.444082,0.596560,0.596560
2.267671,5.643931,4.157404,5.672278,0.238589,0.238589
4.157404,5.643931,2.267671,5.672278,0.238589,0.238589
2.267671,6.538017,5.102263,5.252410,0.002949,0.002949
5.102263,6.538017,2.267671,5.252410,0.002949,0.002949
2.267671,7.444656,6.047121,5.218140,-0.007979,-0.007979
6.047121,7.444656,2.267671,5.218140,-0.007979,-0.007979
2.645617,4.582347,2.645624,13.618729,4.872782,4.872782
2.645624,4.582347,2.645617,13.618729,4.872782,4.872782
2.645617,4.746940,2.834592,12.052640,4.072367,4.072367
2.834592,4.746940,2.645617,12.052640,4.072367,4.072367
2.645617,5.081217,3.212529,9.064867,2.581292,2.581292
3.212529,5.081217,2.645617,9.064867,2.581292,2.581292
2.645617,5.593078,3.779451,6.334201,1.361243,1.361243
3.779451,5.593078,2.645617,6.334201,1.361243,1.361243
2.645617,5.939880,4.157404,5.577740,1.017452,1.017452
4.157404,5.939880,2.645617,5.577740,1.017452,1.017452
2.645617,6.821363,5.102263,5.178781,0.799634,0.799634
5.102263,6.821363,2.645617,5.178781,0.799634,0.799634
2.645617,7.717858,6.047121,5.147249,0.790138,0.790138
6.047121,7.717858,2.645617,5.147249,0.790138,0.790138
3.023562,5.401441,3.212529,8.523372,3.561278,3.561278
3.212529,5.401441,3.023562,8.523372,3.561278,3.561278
3.023562,5.903692,3.779451,6.246471,2.792953,2.792953
3.779451,5.903692,3.023562,6.246471,2.792953,2.792953
3.023562,6.244684,4.157404,5.515221,2.472969,2.472969
4.157404,6.244684,3.023562,5.515221,2.472969,2.472969
3.023562,7.113509,5.102263,5.133835,2.270111,2.270111
5.102263,7.113509,3.023562,5.133835,2.270111,2.270111
3.023562,7.999591,6.047121,5.102077,2.259444,2.259444
6.047121,7.999591,3.023562,5.102077,2.259444,2.259444
3.779451,6.546203,3.779452,5.852974,4.623178,4.623178
3.779452,6.546203,3.779451,5.852974,4.623178,4.623178
3.779452,6.876115,4.157404,5.516054,4.695119,4.695119
4.157404,6.876115,3.779452,5.516054,4.695119,4.695119
3.779452,7.720175,5.102263,5.180575,4.534846,4.534846
5.102263,7.720175,3.779452,5.180575,4.534846,4.534846
3.779452,8.585264,6.047121,5.134891,4.509087,4.509087
6.047121,8.585264,3.779452,5.134891,4.509087,4.509087
4.535343,8.351223,5.102263,5.221912,5.116619,5.116619
5.102263,8.351223,4.535343,5.221912,5.116619,5.116619
4.535343,9.195803,6.047121,5.173669,5.087695,5.087695
6.047121,9.195803,4.535343,5.173669,5.087695,5.087695
5.291233,9.826575,6.047121,5.201091,5.159289,5.159289
6.047121,9.826575,5.291233,5.201091,5.159289,5.159289
