R1,R2,R3,ETriat,E,ENew
1.511781,1.943512,1.511788,45.598206,71.285879,71.285879
1.511788,1.943512,1.511781,45.598206,71.285879,71.285879
1.511781,2.070054,1.700758,42.519323,55.391023,55.391023
1.700758,2.070054,1.511781,42.519323,55.391023,55.391023
1.511781,2.205534,1.889731,38.883230,45.801135,45.801135
1.889731,2.205534,1.511781,38.883230,45.801135,45.801135
1.511781,2.348426,2.078700,35.616539,40.298836,40.298836
2.078700,2.348426,1.511781,35.616539,40.298836,40.298836
1.511781,2.497439,2.267673,30.056760,34.496544,34.496544
2.267673,2.497439,1.511781,30.056760,34.496544,34.496544
1.511781,2.651559,2.456643,24.554665,29.772240,29.772240
2.456643,2.651559,1.511781,24.554665,29.772240,29.772240
1.511781,2.809930,2.645616,19.362742,25.823721,25.823721
2.645616,2.809930,1.511781,19.362742,25.823721,25.823721
1.511781,2.971886,2.834585,15.293353,23.161988,23.161988
2.834585,2.971886,1.511781,15.293353,23.161988,23.161988
1.511781,3.304411,3.212528,9.978464,20.569855,20.569855
3.212528,3.304411,1.511781,9.978464,20.569855,20.569855
1.511781,3.819089,3.779462,6.147162,19.481546,19.481546
3.779462,3.819089,1.511781,6.147162,19.481546,19.481546
1.511781,4.169734,4.157404,5.403670,19.496593,19.496593
4.157404,4.169734,1.511781,5.403670,19.496593,19.496593
1.511781,5.063562,5.102259,5.590337,20.018827,20.018827
5.102259,5.063562,1.511781,5.590337,20.018827,20.018827
1.511781,5.973117,6.047113,5.507876,19.973512,19.973512
6.047113,5.973117,1.511781,5.507876,19.973512,19.973512
1.889726,2.429386,1.889731,32.950112,23.060733,23.060733
1.889731,2.429386,1.889726,32.950112,23.060733,23.060733
1.889726,2.554964,2.078700,29.449079,17.710208,17.710208
2.078700,2.554964,1.889726,29.449079,17.710208,17.710208
1.889726,2.687960,2.267673,26.187825,14.367355,14.367355
2.267673,2.687960,1.889726,26.187825,14.367355,14.367355
1.889726,2.827348,2.456643,23.154168,12.142429,12.142429
2.456643,2.827348,1.889726,23.154168,12.142429,12.142429
1.889726,2.972209,2.645616,19.254845,9.449474,9.449474
2.645616,2.972209,1.889726,19.254845,9.449474,9.449474
1.889726,3.121799,2.834585,15.931111,7.461793,7.461793
2.834585,3.121799,1.889726,15.931111,7.461793,7.461793
1.889726,3.432644,3.212528,11.293488,5.357333,5.357333
3.212528,3.432644,1.889726,11.293488,5.357333,5.357333
1.889726,3.921088,3.779462,7.314589,3.859103,3.859103
3.779462,3.921088,1.889726,7.314589,3.859103,3.859103
1.889726,4.257531,4.157404,6.111632,3.323729,3.323729
4.157404,4.257531,1.889726,6.111632,3.323729,3.323729
1.889726,5.124014,5.102259,5.420395,2.924172,2.924172
5.102259,5.124014,1.889726,5.420395,2.924172,2.924172
1.889726,6.014148,6.047113,5.353344,2.893210,2.893210
6.047113,6.014148,1.889726,5.353344,2.893210,2.893210
2.267671,2.915260,2.267673,21.003976,7.322985,7.322985
2.267673,2.915260,2.267671,21.003976,7.322985,7.322985
2.267671,3.040183,2.456643,18.721540,5.793316,5.793316
2.456643,3.040183,2.267671,18.721540,5.793316,5.793316
2.267671,3.171440,2.645616,16.672778,4.863589,4.863589
2.645616,3.171440,2.267671,16.672778,4.863589,4.863589
2.267671,3.308298,2.834585,14.750335,4.169677,4.169677
2.834585,3.308298,2.267671,14.750335,4.169677,4.169677
2.267671,3.596198,3.212528,10.658450,2.369892,2.369892
3.212528,3.596198,2.267671,10.658450,2.369892,2.369892
2.267671,4.055874,3.779462,7.183732,1.086445,1.086445
3.779462,4.055874,2.267671,7.183732,1.086445,1.086445
2.267671,4.376315,4.157404,6.067855,0.547125,0.547125
4.157404,4.376315,2.267671,6.067855,0.547125,0.547125
2.267671,5.211245,5.102259,5.349788,0.079053,0.079053
5.102259,5.211245,2.267671,5.349788,0.079053,0.079053
2.267671,6.078446,6.047113,5.248747,0.012836,0.012836
6.047113,6.078446,2.267671,5.248747,0.012836,0.012836
2.645616,3.401135,2.645617,13.374724,3.206516,3.206516
2.645617,3.401135,2.645616,13.374724,3.206516,3.206516
2.645617,3.525582,2.834585,12.022363,2.949107,2.949107
2.834585,3.525582,2.645617,12.022363,2.949107,2.949107
2.645617,3.790504,3.212528,9.749369,2.705574,2.705574
3.212528,3.790504,2.645617,9.749369,2.705574,2.705574
2.645617,4.220305,3.779462,6.944781,1.824155,1.824155
3.779462,4.220305,2.645617,6.944781,1.824155,1.824155
2.645617,4.523647,4.157404,5.980329,1.361807,1.361807
4.157404,4.523647,2.645617,5.980329,1.361807,1.361807
2.645617,5.323937,5.102259,5.293885,0.893995,0.893995
5.102259,5.323937,2.645617,5.293885,0.893995,0.893995
2.645617,6.165284,6.047113,5.184556,0.818064,0.818064
6.047113,6.165284,2.645617,5.184556,0.818064,0.818064
3.023562,4.011096,3.212528,8.227007,2.973130,2.973130
3.212528,4.011096,3.023562,8.227007,2.973130,2.973130
3.023562,4.411068,3.779462,6.641010,3.105651,3.105651
3.779462,4.411068,3.023562,6.641010,3.105651,3.105651
3.023562,4.696842,4.157404,5.891566,2.808737,2.808737
4.157404,4.696842,3.023562,5.891566,2.808737,2.808737
3.023562,5.460516,5.102259,5.252754,2.369675,2.369675
5.102259,5.460516,3.023562,5.252754,2.369675,2.369675
3.023562,6.273726,6.047113,5.142259,2.290970,2.290970
6.047113,6.273726,3.023562,5.142259,2.290970,2.290970
3.779452,4.858772,3.779462,5.578013,4.315423,4.315423
3.779462,4.858772,3.779452,5.578013,4.315423,4.315423
3.779452,5.109917,4.157404,5.404814,4.557699,4.557699
4.157404,5.109917,3.779452,5.404814,4.557699,4.557699
3.779452,5.798287,5.102259,5.299784,4.639180,4.639180
5.102259,5.798287,3.779452,5.299784,4.639180,4.639180
3.779452,6.550916,6.047113,5.258077,4.625520,4.625520
6.047113,6.550916,3.779452,5.258077,4.625520,4.625520
4.535343,6.210134,5.102259,5.226717,5.111502,5.111502
5.102259,6.210134,4.535343,5.226717,5.111502,5.111502
4.535343,6.900153,6.047113,5.209521,5.118700,5.118700
6.047113,6.900153,4.535343,5.209521,5.118700,5.118700
5.291233,7.311119,6.047113,5.180723,5.135612,5.135612
6.047113,7.311119,5.291233,5.180723,5.135612,5.135612
