R1,R2,R3,ETriat,E,ENew
1.511781,1.606015,1.889727,47.851969,67.625427,67.625427
1.889727,1.606015,1.511781,47.851969,67.625427,67.625427
1.511781,1.732490,2.078699,42.355986,53.940450,53.940450
2.078699,1.732490,1.511781,42.355986,53.940450,53.940450
1.511781,1.869520,2.267666,38.448093,45.688432,45.688432
2.267666,1.869520,1.511781,38.448093,45.688432,45.688432
1.511781,2.014989,2.456648,32.035307,37.433249,37.433249
2.456648,2.014989,1.511781,32.035307,37.433249,37.433249
1.511781,2.167164,2.645615,26.381709,31.484299,31.484299
2.645615,2.167164,1.511781,26.381709,31.484299,31.484299
1.511781,2.324763,2.834587,22.616409,28.325267,28.325267
2.834587,2.324763,1.511781,22.616409,28.325267,28.325267
1.511781,2.652274,3.212537,15.669508,23.737820,23.737820
3.212537,2.652274,1.511781,15.669508,23.737820,23.737820
1.511781,3.164679,3.779443,8.711565,20.310407,20.310407
3.779443,3.164679,1.511781,8.711565,20.310407,20.310407
1.511781,3.515600,4.157393,6.584037,19.707473,19.707473
4.157393,3.515600,1.511781,6.584037,19.707473,19.707473
1.511781,4.412481,5.102264,5.814515,20.179014,20.179014
5.102264,4.412481,1.511781,5.814515,20.179014,20.179014
1.511781,5.325977,6.047124,5.554995,20.008506,20.008506
6.047124,5.325977,1.511781,5.554995,20.008506,20.008506
1.889726,1.745150,1.889727,44.832144,41.252283,41.252283
1.889727,1.745150,1.889726,44.832144,41.252283,41.252283
1.889726,1.889721,2.167801,40.653382,30.736181,30.736181
2.167801,1.889721,1.889726,40.653382,30.736181,30.736181
1.889726,1.948722,2.267666,37.415803,26.402285,26.402285
2.267666,1.948722,1.889726,37.415803,26.402285,26.402285
1.889726,2.068975,2.456648,31.569255,19.600623,19.600623
2.456648,2.068975,1.889726,31.569255,19.600623,19.600623
1.889726,2.198896,2.645615,27.225674,15.321843,15.321843
2.645615,2.198896,1.889726,27.225674,15.321843,15.321843
1.889726,2.336910,2.834587,23.679219,12.472907,12.472907
2.834587,2.336910,1.889726,23.679219,12.472907,12.472907
1.889726,2.631978,3.212537,17.530987,8.596979,8.596979
3.212537,2.631978,1.889726,17.530987,8.596979,8.596979
1.889726,3.108401,3.779443,10.599460,5.060115,5.060115
3.779443,3.108401,1.889726,10.599460,5.060115,5.060115
1.889726,3.441299,4.157393,8.340520,4.334981,4.334981
4.157393,3.441299,1.889726,8.340520,4.334981,4.334981
1.889726,4.306208,5.102264,5.833513,3.237825,3.237825
5.102264,4.306208,1.889726,5.833513,3.237825,3.237825
1.889726,5.199021,6.047124,5.420715,2.944944,2.944944
6.047124,5.199021,1.889726,5.420715,2.944944,2.944944
2.267666,2.094186,2.267671,34.462998,19.308653,19.308653
2.267671,2.094186,2.267666,34.462998,19.308653,19.308653
2.267671,2.267667,2.601368,26.250697,11.329352,11.329352
2.601368,2.267667,2.267671,26.250697,11.329352,11.329352
2.267671,2.187880,2.456648,30.176291,14.902902,14.902902
2.456648,2.187880,2.267671,30.176291,14.902902,14.902902
2.267671,2.293332,2.645615,25.154058,10.394248,10.394248
2.645615,2.293332,2.267671,25.154058,10.394248,10.394248
2.267671,2.409036,2.834587,21.441135,7.571331,7.571331
2.834587,2.409036,2.267671,21.441135,7.571331,7.571331
2.267671,2.665661,3.212537,16.237398,4.653490,4.653490
3.212537,2.665661,2.267671,16.237398,4.653490,4.653490
2.267671,3.097549,3.779443,10.781861,2.424228,2.424228
3.779443,3.097549,2.267671,10.781861,2.424228,2.424228
2.267671,3.407539,4.157393,8.501729,1.620907,1.620907
4.157393,3.407539,2.267671,8.501729,1.620907,1.620907
2.267671,4.231141,5.102264,5.825053,0.420155,0.420155
5.102264,4.231141,2.267671,5.825053,0.420155,0.420155
2.267671,5.096989,6.047124,5.333117,0.078055,0.078055
6.047124,5.096989,2.267671,5.333117,0.078055,0.078055
2.645615,2.443212,2.645617,22.572602,8.899270,8.899270
2.645617,2.443212,2.645615,22.572602,8.899270,8.899270
2.645618,2.645617,3.034925,16.449778,4.986310,4.986310
3.034925,2.645617,2.645618,16.449778,4.986310,4.986310
2.645617,2.536030,2.834587,19.593644,6.934919,6.934919
2.834587,2.536030,2.645617,19.593644,6.934919,6.934919
2.645617,2.834592,3.339505,13.145939,3.535260,3.535260
3.339505,2.834592,2.645617,13.145939,3.535260,3.535260
2.645617,2.751340,3.212537,14.389106,4.009533,4.009533
3.212537,2.751340,2.645617,14.389106,4.009533,4.009533
2.645617,3.132594,3.779443,10.055498,2.699633,2.699633
3.779443,3.132594,2.645617,10.055498,2.699633,2.699633
2.645617,3.779452,4.613409,6.737761,1.725762,1.725762
4.613409,3.779452,2.645617,6.737761,1.725762,1.725762
2.645617,3.415521,4.157393,8.202088,2.213218,2.213218
4.157393,3.415521,2.645617,8.202088,2.213218,2.213218
2.645617,4.188957,5.102264,5.812027,1.253310,1.253310
5.102264,4.188957,2.645617,5.812027,1.253310,1.253310
2.645617,5.021401,6.047124,5.279435,0.890439,0.890439
6.047124,5.021401,2.645617,5.279435,0.890439,0.890439
3.023562,2.884386,3.212537,12.889724,4.564203,4.564203
3.212537,2.884386,3.023562,12.889724,4.564203,4.564203
3.023562,3.212034,3.779443,8.822884,3.273384,3.273384
3.779443,3.212034,3.023562,8.822884,3.273384,3.273384
3.023562,3.464958,4.157393,7.484235,3.150880,3.150880
4.157393,3.464958,3.023562,7.484235,3.150880,3.150880
3.023562,4.180652,5.102264,5.777596,2.728080,2.728080
5.102264,4.180652,3.023562,5.777596,2.728080,2.728080
3.023562,4.973461,6.047124,5.249047,2.372364,2.372364
6.047124,4.973461,3.023562,5.249047,2.372364,2.372364
3.779443,3.490309,3.779452,7.264023,4.809341,4.809341
3.779452,3.490309,3.779443,7.264023,4.809341,4.809341
3.779461,3.779452,4.335617,5.875002,4.532894,4.532894
4.335617,3.779452,3.779461,5.875002,4.532894,4.532894
3.779452,3.680121,4.157393,6.185498,4.580205,4.580205
4.157393,3.680121,3.779452,6.185498,4.580205,4.580205
3.779452,4.265664,5.102264,5.396276,4.605573,4.605573
5.102264,4.265664,3.779452,5.396276,4.605573,4.605573
3.779452,4.963272,6.047124,5.287915,4.626908,4.626908
6.047124,4.963272,3.779452,5.287915,4.626908,4.626908
4.535343,4.478468,5.102264,5.267253,5.081580,5.081580
5.102264,4.478468,4.535343,5.267253,5.081580,5.081580
4.535343,5.067106,6.047124,5.250730,5.132403,5.132403
6.047124,5.067106,4.535343,5.250730,5.132403,5.132403
5.291233,5.278238,6.047124,5.206989,5.137824,5.137824
6.047124,5.278238,5.291233,5.206989,5.137824,5.137824
2.282033,6.000042,7.007163,5.244585,0.013877,0.013877
7.007163,6.000042,2.282033,5.244585,0.013877,0.013877
