R1,R2,R3,ETriat,E,ENew
1.511780,2.618481,1.511781,27.607435,52.154152,52.154152
1.511781,2.618481,1.511780,27.607435,52.154152,52.154152
1.511781,2.783738,1.700749,25.822945,39.482203,39.482203
1.700749,2.783738,1.511781,25.822945,39.482203,39.482203
1.511781,2.951851,1.889734,23.486385,32.433496,32.433496
1.889734,2.951851,1.511781,23.486385,32.433496,32.433496
1.511781,3.122342,2.078702,20.697740,28.106191,28.106191
2.078702,3.122342,1.511781,20.697740,28.106191,28.106191
1.511781,3.294850,2.267671,18.785985,26.246434,26.246434
2.267671,3.294850,1.511781,18.785985,26.246434,26.246434
1.511781,3.469073,2.456639,16.911258,25.156434,25.156434
2.456639,3.469073,1.511781,16.911258,25.156434,25.156434
1.511781,3.644777,2.645624,14.082813,23.373518,23.373518
2.645624,3.644777,1.511781,14.082813,23.373518,23.373518
1.511781,3.821737,2.834592,11.459720,21.817050,21.817050
2.834592,3.821737,1.511781,11.459720,21.817050,21.817050
1.511781,4.178812,3.212529,7.997336,20.189855,20.189855
3.212529,4.178812,1.511781,7.997336,20.189855,20.189855
1.511781,4.720533,3.779451,5.776858,19.610337,19.610337
3.779451,4.720533,1.511781,5.776858,19.610337,19.610337
1.511781,5.084738,4.157404,5.414404,19.671437,19.671437
4.157404,5.084738,1.511781,5.414404,19.671437,19.671437
1.511781,6.002672,5.102263,5.587497,20.035002,20.035002
5.102263,6.002672,1.511781,5.587497,20.035002,20.035002
1.511781,6.927849,6.047121,5.504458,19.979279,19.979279
6.047121,6.927849,1.511781,5.504458,19.979279,19.979279
1.889726,3.273106,1.889734,21.593775,14.830874,14.830874
1.889734,3.273106,1.889726,21.593775,14.830874,14.830874
1.889726,3.438057,2.078702,20.206844,11.753757,11.753757
2.078702,3.438057,1.889726,20.206844,11.753757,11.753757
1.889726,3.605367,2.267671,18.279747,9.689668,9.689668
2.267671,3.605367,1.889726,18.279747,9.689668,9.689668
1.889726,3.774722,2.456639,16.567550,8.558559,8.558559
2.456639,3.774722,1.889726,16.567550,8.558559,8.558559
1.889726,3.945869,2.645624,14.783290,7.626317,7.626317
2.645624,3.945869,1.889726,14.783290,7.626317,7.626317
1.889726,4.118565,2.834592,12.297965,6.044047,6.044047
2.834592,4.118565,1.889726,12.297965,6.044047,6.044047
1.889726,4.467910,3.212529,9.207706,4.581159,4.581159
3.212529,4.467910,1.889726,9.207706,4.581159,4.581159
1.889726,4.999744,3.779451,6.907322,3.828835,3.828835
3.779451,4.999744,1.889726,6.907322,3.828835,3.828835
1.889726,5.358304,4.157404,6.034180,3.371387,3.371387
4.157404,5.358304,1.889726,6.034180,3.371387,3.371387
1.889726,6.264665,5.102263,5.439835,2.964371,2.964371
5.102263,6.264665,1.889726,5.439835,2.964371,2.964371
1.889726,7.180957,6.047121,5.350777,2.900409,2.900409
6.047121,7.180957,1.889726,5.350777,2.900409,2.900409
2.267671,3.927722,2.267671,15.215671,4.393045,4.393045
2.267671,3.927722,2.267671,15.215671,4.393045,4.393045
2.267671,4.092465,2.456639,13.968247,3.552649,3.552649
2.456639,4.092465,2.267671,13.968247,3.552649,3.552649
2.267671,4.259231,2.645624,12.845776,3.145459,3.145459
2.645624,4.259231,2.267671,12.845776,3.145459,3.145459
2.267671,4.427772,2.834592,11.771420,2.877122,2.877122
2.834592,4.427772,2.267671,11.771420,2.877122,2.877122
2.267671,4.769450,3.212529,9.199390,1.834259,1.834259
3.212529,4.769450,2.267671,9.199390,1.834259,1.834259
2.267671,5.291232,3.779451,6.786789,0.939267,0.939267
3.779451,5.291232,2.267671,6.786789,0.939267,0.939267
2.267671,5.643931,4.157404,5.909263,0.475574,0.475574
4.157404,5.643931,2.267671,5.909263,0.475574,0.475574
2.267671,6.538017,5.102263,5.329121,0.079660,0.079660
5.102263,6.538017,2.267671,5.329121,0.079660,0.079660
2.267671,7.444656,6.047121,5.245330,0.019210,0.019210
6.047121,7.444656,2.267671,5.245330,0.019210,0.019210
2.645617,4.582347,2.645624,11.043291,2.297344,2.297344
2.645624,4.582347,2.645617,11.043291,2.297344,2.297344
2.645617,4.746940,2.834592,10.263480,2.283207,2.283207
2.834592,4.746940,2.645617,10.263480,2.283207,2.283207
2.645617,5.081217,3.212529,8.764267,2.280692,2.280692
3.212529,5.081217,2.645617,8.764267,2.280692,2.280692
2.645617,5.593078,3.779451,6.614984,1.642026,1.642026
3.779451,5.593078,2.645617,6.614984,1.642026,1.642026
2.645617,5.939880,4.157404,5.800025,1.239737,1.239737
4.157404,5.939880,2.645617,5.800025,1.239737,1.239737
2.645617,6.821363,5.102263,5.252110,0.872963,0.872963
5.102263,6.821363,2.645617,5.252110,0.872963,0.872963
2.645617,7.717858,6.047121,5.173441,0.816329,0.816329
6.047121,7.717858,2.645617,5.173441,0.816329,0.816329
3.023562,5.401441,3.212529,7.800189,2.838095,2.838095
3.212529,5.401441,3.023562,7.800189,2.838095,2.838095
3.023562,5.903692,3.779451,6.449632,2.996113,2.996113
3.779451,5.903692,3.023562,6.449632,2.996113,2.996113
3.023562,6.244684,4.157404,5.711617,2.669365,2.669365
4.157404,6.244684,3.023562,5.711617,2.669365,2.669365
3.023562,7.113509,5.102263,5.201916,2.338193,2.338193
5.102263,7.113509,3.023562,5.201916,2.338193,2.338193
3.023562,7.999591,6.047121,5.127532,2.284899,2.284899
6.047121,7.999591,3.023562,5.127532,2.284899,2.284899
3.779451,6.546203,3.779452,5.559269,4.329473,4.329473
3.779452,6.546203,3.779451,5.559269,4.329473,4.329473
3.779452,6.876115,4.157404,5.372822,4.551888,4.551888
4.157404,6.876115,3.779452,5.372822,4.551888,4.551888
3.779452,7.720175,5.102263,5.263097,4.617368,4.617368
5.102263,7.720175,3.779452,5.263097,4.617368,4.617368
3.779452,8.585264,6.047121,5.242954,4.617151,4.617151
6.047121,8.585264,3.779452,5.242954,4.617151,4.617151
4.535343,8.351223,5.102263,5.220828,5.115535,5.115535
5.102263,8.351223,4.535343,5.220828,5.115535,5.115535
4.535343,9.195803,6.047121,5.206756,5.120782,5.120782
6.047121,9.195803,4.535343,5.206756,5.120782,5.120782
5.291233,9.826575,6.047121,5.177761,5.135959,5.135959
6.047121,9.826575,5.291233,5.177761,5.135959,5.135959
