R1,R2,R3,ETriat,E,ENew
1.511781,3.012064,1.511788,22.305025,48.419807,48.419807
1.511788,3.012064,1.511781,22.305025,48.419807,48.419807
1.511781,3.200357,1.700758,21.837420,37.140931,37.140931
1.700758,3.200357,1.511781,21.837420,37.140931,37.140931
1.511781,3.388728,1.889731,21.188399,31.725794,31.725794
1.889731,3.388728,1.511781,21.188399,31.725794,31.725794
1.511781,3.577160,2.078700,25.562254,34.399929,34.399929
2.078700,3.577160,1.511781,25.562254,34.399929,34.399929
1.511781,3.765648,2.267673,19.205998,27.857238,27.857238
2.267673,3.765648,1.511781,19.205998,27.857238,27.857238
1.511781,3.954181,2.456643,17.124322,26.285635,26.285635
2.456643,3.954181,1.511781,17.124322,26.285635,26.285635
1.511781,4.142755,2.645616,15.576490,25.516183,25.516183
2.645616,4.142755,1.511781,15.576490,25.516183,25.516183
1.511781,4.331362,2.834585,12.665763,23.445980,23.445980
2.834585,4.331362,1.511781,12.665763,23.445980,23.445980
1.511781,4.708665,3.212528,8.915206,21.248547,21.248547
3.212528,4.708665,1.511781,8.915206,21.248547,21.248547
1.511781,5.274812,3.779462,6.588909,20.444099,20.444099
3.779462,5.274812,1.511781,6.588909,20.444099,20.444099
1.511781,5.652317,4.157404,6.182761,20.452295,20.452295
4.157404,5.652317,1.511781,6.182761,20.452295,20.452295
1.511781,6.596298,5.102259,5.531491,19.985567,19.985567
5.102259,6.596298,1.511781,5.531491,19.985567,19.985567
1.511781,7.540498,6.047113,5.489827,19.967050,19.967050
6.047113,7.540498,1.511781,5.489827,19.967050,19.967050
1.889726,3.765075,1.889731,21.253425,15.753923,15.753923
1.889731,3.765075,1.889726,21.253425,15.753923,15.753923
1.889726,3.953360,2.078700,21.444858,13.994381,13.994381
2.078700,3.953360,1.889726,21.444858,13.994381,13.994381
1.889726,4.141710,2.267673,19.572836,11.717201,11.717201
2.267673,4.141710,1.889726,19.572836,11.717201,11.717201
1.889726,4.330112,2.456643,17.700228,10.187488,10.187488
2.456643,4.330112,1.889726,17.700228,10.187488,10.187488
1.889726,4.518564,2.645616,15.285612,8.438093,8.438093
2.645616,4.518564,1.889726,15.285612,8.438093,8.438093
1.889726,4.707055,2.834585,12.981163,6.906126,6.906126
2.834585,4.707055,1.889726,12.981163,6.906126,6.906126
1.889726,5.084146,3.212528,9.681213,5.106125,5.106125
3.212528,5.084146,1.889726,9.681213,5.106125,5.106125
1.889726,5.650016,3.779462,6.846655,3.783216,3.783216
3.779462,5.650016,1.889726,6.846655,3.783216,3.783216
1.889726,6.027360,4.157404,5.963157,3.312585,3.312585
4.157404,6.027360,1.889726,5.963157,3.312585,3.312585
1.889726,6.971003,5.102259,5.419224,2.949324,2.949324
5.102259,6.971003,1.889726,5.419224,2.949324,2.949324
1.889726,7.914936,6.047113,5.345402,2.897113,2.897113
6.047113,7.914936,1.889726,5.345402,2.897113,2.897113
2.267671,4.518086,2.267673,16.639514,6.146950,6.146950
2.267673,4.518086,2.267671,16.639514,6.146950,6.146950
2.267671,4.706366,2.456643,15.420229,5.202306,5.202306
2.456643,4.706366,2.267671,15.420229,5.202306,5.202306
2.267671,4.894701,2.645616,14.034280,4.445169,4.445169
2.645616,4.894701,2.267671,14.034280,4.445169,4.445169
2.267671,5.083082,2.834585,12.324176,3.490508,3.490508
2.834585,5.083082,2.267671,12.324176,3.490508,3.490508
2.267671,5.459967,3.212528,9.465953,2.122890,2.122890
3.212528,5.459967,2.267671,9.465953,2.122890,2.122890
2.267671,6.025562,3.779462,6.707753,0.873917,0.873917
3.779462,6.025562,2.267671,6.707753,0.873917,0.873917
2.267671,6.402745,4.157404,5.838264,0.415515,0.415515
4.157404,6.402745,2.267671,5.838264,0.415515,0.415515
2.267671,7.346041,5.102259,5.307324,0.062314,0.062314
5.102259,7.346041,2.267671,5.307324,0.062314,0.062314
2.267671,8.289692,6.047113,5.238598,0.014223,0.014223
6.047113,8.289692,2.267671,5.238598,0.014223,0.014223
2.645616,5.271097,2.645617,12.161300,3.451653,3.451653
2.645617,5.271097,2.645616,12.161300,3.451653,3.451653
2.645617,5.459373,2.834585,11.052860,3.096198,3.096198
2.834585,5.459373,2.645617,11.052860,3.096198,3.096198
2.645617,5.836062,3.212528,8.935763,2.468069,2.468069
3.212528,5.836062,2.645617,8.935763,2.468069,2.468069
2.645617,6.401391,3.779462,6.493829,1.532791,1.532791
3.779462,6.401391,2.645617,6.493829,1.532791,1.532791
2.645617,6.778414,4.157404,5.700926,1.149453,1.149453
4.157404,6.778414,2.645617,5.700926,1.149453,1.149453
2.645617,7.721362,5.102259,5.221666,0.845991,0.845991
5.102259,7.721362,2.645617,5.221666,0.845991,0.845991
2.645617,8.664725,6.047113,5.163764,0.808090,0.808090
6.047113,8.664725,2.645617,5.163764,0.808090,0.808090
3.023562,6.212382,3.212528,8.066675,3.118314,3.118314
3.212528,6.212382,3.023562,8.066675,3.118314,3.118314
3.023562,6.777456,3.779462,6.267300,2.823177,2.823177
3.779462,6.777456,3.023562,6.267300,2.823177,2.823177
3.023562,7.154322,4.157404,5.577698,2.542091,2.542091
4.157404,7.154322,3.023562,5.577698,2.542091,2.542091
3.023562,8.096926,5.102259,5.162245,2.301204,2.301204
5.102259,8.096926,3.023562,5.162245,2.301204,2.301204
3.023562,9.040000,6.047113,5.118554,2.277093,2.277093
6.047113,9.040000,3.023562,5.118554,2.277093,2.277093
3.779452,7.530150,3.779462,5.791240,4.566415,4.566415
3.779462,7.530150,3.779452,5.791240,4.566415,4.566415
3.779452,7.906722,4.157404,5.431857,4.614462,4.614462
4.157404,7.906722,3.779452,5.431857,4.614462,4.614462
3.779452,8.848665,5.102259,5.268918,4.624783,4.624783
5.102259,8.848665,3.779452,5.268918,4.624783,4.624783
3.779452,9.791168,6.047113,5.242665,4.617628,4.617628
6.047113,9.791168,3.779452,5.242665,4.617628,4.617628
4.535343,9.601055,5.102259,5.185745,5.081407,5.081407
5.102259,9.601055,4.535343,5.185745,5.081407,5.081407
4.535343,10.543010,6.047113,5.202139,5.116662,5.116662
6.047113,10.543010,4.535343,5.202139,5.116662,5.116662
5.291233,11.295393,6.047113,5.177263,5.135786,5.135786
6.047113,11.295393,5.291233,5.177263,5.135786,5.135786
