R1,R2,R3,ETriat,E,ENew
1.511781,2.841227,1.511787,22.540642,47.963313,47.963313
1.511787,2.841227,1.511781,22.540642,47.963313,47.963313
1.511781,3.019487,1.700755,21.736673,36.351054,36.351054
1.700755,3.019487,1.511781,21.736673,36.351054,36.351054
1.511781,3.198978,1.889723,20.709643,30.612550,30.612550
1.889723,3.198978,1.511781,20.709643,30.612550,30.612550
1.511781,3.379519,2.078705,20.789562,29.088692,29.088692
2.078705,3.379519,1.511781,20.789562,29.088692,29.088692
1.511781,3.560919,2.267672,17.901895,26.134165,26.134165
2.267672,3.560919,1.511781,17.901895,26.134165,26.134165
1.511781,3.743077,2.456642,15.528933,24.392445,24.392445
2.456642,3.743077,1.511781,15.528933,24.392445,24.392445
1.511781,3.925870,2.645610,13.005018,22.751547,22.751547
2.645610,3.925870,1.511781,13.005018,22.751547,22.751547
1.511781,4.109238,2.834592,10.698211,21.364112,21.364112
2.834592,4.109238,1.511781,10.698211,21.364112,21.364112
1.511781,4.477360,3.212542,7.658951,19.960806,19.960806
3.212542,4.477360,1.511781,7.658951,19.960806,19.960806
1.511781,5.032266,3.779460,5.830995,19.679936,19.679936
3.779460,5.032266,1.511781,5.830995,19.679936,19.679936
1.511781,5.403586,4.157397,5.546739,19.811286,19.811286
4.157397,5.403586,1.511781,5.546739,19.811286,19.811286
1.511781,6.335326,5.102265,5.575813,20.027500,20.027500
5.102265,6.335326,1.511781,5.575813,20.027500,20.027500
1.511781,7.270445,6.047120,5.502358,19.978715,19.978715
6.047120,7.270445,1.511781,5.502358,19.978715,19.978715
1.889723,3.551517,1.889726,19.361106,13.420803,13.420803
1.889726,3.551517,1.889723,19.361106,13.420803,13.420803
1.889726,3.729664,2.078705,18.931708,11.160406,11.160406
2.078705,3.729664,1.889726,18.931708,11.160406,11.160406
1.889726,3.908811,2.267672,18.420794,10.352315,10.352315
2.267672,3.908811,1.889726,18.420794,10.352315,10.352315
1.889726,4.088853,2.456642,16.795830,9.154208,9.154208
2.456642,4.088853,1.889726,16.795830,9.154208,9.154208
1.889726,4.269656,2.645610,13.783693,6.864583,6.864583
2.645610,4.269656,1.889726,13.783693,6.864583,6.864583
1.889726,4.451155,2.834592,11.743813,5.631741,5.631741
2.834592,4.451155,1.889726,11.743813,5.631741,5.631741
1.889726,4.815864,3.212542,9.071500,4.485974,4.485974
3.212542,4.815864,1.889726,9.071500,4.485974,4.485974
1.889726,5.366355,3.779460,6.872035,3.802859,3.802859
3.779460,5.366355,1.889726,6.872035,3.802859,3.802859
1.889726,5.735124,4.157397,6.014132,3.358811,3.358811
4.157397,5.735124,1.889726,6.014132,3.358811,3.358811
1.889726,6.661560,5.102265,5.435006,2.963200,2.963200
5.102265,6.661560,1.889726,5.435006,2.963200,2.963200
1.889726,7.592530,6.047120,5.349812,2.900799,2.900799
6.047120,7.592530,1.889726,5.349812,2.900799,2.900799
2.267671,4.261825,2.267672,15.607940,5.040471,5.040471
2.267672,4.261825,2.267671,15.607940,5.040471,5.040471
2.267671,4.439876,2.456642,14.447468,4.189928,4.189928
2.456642,4.439876,2.267671,14.447468,4.189928,4.189928
2.267671,4.618784,2.645610,13.358819,3.749218,3.749218
2.645610,4.618784,2.267671,13.358819,3.749218,3.749218
2.267671,4.798481,2.834592,11.519298,2.674178,2.674178
2.834592,4.798481,2.267671,11.519298,2.674178,2.674178
2.267671,5.159847,3.212542,9.067768,1.718043,1.718043
3.212542,5.159847,2.267671,9.067768,1.718043,1.718043
2.267671,5.705919,3.779460,6.749084,0.909996,0.909996
3.779460,5.705919,2.267671,6.749084,0.909996,0.909996
2.267671,6.072087,4.157397,5.882866,0.456234,0.456234
4.157397,6.072087,2.267671,5.882866,0.456234,0.456234
2.267671,6.993003,5.102265,5.321104,0.074630,0.074630
5.102265,6.993003,2.267671,5.321104,0.074630,0.074630
2.267671,7.919554,6.047120,5.243049,0.018083,0.018083
6.047120,7.919554,2.267671,5.243049,0.018083,0.018083
2.645610,4.972127,2.645617,11.622901,2.905092,2.905092
2.645617,4.972127,2.645610,11.622901,2.905092,2.905092
2.645617,5.150119,2.834592,10.804493,2.840913,2.840913
2.834592,5.150119,2.645617,10.804493,2.840913,2.840913
2.645617,5.508284,3.212542,8.635622,2.161875,2.161875
3.212542,5.508284,2.645617,8.635622,2.161875,2.161875
2.645617,6.050037,3.779460,6.563312,1.598098,1.598098
3.779460,6.050037,2.645617,6.563312,1.598098,1.598098
2.645617,6.413620,4.157397,5.759893,1.205522,1.205522
4.157397,6.413620,2.645617,5.759893,1.205522,1.205522
2.645617,7.328948,5.102265,5.239476,0.862686,0.862686
5.102265,7.328948,2.645617,5.239476,0.862686,0.862686
2.645617,8.250930,6.047120,5.169617,0.813467,0.813467
6.047120,8.250930,2.645617,5.169617,0.813467,0.813467
3.023562,5.860379,3.212542,8.140288,3.186959,3.186959
3.212542,5.860379,3.023562,8.140288,3.186959,3.186959
3.023562,6.397973,3.779460,6.389421,2.942255,2.942255
3.779460,6.397973,3.023562,6.389421,2.942255,2.942255
3.023562,6.759030,4.157397,5.657667,2.619973,2.619973
4.157397,6.759030,3.023562,5.657667,2.619973,2.619973
3.023562,7.668805,5.102265,5.185123,2.323232,2.323232
5.102265,7.668805,3.023562,5.185123,2.323232,2.323232
3.023562,8.586154,6.047120,5.122795,2.280952,2.280952
6.047120,8.586154,3.023562,5.122795,2.280952,2.280952
3.779452,7.103052,3.779460,5.675633,4.449288,4.449288
3.779460,7.103052,3.779452,5.675633,4.449288,4.449288
3.779452,7.459321,4.157397,5.423492,4.605009,4.605009
4.157397,7.459321,3.779452,5.423492,4.605009,4.605009
3.779452,8.358336,5.102265,5.266639,4.622008,4.622008
5.102265,8.358336,3.779452,5.266639,4.622008,4.622008
3.779452,9.266472,6.047120,5.242648,4.617368,4.617368
6.047120,9.266472,3.779452,5.242648,4.617368,4.617368
4.535343,9.058462,5.102265,5.210627,5.105994,5.105994
5.102265,9.058462,4.535343,5.210627,5.105994,5.105994
4.535343,9.957695,6.047120,5.204289,5.118657,5.118657
6.047120,9.957695,4.535343,5.204289,5.118657,5.118657
5.291233,10.657702,6.047120,5.177537,5.135959,5.135959
6.047120,10.657702,5.291233,5.177537,5.135959,5.135959
