R1,R2,R3,ETriat,E,ENew
1.511781,1.511776,2.476758,31.181974,55.266177,55.266177
2.476758,1.511776,1.511781,31.181974,55.266177,55.266177
1.700749,1.511781,2.551270,30.130717,42.912131,42.912131
2.551270,1.511781,1.700749,30.130717,42.912131,42.912131
1.511781,1.345858,2.267666,36.909301,79.965727,79.965727
2.267666,1.345858,1.511781,36.909301,79.965727,79.965727
1.511781,1.495353,2.456648,31.614746,57.089248,57.089248
2.456648,1.495353,1.511781,31.614746,57.089248,57.089248
1.511781,1.652946,2.645615,28.368890,43.661680,43.661680
2.645615,1.652946,1.511781,28.368890,43.661680,43.661680
1.511781,1.816526,2.834587,26.101252,36.162073,36.162073
2.834587,1.816526,1.511781,26.101252,36.162073,36.162073
1.511781,2.156200,3.212537,19.676226,27.044681,27.044681
3.212537,2.156200,1.511781,19.676226,27.044681,27.044681
1.511781,2.684941,3.779443,13.058827,22.751243,22.751243
3.779443,2.684941,1.511781,13.058827,22.751243,22.751243
1.511781,3.045087,4.157393,8.937369,20.485251,20.485251
4.157393,3.045087,1.511781,8.937369,20.485251,20.485251
1.511781,3.959990,5.102264,5.940961,20.034351,20.034351
5.102264,3.959990,1.511781,5.940961,20.034351,20.034351
1.511781,4.886299,6.047124,5.619122,20.059849,20.059849
6.047124,4.886299,1.511781,5.619122,20.059849,20.059849
1.889726,1.889721,3.095943,23.672012,16.263451,16.263451
3.095943,1.889721,1.889726,23.672012,16.263451,16.263451
1.889726,1.301077,2.267666,38.645702,72.125538,72.125538
2.267666,1.301077,1.889726,38.645702,72.125538,72.125538
1.889726,1.414402,2.456648,32.197718,49.251098,49.251098
2.456648,1.414402,1.889726,32.197718,49.251098,49.251098
1.889726,1.542621,2.645615,27.442088,32.675641,32.675641
2.645615,1.542621,1.889726,27.442088,32.675641,32.675641
1.889726,1.682320,2.834587,25.590640,23.320354,23.320354
2.834587,1.682320,1.889726,25.590640,23.320354,23.320354
1.889726,1.986357,3.212537,21.873622,13.490663,13.490663
3.212537,1.986357,1.889726,21.873622,13.490663,13.490663
1.889726,2.480787,3.779443,16.371491,8.435274,8.435274
3.779443,2.480787,1.889726,16.371491,8.435274,8.435274
1.889726,2.825585,4.157393,12.327018,6.061826,6.061826
4.157393,2.825585,1.889726,12.327018,6.061826,6.061826
1.889726,4.157397,5.563714,6.027561,3.369001,3.369001
5.563714,4.157397,1.889726,6.027561,3.369001,3.369001
1.889726,3.715890,5.102264,7.091794,3.905632,3.905632
5.102264,3.715890,1.889726,7.091794,3.905632,3.905632
1.889726,4.627870,6.047124,5.586913,3.082235,3.082235
6.047124,4.627870,1.889726,5.586913,3.082235,3.082235
2.267666,1.363802,2.267671,33.155283,53.854198,53.854198
2.267671,1.363802,2.267666,33.155283,53.854198,53.854198
2.267671,2.267667,3.715128,15.486110,4.344998,4.344998
3.715128,2.267667,2.267671,15.486110,4.344998,4.344998
2.267671,1.432016,2.456648,30.685223,42.898645,42.898645
2.456648,1.432016,2.267671,30.685223,42.898645,42.898645
2.267671,1.520794,2.645615,26.037486,30.225222,30.225222
2.645615,1.520794,2.267671,26.037486,30.225222,30.225222
2.267671,1.626751,2.834587,25.400841,23.117367,23.117367
2.834587,1.626751,2.267671,25.400841,23.117367,23.117367
2.267671,1.878221,3.212537,20.133313,10.598233,10.598233
3.212537,1.878221,2.267671,20.133313,10.598233,10.598233
2.267671,2.320642,3.779443,15.037883,4.021458,4.021458
3.779443,2.320642,2.267671,15.037883,4.021458,4.021458
2.267671,3.779443,5.409088,6.777394,0.932415,0.932415
5.409088,3.779443,2.267671,6.777394,0.932415,0.932415
2.267671,2.642156,4.157393,12.852240,3.085140,3.085140
4.157393,2.642156,2.267671,12.852240,3.085140,3.085140
2.267671,3.495689,5.102264,7.827497,1.367617,1.367617
5.102264,3.495689,2.267671,7.827497,1.367617,1.367617
2.267671,4.386813,6.047124,5.630621,0.303592,0.303592
6.047124,4.386813,2.267671,5.630621,0.303592,0.303592
2.645615,1.591112,2.645617,22.652456,22.601767,22.601767
2.645617,1.591112,2.645615,22.652456,22.601767,22.601767
2.645618,2.645617,4.334328,10.944122,2.141667,2.141667
4.334328,2.645617,2.645618,10.944122,2.141667,2.141667
2.645617,1.657746,2.834587,19.931880,16.901251,16.901251
2.834587,1.657746,2.645617,19.931880,16.901251,16.901251
2.645617,1.842688,3.212537,17.207498,9.285818,9.285818
3.212537,1.842688,2.645617,17.207498,9.285818,9.285818
2.645617,2.214078,3.779443,13.585648,3.475504,3.475504
3.779443,2.214078,2.645617,13.585648,3.475504,3.475504
3.779452,2.645617,4.613409,6.737761,1.725762,1.725762
4.613409,2.645617,3.779452,6.737761,1.725762,1.725762
2.645617,2.502745,4.157393,11.647775,2.273277,2.273277
4.157393,2.502745,2.645617,11.647775,2.273277,2.273277
2.645617,3.304169,5.102264,8.366532,2.200122,2.200122
5.102264,3.304169,2.645617,8.366532,2.200122,2.200122
2.645617,4.166145,6.047124,5.780972,1.227595,1.227595
6.047124,4.166145,2.645617,5.780972,1.227595,1.227595
3.023562,1.883871,3.212537,13.722046,6.461470,6.461470
3.212537,1.883871,3.023562,13.722046,6.461470,6.461470
3.023562,2.169007,3.779443,11.342962,2.849109,2.849109
3.779443,2.169007,3.023562,11.342962,2.849109,2.849109
3.023562,2.414988,4.157393,10.356034,2.268464,2.268464
4.157393,2.414988,3.023562,10.356034,2.268464,2.268464
3.023562,3.146571,5.102264,7.868403,2.657613,2.657613
5.102264,3.146571,3.023562,7.868403,2.657613,2.657613
4.962088,3.023562,5.102258,5.316376,2.420715,2.420715
5.102258,3.023562,4.962088,5.316376,2.420715,2.420715
3.023562,5.102264,7.271327,5.197942,2.334854,2.334854
7.271327,5.102264,3.023562,5.197942,2.334854,2.334854
3.023562,3.969268,6.047124,6.014528,2.815459,2.815459
6.047124,3.969268,3.023562,6.014528,2.815459,2.815459
3.779443,2.273004,3.779452,7.681541,1.249450,1.249450
3.779452,2.273004,3.779443,7.681541,1.249450,1.249450
3.779461,3.779452,6.191897,5.515300,4.281903,4.281903
6.191897,3.779452,3.779461,5.515300,4.281903,4.281903
3.779452,2.413727,4.157393,7.063078,1.188871,1.188871
4.157393,2.413727,3.779452,7.063078,1.188871,1.188871
3.779452,2.953763,5.102264,6.559773,2.810081,2.810081
5.102264,2.953763,3.779452,6.559773,2.810081,2.810081
3.779452,5.102263,7.720175,5.263097,4.617368,4.617368
7.720175,5.102263,3.779452,5.263097,4.617368,4.617368
3.779452,3.661800,6.047124,5.608130,4.156537,4.156537
6.047124,3.661800,3.779452,5.608130,4.156537,4.156537
4.535343,2.948094,5.102264,5.471647,2.238369,2.238369
5.102264,2.948094,4.535343,5.471647,2.238369,2.238369
5.102260,4.535343,7.653808,5.219777,5.113236,5.113236
7.653808,4.535343,5.102260,5.219777,5.113236,5.113236
4.535343,3.493597,6.047124,5.478865,4.169546,4.169546
6.047124,3.493597,4.535343,5.478865,4.169546,4.169546
6.047118,4.535343,7.868775,5.208794,5.121302,5.121302
7.868775,4.535343,6.047118,5.208794,5.121302,5.121302
5.291233,3.484881,6.047124,5.370560,4.081691,4.081691
6.047124,3.484881,5.291233,5.370560,4.081691,4.081691
5.291233,6.047116,9.571291,5.177777,5.135872,5.135872
9.571291,6.047116,5.291233,5.177777,5.135872,5.135872
2.282033,4.200020,5.858092,5.834702,0.427267,0.427267
5.858092,4.200020,2.282033,5.834702,0.427267,0.427267
2.561727,2.561713,4.200456,11.747598,2.285636,2.285636
4.200456,2.561713,2.561727,11.747598,2.285636,2.285636
2.561727,2.580610,4.215963,11.652208,2.263217,2.263217
4.215963,2.580610,2.561727,11.652208,2.263217,2.263217
2.561713,2.580631,4.215975,11.652176,2.263217,2.263217
4.215975,2.580631,2.561713,11.652176,2.263217,2.263217
2.580631,2.580610,4.231454,11.558279,2.241881,2.241881
4.231454,2.580610,2.580631,11.558279,2.241881,2.241881
2.580631,2.599507,4.246961,11.465352,2.222975,2.222975
4.246961,2.599507,2.580631,11.465352,2.222975,2.222975
2.580610,2.599511,4.246947,11.465418,2.222975,2.222975
4.246947,2.599511,2.580610,11.465418,2.222975,2.222975
2.599511,2.599507,4.262426,11.374083,2.205282,2.205282
4.262426,2.599507,2.599511,11.374083,2.205282,2.205282
