R1,R2,R3,ETriat,E,ENew
1.511781,1.511781,2.137981,39.078961,63.118638,63.118638
2.137981,1.511781,1.511781,39.078961,63.118638,63.118638
1.511781,1.470464,2.078706,40.648855,68.797819,68.797819
2.078706,1.470464,1.511781,40.648855,68.797819,68.797819
1.511781,1.606110,2.267676,38.190101,55.181184,55.181184
2.267676,1.606110,1.511781,38.190101,55.181184,55.181184
1.511781,1.751665,2.456647,32.308715,42.908012,42.908012
2.456647,1.751665,1.511781,32.308715,42.908012,42.908012
1.511781,1.904861,2.645618,27.992505,35.446045,35.446045
2.645618,1.904861,1.511781,27.992505,35.446045,35.446045
1.511781,2.063996,2.834589,24.101879,30.460342,30.460342
2.834589,2.063996,1.511781,24.101879,30.460342,30.460342
1.511781,2.395309,3.212530,18.904200,26.192229,26.192229
3.212530,2.395309,1.511781,18.904200,26.192229,26.192229
1.511781,2.913639,3.779443,10.799385,21.413070,21.413070
3.779443,2.913639,1.511781,10.799385,21.413070,21.413070
1.511781,3.268167,4.157384,7.755544,20.130360,20.130360
4.157384,3.268167,1.511781,7.755544,20.130360,20.130360
1.511781,4.157404,5.084738,5.414404,19.671437,19.671437
5.084738,4.157404,1.511781,5.414404,19.671437,19.671437
1.511781,4.172535,5.102265,5.936833,20.203471,20.203471
5.102265,4.172535,1.511781,5.936833,20.203471,20.203471
1.511781,5.091611,6.047119,5.589013,20.036866,20.036866
6.047119,5.091611,1.511781,5.589013,20.036866,20.036866
1.889726,1.889726,2.672476,28.196459,19.092916,19.092916
2.672476,1.889726,1.889726,28.196459,19.092916,19.092916
1.889726,1.528656,2.078706,42.809505,48.832547,48.832547
2.078706,1.528656,1.889726,42.809505,48.832547,48.832547
1.889726,2.078691,2.928606,23.716041,13.432598,13.432598
2.928606,2.078691,1.889726,23.716041,13.432598,13.432598
1.889726,1.628837,2.267676,38.048433,36.809499,36.809499
2.267676,1.628837,1.889726,38.048433,36.809499,36.809499
1.889726,1.743803,2.456647,31.960961,25.902080,25.902080
2.456647,1.743803,1.889726,31.960961,25.902080,25.902080
1.889726,1.870831,2.645618,28.719585,19.875552,19.875552
2.645618,1.870831,1.889726,28.719585,19.875552,19.875552
1.889726,2.007632,2.834589,25.230427,15.140017,15.140017
2.834589,2.007632,1.889726,25.230427,15.140017,15.140017
1.889726,2.303477,3.212530,19.854941,10.105964,10.105964
3.212530,2.303477,1.889726,19.854941,10.105964,10.105964
1.889726,2.784741,3.779443,13.412294,6.574694,6.574694
3.779443,2.784741,1.889726,13.412294,6.574694,6.574694
1.889726,3.121602,4.157384,9.936881,4.854396,4.854396
4.157384,3.121602,1.889726,9.936881,4.854396,4.854396
1.889726,3.996059,5.102265,6.336466,3.540463,3.540463
5.102265,3.996059,1.889726,6.336466,3.540463,3.540463
1.889726,4.896727,6.047119,5.487025,3.001838,3.001838
6.047119,4.896727,1.889726,5.487025,3.001838,3.001838
2.267671,1.735602,2.267676,37.313717,28.516242,28.516242
2.267676,1.735602,2.267671,37.313717,28.516242,28.516242
2.267671,2.267671,3.206972,18.027649,5.479576,5.479576
3.206972,2.267671,2.267671,18.027649,5.479576,5.479576
2.267671,1.816329,2.456647,31.548800,20.545441,20.545441
2.456647,1.816329,2.267671,31.548800,20.545441,20.545441
2.456638,2.267671,3.194739,17.253719,4.912504,4.912504
3.194739,2.267671,2.456638,17.253719,4.912504,4.912504
2.267671,1.912382,2.645618,26.796472,14.421127,14.421127
2.645618,1.912382,2.267671,26.796472,14.421127,14.421127
2.267671,2.021579,2.834589,23.279675,10.278856,10.278856
2.834589,2.021579,2.267671,23.279675,10.278856,10.278856
2.271605,2.267671,3.212530,17.963641,5.434478,5.434478
3.212530,2.267671,2.271605,17.963641,5.434478,5.434478
2.267671,3.212526,4.385615,9.356000,1.932262,1.932262
4.385615,3.212526,2.267671,9.356000,1.932262,1.932262
2.267671,2.702953,3.779443,13.057602,3.117099,3.117099
3.779443,2.702953,2.267671,13.057602,3.117099,3.117099
2.267671,3.779461,5.028843,6.807413,0.953187,0.953187
5.028843,3.779461,2.267671,6.807413,0.953187,0.953187
2.267671,3.015554,4.157384,10.759180,2.487149,2.487149
4.157384,3.015554,2.267671,10.759180,2.487149,2.487149
2.267671,3.848717,5.102265,6.593664,0.846598,0.846598
5.102265,3.848717,2.267671,6.593664,0.846598,0.846598
2.267671,4.724092,6.047119,5.433110,0.161011,0.161011
6.047119,4.724092,2.267671,5.433110,0.161011,0.161011
2.645617,2.024868,2.645618,23.653347,10.741898,10.741898
2.645618,2.024868,2.645617,23.653347,10.741898,10.741898
2.645617,2.645617,3.741467,11.782418,2.425528,2.425528
3.741467,2.645617,2.645617,11.782418,2.425528,2.425528
2.645617,2.104438,2.834589,21.085294,8.359994,8.359994
2.834589,2.104438,2.645617,21.085294,8.359994,8.359994
2.645617,2.302186,3.212530,16.165188,4.507266,4.507266
3.212530,2.302186,2.645617,16.165188,4.507266,4.507266
2.645617,2.672604,3.779443,11.563556,2.373622,2.373622
3.779443,2.672604,2.645617,11.563556,2.373622,2.373622
2.645617,2.954389,4.157384,9.835163,2.185985,2.185985
4.157384,2.954389,2.645617,9.835163,2.185985,2.185985
2.645617,3.733958,5.102265,6.794789,1.733134,1.733134
5.102265,3.733958,2.645617,6.794789,1.733134,1.733134
2.645617,4.576226,6.047119,5.424210,1.004530,1.004530
6.047119,4.576226,2.645617,5.424210,1.004530,1.004530
3.023562,2.392827,3.212530,13.816977,3.779486,3.779486
3.212530,2.392827,3.023562,13.816977,3.779486,3.779486
3.023562,2.695433,3.779443,10.229525,2.641829,2.641829
3.779443,2.695433,3.023562,10.229525,2.641829,2.641829
3.023562,2.940910,4.157384,8.682842,2.493003,2.493003
4.157384,2.940910,3.023562,8.682842,2.493003,2.493003
3.023562,3.654852,5.102265,6.693957,2.993425,2.993425
5.102265,3.654852,3.023562,6.693957,2.993425,2.993425
3.023562,4.455595,6.047119,5.447788,2.520409,2.520409
6.047119,4.455595,3.023562,5.447788,2.520409,2.520409
3.779443,2.892664,3.779452,7.772628,3.196022,3.196022
3.779452,2.892664,3.779443,7.772628,3.196022,3.196022
3.779452,3.779452,5.344953,5.503301,4.255191,4.255191
5.344953,3.779452,3.779452,5.503301,4.255191,4.255191
3.779452,3.057300,4.157384,6.811334,3.302307,3.302307
4.157384,3.057300,3.779452,6.811334,3.302307,3.302307
3.779452,4.157400,5.857226,5.346349,4.514681,4.514681
5.857226,4.157400,3.779452,5.346349,4.514681,4.514681
3.779452,3.611925,5.102265,5.662553,4.085593,4.085593
5.102265,3.611925,3.779452,5.662553,4.085593,4.085593
3.779452,4.304689,6.047119,5.329250,4.573093,4.573093
6.047119,4.304689,3.779452,5.329250,4.573093,4.573093
4.535343,3.725158,5.102265,5.381685,4.573440,4.573440
5.102265,3.725158,4.535343,5.381685,4.573440,4.573440
4.535343,4.283819,6.047119,5.208886,4.983794,4.983794
6.047119,4.283819,4.535343,5.208886,4.983794,4.983794
5.291233,4.394839,6.047119,5.199739,5.056429,5.056429
6.047119,4.394839,5.291233,5.199739,5.056429,5.056429
2.282033,3.400013,4.608687,8.304071,1.541854,1.541854
4.608687,3.400013,2.282033,8.304071,1.541854,1.541854
