R1,R2,R3,ETriat,E,ENew
1.511781,1.961397,1.700749,46.751274,60.668609,60.668609
1.700749,1.961397,1.511781,46.751274,60.668609,60.668609
1.511781,2.092309,1.889734,42.243346,49.579407,49.579407
1.889734,2.092309,1.511781,42.243346,49.579407,49.579407
1.511781,2.231544,2.078701,40.242427,44.911087,44.911087
2.078701,2.231544,1.511781,40.242427,44.911087,44.911087
1.511781,2.267671,2.128418,37.786372,42.163016,42.163016
2.128418,2.267671,1.511781,37.786372,42.163016,42.163016
1.511781,2.377654,2.267668,32.594239,36.751955,36.751955
2.267668,2.377654,1.511781,32.594239,36.751955,36.751955
1.511781,2.529448,2.456635,26.669878,31.458714,31.458714
2.456635,2.529448,1.511781,26.669878,31.458714,31.458714
1.511781,2.685974,2.645625,21.442251,27.408766,27.408766
2.645625,2.685974,1.511781,21.442251,27.408766,27.408766
1.511781,2.846430,2.834592,16.812731,24.171331,24.171331
2.834592,2.846430,1.511781,16.812731,24.171331,24.171331
1.511781,3.176765,3.212526,10.716970,20.861218,20.861218
3.212526,3.176765,1.511781,10.716970,20.861218,20.861218
1.511781,3.689456,3.779450,6.412194,19.523522,19.523522
3.779450,3.689456,1.511781,6.412194,19.523522,19.523522
1.511781,4.039318,4.157402,5.476444,19.474694,19.474694
4.157402,4.039318,1.511781,5.476444,19.474694,19.474694
1.511781,4.932114,5.102260,5.608706,20.032790,20.032790
5.102260,4.932114,1.511781,5.608706,20.032790,20.032790
1.511781,5.841311,6.047118,5.511839,19.975376,19.975376
6.047118,5.841311,1.511781,5.511839,19.975376,19.975376
1.889726,2.300790,1.889734,36.453024,26.380429,26.380429
1.889734,2.300790,1.889726,36.453024,26.380429,26.380429
1.889726,2.420475,2.078701,32.483241,20.363789,20.363789
2.078701,2.420475,1.889726,32.483241,20.363789,20.363789
1.889726,2.548564,2.267668,28.765078,16.438425,16.438425
2.267668,2.548564,1.889726,28.765078,16.438425,16.438425
1.889726,2.683855,2.456635,25.317362,13.732028,13.732028
2.456635,2.683855,1.889726,25.317362,13.732028,13.732028
1.889726,2.825322,2.645625,20.953747,10.551010,10.551010
2.645625,2.825322,1.889726,20.953747,10.551010,10.551010
1.889726,2.834588,2.660516,20.667272,10.358560,10.358560
2.660516,2.834588,1.889726,20.667272,10.358560,10.358560
1.889726,2.972068,2.834592,17.312946,8.255964,8.255964
2.834592,2.972068,1.889726,17.312946,8.255964,8.255964
1.889726,3.278555,3.212526,12.219397,5.797565,5.797565
3.212526,3.278555,1.889726,12.219397,5.797565,5.797565
1.889726,3.762746,3.779450,7.609768,3.927965,3.927965
3.779450,3.762746,1.889726,7.609768,3.927965,3.927965
1.889726,4.097357,4.157402,6.260769,3.379235,3.379235
4.157402,4.097357,1.889726,6.260769,3.379235,3.379235
1.889726,4.961163,5.102260,5.454074,2.952879,2.952879
5.102260,4.961163,1.889726,5.454074,2.952879,2.952879
1.889726,5.850081,6.047118,5.358333,2.895639,2.895639
6.047118,5.850081,1.889726,5.358333,2.895639,2.895639
2.267668,2.760943,2.267671,23.160347,8.851917,8.851917
2.267671,2.760943,2.267668,23.160347,8.851917,8.851917
2.267671,2.879885,2.456635,20.623744,7.049617,7.049617
2.456635,2.879885,2.267671,20.623744,7.049617,7.049617
2.267671,3.006015,2.645625,18.325804,5.879307,5.879307
2.645625,3.006015,2.267671,18.325804,5.879307,5.879307
2.267671,3.138455,2.834592,16.068057,4.885011,4.885011
2.834592,3.138455,2.267671,16.068057,4.885011,4.885011
2.267671,3.419313,3.212526,11.485946,2.734238,2.734238
3.212526,3.419313,2.267671,11.485946,2.734238,2.734238
2.267671,3.871707,3.779450,7.464307,1.170051,1.170051
3.779450,3.871707,2.267671,7.464307,1.170051,1.170051
2.267671,4.188825,4.157402,6.213728,0.614600,0.614600
4.157402,4.188825,2.267671,6.213728,0.614600,0.614600
2.267671,5.018586,5.102260,5.372376,0.096442,0.096442
5.102260,5.018586,2.267671,5.372376,0.096442,0.096442
2.267671,5.883168,6.047118,5.255618,0.016782,0.016782
6.047118,5.883168,2.267671,5.255618,0.016782,0.016782
2.645617,3.221101,2.645625,14.683429,3.922501,3.922501
2.645625,3.221101,2.645617,14.683429,3.922501,3.922501
2.645617,3.339505,2.834592,13.145939,3.535260,3.535260
2.834592,3.339505,2.645617,13.145939,3.535260,3.535260
2.645617,3.594462,3.212526,10.331791,2.907521,2.907521
3.212526,3.594462,2.645617,10.331791,2.907521,2.907521
2.645617,4.013435,3.779450,7.212187,1.945748,1.945748
3.779450,4.013435,2.645617,7.212187,1.945748,1.945748
2.645617,4.311596,4.157402,6.110299,1.436176,1.436176
4.157402,4.311596,2.645617,6.110299,1.436176,1.436176
2.645617,5.102260,5.103426,5.318429,0.913248,0.913248
5.103426,5.102260,2.645617,5.318429,0.913248,0.913248
2.645617,5.940166,6.047118,5.191187,0.821533,0.821533
6.047118,5.940166,2.645617,5.191187,0.821533,0.821533
2.645617,6.047113,6.165284,5.184556,0.818064,0.818064
6.165284,6.047113,2.645617,5.184556,0.818064,0.818064
3.023562,3.799251,3.212526,8.758669,3.242595,3.242595
3.212526,3.799251,3.023562,8.758669,3.242595,3.242595
3.023562,4.184601,3.779450,6.810163,3.184270,3.184270
3.779450,4.184601,3.023562,6.810163,3.184270,3.184270
3.023562,4.463088,4.157402,5.996952,2.880591,2.880591
4.157402,4.463088,3.023562,5.996952,2.880591,2.880591
3.023562,5.102258,4.962088,5.316376,2.420715,2.420715
4.962088,5.102258,3.023562,5.316376,2.420715,2.420715
3.023562,5.214346,5.102260,5.276581,2.388105,2.388105
5.102260,5.214346,3.023562,5.276581,2.388105,2.388105
3.023562,6.020395,6.047118,5.149328,2.294786,2.294786
6.047118,6.020395,3.023562,5.149328,2.294786,2.294786
3.779450,4.601565,3.779452,5.672198,4.388665,4.388665
3.779452,4.601565,3.779450,5.672198,4.388665,4.388665
3.779452,4.840950,4.157402,5.463122,4.606180,4.606180
4.157402,4.840950,3.779452,5.463122,4.606180,4.606180
3.779452,5.507752,5.102260,5.331403,4.665328,4.665328
5.102260,5.507752,3.779452,5.331403,4.665328,4.665328
3.779452,6.246710,6.047118,5.268017,4.632458,4.632458
6.047118,6.246710,3.779452,5.268017,4.632458,4.632458
4.535343,5.884217,5.102260,5.229541,5.109724,5.109724
5.102260,5.884217,4.535343,5.229541,5.109724,5.109724
4.535343,6.552890,6.047118,5.209118,5.115925,5.115925
6.047118,6.552890,4.535343,5.209118,5.115925,5.115925
5.291233,6.928353,6.047118,5.180669,5.133878,5.133878
6.047118,6.928353,5.291233,5.180669,5.133878,5.133878
