R1,R2,R3,ETriat,E,ENew
1.511781,2.398759,1.511782,32.541622,56.440131,56.440131
1.511782,2.398759,1.511781,32.541622,56.440131,56.440131
1.511781,2.551270,1.700749,30.130717,42.912131,42.912131
1.700749,2.551270,1.511781,30.130717,42.912131,42.912131
1.511781,2.708394,1.889734,26.279858,34.242083,34.242083
1.889734,2.708394,1.511781,26.279858,34.242083,34.242083
1.511781,2.869350,2.078701,23.681113,30.082554,30.082554
2.078701,2.869350,1.511781,23.681113,30.082554,30.082554
1.511781,3.033540,2.267668,21.018142,27.515702,27.515702
2.267668,3.033540,1.511781,21.018142,27.515702,27.515702
1.511781,3.200464,2.456635,18.356895,25.739464,25.739464
2.456635,3.200464,1.511781,18.356895,25.739464,25.739464
1.511781,3.369744,2.645625,15.408397,23.979098,23.979098
2.645625,3.369744,1.511781,15.408397,23.979098,23.979098
1.511781,3.540992,2.834592,12.083310,21.883788,21.883788
2.834592,3.540992,1.511781,12.083310,21.883788,21.883788
1.511781,3.888416,3.212526,8.259647,20.191113,20.191113
3.212526,3.888416,1.511781,8.259647,20.191113,20.191113
1.511781,4.418978,3.779450,5.789962,19.577510,19.577510
3.779450,4.418978,1.511781,5.789962,19.577510,19.577510
1.511781,4.777328,4.157402,5.371885,19.616061,19.616061
4.157402,4.777328,1.511781,5.371885,19.616061,19.616061
1.511781,5.684306,5.102260,5.581840,20.024031,20.024031
5.102260,5.684306,1.511781,5.581840,20.024031,20.024031
1.511781,6.601918,6.047118,5.501644,19.974335,19.974335
6.047118,6.601918,1.511781,5.501644,19.974335,19.974335
1.889726,2.998447,1.889734,24.121042,16.329235,16.329235
1.889734,2.998447,1.889726,24.121042,16.329235,16.329235
1.889726,3.150465,2.078701,21.655389,12.243338,12.243338
2.078701,3.150465,1.889726,21.655389,12.243338,12.243338
1.889726,3.306295,2.267668,19.442139,10.014335,10.014335
2.267668,3.306295,1.889726,19.442139,10.014335,10.014335
1.889726,3.465424,2.456635,17.466473,8.775162,8.775162
2.456635,3.465424,1.889726,17.466473,8.775162,8.775162
1.889726,3.627444,2.645625,15.437347,7.764518,7.764518
2.645625,3.627444,1.889726,15.437347,7.764518,7.764518
1.889726,3.791934,2.834592,12.848321,6.233375,6.233375
2.834592,3.791934,1.889726,12.848321,6.233375,6.233375
1.889726,4.127209,3.212526,9.417620,4.651452,4.651452
3.212526,4.127209,1.889726,9.417620,4.651452,4.651452
1.889726,4.642452,3.779450,6.945081,3.844836,3.844836
3.779450,4.642452,1.889726,6.945081,3.844836,3.844836
1.889726,4.992173,4.157402,6.033670,3.361499,3.361499
4.157402,4.992173,1.889726,6.033670,3.361499,3.361499
1.889726,5.881761,5.102260,5.436052,2.955308,2.955308
5.102260,5.881761,1.889726,5.436052,2.955308,2.955308
1.889726,6.786307,6.047118,5.349455,2.897070,2.897070
6.047118,6.786307,1.889726,5.349455,2.897070,2.897070
2.267668,3.598124,2.267671,15.819191,4.435976,4.435976
2.267671,3.598124,2.267668,15.819191,4.435976,4.435976
2.267671,3.749805,2.456635,14.345173,3.517350,3.517350
2.456635,3.749805,2.267671,14.345173,3.517350,3.517350
2.267671,3.904767,2.645625,13.058017,3.076207,3.076207
2.645625,3.904767,2.267671,13.058017,3.076207,3.076207
2.267671,4.062585,2.834592,11.883811,2.811035,2.811035
2.834592,4.062585,2.267671,11.883811,2.811035,2.811035
2.267671,4.385615,3.212526,9.356000,1.932262,1.932262
3.212526,4.385615,2.267671,9.356000,1.932262,1.932262
2.267671,4.884981,3.779450,6.820719,0.961122,0.961122
3.779450,4.884981,2.267671,6.820719,0.961122,0.961122
2.267671,5.225553,4.157402,5.923842,0.481385,0.481385
4.157402,5.225553,2.267671,5.923842,0.481385,0.481385
2.267671,6.096276,5.102260,5.331948,0.077708,0.077708
5.102260,6.096276,2.267671,5.331948,0.077708,0.077708
2.267671,6.986292,6.047118,5.245760,0.017823,0.017823
6.047118,6.986292,2.267671,5.245760,0.017823,0.017823
2.645617,4.197827,2.645625,10.980571,2.118207,2.118207
2.645625,4.197827,2.645617,10.980571,2.118207,2.118207
2.645617,4.349265,2.834592,10.146219,2.097739,2.097739
2.834592,4.349265,2.645617,10.146219,2.097739,2.097739
2.645617,4.660372,3.212526,8.696468,2.190538,2.190538
3.212526,4.660372,2.645617,8.696468,2.190538,2.190538
2.645617,5.143870,3.779450,6.656905,1.674158,1.674158
3.779450,5.143870,2.645617,6.656905,1.674158,1.674158
2.645617,5.475098,4.157402,5.827564,1.258817,1.258817
4.157402,5.475098,2.645617,5.827564,1.258817,1.258817
2.645617,5.102265,3.733958,6.794789,1.733134,1.733134
3.733958,5.102265,2.645617,6.794789,1.733134,1.733134
2.645617,6.326115,5.102260,5.260062,0.876866,0.876866
5.102260,6.326115,2.645617,5.260062,0.876866,0.876866
2.645617,6.047120,4.795815,5.335388,0.936578,0.936578
4.795815,6.047120,2.645617,5.335388,0.936578,0.936578
2.645617,7.200575,6.047118,5.175634,0.816937,0.816937
6.047118,7.200575,2.645617,5.175634,0.816937,0.816937
3.023562,4.948757,3.212526,7.643701,2.669755,2.669755
3.212526,4.948757,3.023562,7.643701,2.669755,2.669755
3.023562,5.416775,3.779450,6.476945,3.014326,3.014326
3.779450,5.416775,3.023562,6.476945,3.014326,3.014326
3.023562,5.738701,4.157402,5.747651,2.697898,2.697898
4.157402,5.738701,3.023562,5.747651,2.697898,2.697898
3.023562,6.569671,5.102260,5.213229,2.346215,2.346215
5.102260,6.569671,3.023562,5.213229,2.346215,2.346215
3.023562,7.427918,6.047118,5.130835,2.286850,2.286850
6.047118,7.427918,3.023562,5.130835,2.286850,2.286850
3.779450,5.996883,3.779452,5.500562,4.264514,4.264514
3.779452,5.996883,3.779450,5.500562,4.264514,4.264514
3.779452,6.300929,4.157402,5.347503,4.521923,4.521923
4.157402,6.300929,3.779452,5.347503,4.521923,4.521923
3.779452,7.092200,5.102260,5.261503,4.613725,4.613725
5.102260,7.092200,3.779452,5.261503,4.613725,4.613725
3.779452,7.917222,6.047118,5.244156,4.617411,4.617411
6.047118,7.917222,3.779452,5.244156,4.617411,4.617411
4.535343,7.653808,5.102260,5.219777,5.113236,5.113236
5.102260,7.653808,4.535343,5.219777,5.113236,5.113236
4.535343,8.445921,6.047118,5.208170,5.121562,5.121562
6.047118,8.445921,4.535343,5.208170,5.121562,5.121562
5.291233,9.007081,6.047118,5.177834,5.135612,5.135612
6.047118,9.007081,5.291233,5.177834,5.135612,5.135612
1.322810,2.918915,2.282033,20.097945,49.059038,49.059038
2.282033,2.918915,1.322810,20.097945,49.059038,49.059038
1.228318,2.857866,2.282033,21.454685,68.276756,68.276756
2.282033,2.857866,1.228318,21.454685,68.276756,68.276756
