R1,R2,R3,ETriat,E,ENew
1.511776,2.476758,1.511781,31.181974,55.266177,55.266177
1.511781,2.476758,1.511776,31.181974,55.266177,55.266177
1.511781,2.633784,1.700749,28.933057,42.005778,42.005778
1.700749,2.633784,1.511781,28.933057,42.005778,42.005778
1.511781,2.794768,1.889721,25.290405,33.598343,33.598343
1.889721,2.794768,1.511781,25.290405,33.598343,33.598343
1.511781,2.959064,2.078694,22.996747,29.763047,29.763047
2.078694,2.959064,1.511781,22.996747,29.763047,29.763047
1.511781,3.126150,2.267667,20.404366,27.260721,27.260721
2.267667,3.126150,1.511781,20.404366,27.260721,27.260721
1.511781,3.295614,2.456646,18.004401,25.718476,25.718476
2.456646,3.295614,1.511781,18.004401,25.718476,25.718476
1.511781,3.467084,2.645618,14.777094,23.634007,23.634007
2.645618,3.467084,1.511781,14.777094,23.634007,23.634007
1.511781,2.834592,1.937769,24.673255,32.357782,32.357782
1.937769,2.834592,1.511781,24.673255,32.357782,32.357782
1.511781,3.640287,2.834591,11.884775,21.914880,21.914880
2.834591,3.640287,1.511781,11.884775,21.914880,21.914880
1.511781,3.990988,3.212536,8.161483,20.209109,20.209109
3.212536,3.990988,1.511781,8.161483,20.209109,20.209109
1.511781,4.525285,3.779461,5.790720,19.600710,19.600710
3.779461,4.525285,1.511781,5.790720,19.600710,19.600710
1.511781,4.157397,3.389619,7.093206,19.861502,19.861502
3.389619,4.157397,1.511781,7.093206,19.861502,19.861502
1.511781,4.885548,4.157388,5.377543,19.627596,19.627596
4.157388,4.885548,1.511781,5.377543,19.627596,19.627596
1.511781,5.796105,5.102258,5.584518,20.028714,20.028714
5.102258,5.796105,1.511781,5.584518,20.028714,20.028714
1.511781,6.716148,6.047127,5.502584,19.976113,19.976113
6.047127,6.716148,1.511781,5.502584,19.976113,19.976113
1.889721,3.095943,1.889726,23.672012,16.263451,16.263451
1.889726,3.095943,1.889721,23.672012,16.263451,16.263451
1.889726,3.252544,2.078694,20.984975,11.941307,11.941307
2.078694,3.252544,1.889726,20.984975,11.941307,11.941307
1.889726,3.412426,2.267667,18.888576,9.794176,9.794176
2.267667,3.412426,1.889726,18.888576,9.794176,9.794176
1.889726,3.575161,2.456646,17.024836,8.615929,8.615929
2.456646,3.575161,1.889726,17.024836,8.615929,8.615929
1.889726,3.740351,2.645618,15.123854,7.673410,7.673410
2.645618,3.740351,1.889726,15.123854,7.673410,7.673410
1.889726,3.907697,2.834591,12.653077,6.200461,6.200461
2.834591,3.907697,1.889726,12.653077,6.200461,6.200461
1.889726,4.247835,3.212536,9.321417,4.623395,4.623395
3.212536,4.247835,1.889726,9.321417,4.623395,4.623395
1.889726,4.768741,3.779461,6.929520,3.840196,3.840196
3.779461,4.768741,1.889726,6.929520,3.840196,3.840196
1.889726,5.121422,4.157388,6.034543,3.366183,3.366183
4.157388,5.121422,1.889726,6.034543,3.366183,3.366183
1.889726,6.016602,5.102258,5.437880,2.959211,2.959211
5.102258,6.016602,1.889726,5.437880,2.959211,2.959211
1.889726,6.924997,6.047127,5.349986,2.898414,2.898414
6.047127,6.924997,1.889726,5.349986,2.898414,2.898414
2.267667,3.715128,2.267671,15.486110,4.344998,4.344998
2.267671,3.715128,2.267667,15.486110,4.344998,4.344998
2.267671,3.871455,2.456646,14.108751,3.467004,3.467004
2.456646,3.871455,2.267671,14.108751,3.467004,3.467004
2.267671,4.030567,2.645618,12.896830,3.047803,3.047803
2.645618,4.030567,2.267671,12.896830,3.047803,3.047803
2.267671,4.192158,2.834591,11.778010,2.793169,2.793169
2.834591,4.192158,2.267671,11.778010,2.793169,2.793169
2.267671,4.521714,3.212536,9.293352,1.900519,1.900519
3.212536,4.521714,2.267671,9.293352,1.900519,1.900519
2.267671,5.028843,3.779461,6.807413,0.953187,0.953187
3.779461,5.028843,2.267671,6.807413,0.953187,0.953187
2.267671,5.373550,4.157388,5.918725,0.479564,0.479564
4.157388,5.373550,2.267671,5.918725,0.479564,0.479564
2.267671,6.252187,5.102258,5.331129,0.078836,0.078836
5.102258,6.252187,2.267671,5.331129,0.078836,0.078836
2.267671,7.147742,6.047127,5.245707,0.018516,0.018516
6.047127,7.147742,2.267671,5.245707,0.018516,0.018516
2.645617,4.334328,2.645618,10.944122,2.141667,2.141667
2.645618,4.334328,2.645617,10.944122,2.141667,2.141667
2.645617,4.490431,2.834591,10.139948,2.127747,2.127747
2.834591,4.490431,2.645617,10.139948,2.127747,2.127747
2.645617,4.809718,3.212536,8.700632,2.206323,2.206323
3.212536,4.809718,2.645617,8.700632,2.206323,2.206323
2.645617,5.303142,3.779461,6.641370,1.662407,1.662407
3.779461,5.303142,2.645617,6.641370,1.662407,1.662407
2.645617,5.639751,4.157388,5.817813,1.252312,1.252312
4.157388,5.639751,2.645617,5.817813,1.252312,1.252312
2.645617,6.501221,5.102258,5.257368,0.875868,0.875868
5.102258,6.501221,2.645617,5.257368,0.875868,0.875868
2.645617,7.383124,6.047127,5.174930,0.816893,0.816893
6.047127,7.383124,2.645617,5.174930,0.816893,0.816893
3.023562,5.109457,3.212536,7.677909,2.709043,2.709043
3.212536,5.109457,3.023562,7.677909,2.709043,2.709043
3.023562,5.589548,3.779461,6.473689,3.014587,3.014587
3.779461,5.589548,3.023562,6.473689,3.014587,3.014587
3.023562,5.918128,4.157388,5.735175,2.688445,2.688445
4.157388,5.918128,3.023562,5.735175,2.688445,2.688445
3.023562,6.762218,5.102258,5.209441,2.343830,2.343830
5.102258,6.762218,3.023562,5.209441,2.343830,2.343830
3.023562,7.629975,6.047127,5.129745,2.286330,2.286330
6.047127,7.629975,3.023562,5.129745,2.286330,2.286330
3.779452,6.191897,3.779461,5.515300,4.281903,4.281903
3.779461,6.191897,3.779452,5.515300,4.281903,4.281903
3.779452,6.505089,4.157388,5.354226,4.530639,4.530639
4.157388,6.505089,3.779452,5.354226,4.530639,4.530639
3.779452,7.314922,5.102258,5.261657,4.614766,4.614766
5.102258,7.314922,3.779452,5.261657,4.614766,4.614766
3.779452,8.153868,6.047127,5.243580,4.617238,4.617238
6.047127,8.153868,3.779452,5.243580,4.617238,4.617238
4.535343,7.901350,5.102258,5.217110,5.111111,5.111111
5.102258,7.901350,4.535343,5.217110,5.111111,5.111111
4.535343,8.711908,6.047127,5.207723,5.121389,5.121389
6.047127,8.711908,4.535343,5.207723,5.121389,5.121389
5.291233,9.297950,6.047127,5.177825,5.135786,5.135786
6.047127,9.297950,5.291233,5.177825,5.135786,5.135786
