R1,R2,R3,ETriat,E,ENew
1.511777,2.681929,1.511781,25.803852,50.589791,50.589791
1.511781,2.681929,1.511777,25.803852,50.589791,50.589791
1.511781,2.850893,1.700760,24.343762,38.275640,38.275640
1.700760,2.850893,1.511781,24.343762,38.275640,38.275640
1.511781,3.022220,1.889727,23.177204,32.406610,32.406610
1.889727,3.022220,1.511781,23.177204,32.406610,32.406610
1.511781,3.195531,2.078699,20.135686,27.815912,27.815912
2.078699,3.195531,1.511781,20.135686,27.815912,27.815912
1.511781,3.370530,2.267666,18.061211,25.766047,25.766047
2.267666,3.370530,1.511781,18.061211,25.766047,25.766047
1.511781,3.546974,2.456648,16.342375,24.791568,24.791568
2.456648,3.546974,1.511781,16.342375,24.791568,24.791568
1.511781,3.724637,2.645615,13.699701,23.147418,23.147418
2.645615,3.724637,1.511781,13.699701,23.147418,23.147418
1.511781,3.903359,2.834587,11.188233,21.656646,21.656646
2.834587,3.903359,1.511781,11.188233,21.656646,21.656646
1.511781,4.263472,3.212537,7.880501,20.115919,20.115919
3.212537,4.263472,1.511781,7.880501,20.115919,20.115919
1.511781,4.808757,3.779443,5.783247,19.622783,19.622783
3.779443,4.808757,1.511781,5.783247,19.622783,19.622783
1.511781,5.174876,4.157393,5.442367,19.701749,19.701749
4.157393,5.174876,1.511781,5.442367,19.701749,19.701749
1.511781,6.096488,5.102264,5.586913,20.035739,20.035739
5.102264,6.096488,1.511781,5.586913,20.035739,20.035739
1.511781,7.024269,6.047124,5.504833,19.980146,19.980146
6.047124,7.024269,1.511781,5.504833,19.980146,19.980146
1.889726,3.352419,1.889727,20.731733,14.230065,14.230065
1.889727,3.352419,1.889726,20.731733,14.230065,14.230065
1.889726,3.521113,2.078699,20.038335,11.811388,11.811388
2.078699,3.521113,1.889726,20.038335,11.811388,11.811388
1.889726,3.691779,2.267666,18.172226,9.763474,9.763474
2.267666,3.691779,1.889726,18.172226,9.763474,9.763474
1.889726,3.864158,2.456648,16.507355,8.632494,8.632494
2.456648,3.864158,1.889726,16.507355,8.632494,8.632494
1.889726,4.038013,2.645615,14.648867,7.583083,7.583083
2.645615,4.038013,1.889726,14.648867,7.583083,7.583083
1.889726,4.213164,2.834587,12.155920,5.959010,5.959010
2.834587,4.213164,1.889726,12.155920,5.959010,5.959010
1.889726,4.566794,3.212537,9.165999,4.557048,4.557048
3.212537,4.566794,1.889726,9.165999,4.557048,4.557048
1.889726,5.103758,3.779443,6.897952,3.822547,3.822547
3.779443,5.103758,1.889726,6.897952,3.822547,3.822547
1.889726,5.465109,4.157393,6.031763,3.371213,3.371213
4.157393,5.465109,1.889726,6.031763,3.371213,3.371213
1.889726,6.376903,5.102264,5.439717,2.965455,2.965455
5.102264,6.376903,1.889726,5.439717,2.965455,2.965455
1.889726,7.297104,6.047124,5.350896,2.900973,2.900973
6.047124,7.297104,1.889726,5.350896,2.900973,2.900973
2.267666,4.022893,2.267671,15.227366,4.503147,4.503147
2.267671,4.022893,2.267666,15.227366,4.503147,4.503147
2.267671,4.191430,2.456648,14.013494,3.662100,3.662100
2.456648,4.191430,2.267671,14.013494,3.662100,3.662100
2.267671,4.361635,2.645615,12.915178,3.253436,3.253436
2.645615,4.361635,2.267671,12.915178,3.253436,3.253436
2.267671,4.533319,2.834587,11.831177,2.958430,2.958430
2.834587,4.533319,2.267671,11.831177,2.958430,2.958430
2.267671,4.880543,3.212537,9.163521,1.804598,1.804598
3.212537,4.880543,2.267671,9.163521,1.804598,1.804598
2.267671,5.409088,3.779443,6.777394,0.932415,0.932415
3.779443,5.409088,2.267671,6.777394,0.932415,0.932415
2.267671,5.765516,4.157393,5.903833,0.472365,0.472365
4.157393,5.765516,2.267671,5.903833,0.472365,0.472365
2.267671,6.666956,5.102264,5.327592,0.079140,0.079140
5.102264,6.666956,2.267671,5.327592,0.079140,0.079140
2.267671,7.578970,6.047124,5.244945,0.019210,0.019210
6.047124,7.578970,2.267671,5.244945,0.019210,0.019210
2.645615,4.693384,2.645617,11.142963,2.409397,2.409397
2.645617,4.693384,2.645615,11.142963,2.409397,2.409397
2.645617,4.861779,2.834587,10.370765,2.397342,2.397342
2.834587,4.861779,2.645617,10.370765,2.397342,2.397342
2.645617,5.202835,3.212537,8.794973,2.314560,2.314560
3.212537,5.202835,2.645617,8.794973,2.314560,2.314560
2.645617,5.723094,3.779443,6.602577,1.632052,1.632052
3.779443,5.723094,2.645617,6.602577,1.632052,1.632052
2.645617,6.074588,4.157393,5.790862,1.232538,1.232538
4.157393,6.074588,2.645617,5.790862,1.232538,1.232538
2.645617,6.965444,5.102264,5.249262,0.870925,0.870925
5.102264,6.965444,2.645617,5.249262,0.870925,0.870925
2.645617,7.868896,6.047124,5.172596,0.815809,0.815809
6.047124,7.868896,2.645617,5.172596,0.815809,0.815809
3.023562,5.532175,3.212537,7.880861,2.921484,2.921484
3.212537,5.532175,3.023562,7.880861,2.921484,2.921484
3.023562,6.044424,3.779443,6.430483,2.979071,2.979071
3.779443,6.044424,3.023562,6.430483,2.979071,2.979071
3.023562,6.391067,4.157393,5.699296,2.658611,2.658611
4.157393,6.391067,3.023562,5.699296,2.658611,2.658611
3.023562,7.271327,5.102264,5.197942,2.334854,2.334854
5.102264,7.271327,3.023562,5.197942,2.334854,2.334854
3.023562,8.166024,6.047124,5.126351,2.283988,2.283988
6.047124,8.166024,3.023562,5.126351,2.283988,2.283988
3.779443,6.704822,3.779452,5.586563,4.357963,4.357963
3.779452,6.704822,3.779443,5.586563,4.357963,4.357963
3.779452,7.042233,4.157393,5.385189,4.565114,4.565114
4.157393,7.042233,3.779452,5.385189,4.565114,4.565114
3.779452,7.901824,5.102264,5.264014,4.618669,4.618669
5.102264,7.901824,3.779452,5.264014,4.618669,4.618669
3.779452,8.778945,6.047124,5.242773,4.617151,4.617151
6.047124,8.778945,3.779452,5.242773,4.617151,4.617151
4.535343,8.552671,5.102264,5.218341,5.113280,5.113280
5.102264,8.552671,4.535343,5.218341,5.113280,5.113280
4.535343,9.412679,6.047124,5.206246,5.120391,5.120391
6.047124,9.412679,4.535343,5.206246,5.120391,5.120391
5.291233,10.063296,6.047124,5.177726,5.136002,5.136002
6.047124,10.063296,5.291233,5.177726,5.136002,5.136002
