R1,R2,R3,ETriat,E,ENew
1.511781,2.042701,1.511788,42.223074,66.828004,66.828004
1.511788,2.042701,1.511781,42.223074,66.828004,66.828004
1.511781,2.174831,1.700762,39.048602,51.432920,51.432920
1.700762,2.174831,1.511781,39.048602,51.432920,51.432920
1.511781,2.314845,1.889718,35.616118,42.477363,42.477363
1.889718,2.314845,1.511781,35.616118,42.477363,42.477363
1.511781,2.461435,2.078691,31.833633,36.739640,36.739640
2.078691,2.461435,1.511781,31.833633,36.739640,36.739640
1.511781,2.613463,2.267665,26.815858,31.641190,31.641190
2.267665,2.613463,1.511781,26.815858,31.641190,31.641190
1.511781,2.770052,2.456638,22.640300,28.322621,28.322621
2.456638,2.770052,1.511781,22.640300,28.322621,28.322621
1.511781,2.930454,2.645612,17.832190,24.784283,24.784283
2.645612,2.930454,1.511781,17.832190,24.784283,24.784283
1.511781,3.094091,2.834585,14.186083,22.537198,22.537198
2.834585,3.094091,1.511781,14.186083,22.537198,22.537198
1.511781,3.429184,3.212532,9.395851,20.376061,20.376061
3.212532,3.429184,1.511781,9.395851,20.376061,20.376061
1.511781,3.946364,3.779453,5.972692,19.472569,19.472569
3.779453,3.946364,1.511781,5.972692,19.472569,19.472569
1.511781,4.298129,4.157400,5.389523,19.545031,19.545031
4.157400,4.298129,1.511781,5.389523,19.545031,19.545031
1.511781,5.193657,5.102269,5.580720,20.012626,20.012626
5.102269,5.193657,1.511781,5.580720,20.012626,20.012626
1.511781,6.104062,6.047118,5.505059,19.972558,19.972558
6.047118,6.104062,1.511781,5.505059,19.972558,19.972558
1.889718,2.553349,1.889726,30.328356,20.794394,20.794394
1.889726,2.553349,1.889718,30.328356,20.794394,20.794394
1.889726,2.684642,2.078691,27.094497,15.827772,15.827772
2.078691,2.684642,1.889726,27.094497,15.827772,15.827772
1.889726,2.822477,2.267665,24.123962,12.841329,12.841329
2.267665,2.822477,1.889726,24.123962,12.841329,12.841329
1.743803,2.456647,1.889726,31.960961,25.902080,25.902080
1.889726,2.456647,1.743803,31.960961,25.902080,25.902080
1.889726,2.965962,2.456638,21.403456,10.955684,10.955684
2.456638,2.965962,1.889726,21.403456,10.955684,10.955684
1.889726,3.114297,2.645612,18.003307,8.756516,8.756516
2.645612,3.114297,1.889726,18.003307,8.756516,8.756516
1.889726,3.266840,2.834585,14.885467,6.941771,6.941771
2.834585,3.266840,1.889726,14.885467,6.941771,6.941771
1.889726,3.582352,3.212532,10.623533,5.079586,5.079586
3.212532,3.582352,1.889726,10.623533,5.079586,5.079586
1.889726,4.075584,3.779453,7.161533,3.856848,3.856848
3.779453,4.075584,1.889726,7.161533,3.856848,3.856848
1.889726,4.414251,4.157400,6.069870,3.336392,3.336392
4.157400,4.414251,1.889726,6.069870,3.336392,3.336392
1.889726,5.284271,5.102269,5.427637,2.935274,2.935274
5.102269,5.284271,1.889726,5.427637,2.935274,2.935274
1.889726,6.176307,6.047118,5.350635,2.892690,2.892690
6.047118,6.176307,1.889726,5.350635,2.892690,2.892690
2.267665,3.064024,2.267671,19.322931,6.237191,6.237191
2.267671,3.064024,2.267665,19.322931,6.237191,6.237191
2.267671,3.194739,2.456638,17.253719,4.912504,4.912504
2.456638,3.194739,2.267671,17.253719,4.912504,4.912504
2.267671,3.331038,2.645612,15.413606,4.158402,4.158402
2.645612,3.331038,2.267671,15.413606,4.158402,4.158402
2.267671,3.472287,2.834585,13.719527,3.636645,3.636645
2.834585,3.472287,2.267671,13.719527,3.636645,3.636645
2.267671,3.767344,3.212532,10.108696,2.158796,2.158796
3.212532,3.767344,2.267671,10.108696,2.158796,2.158796
2.267671,4.234698,3.779453,7.014467,1.032673,1.032673
3.779453,4.234698,2.267671,7.014467,1.032673,1.032673
2.267671,4.558837,4.157400,5.997201,0.516076,0.516076
4.157400,4.558837,2.267671,5.997201,0.516076,0.516076
2.267671,5.399875,5.102269,5.340554,0.074023,0.074023
5.102269,5.399875,2.267671,5.340554,0.074023,0.074023
2.267671,6.270538,6.047118,5.247259,0.013746,0.013746
6.047118,6.270538,2.267671,5.247259,0.013746,0.013746
2.645612,3.574699,2.645617,12.432115,2.730899,2.730899
2.645617,3.574699,2.645612,12.432115,2.730899,2.730899
2.645617,3.704995,2.834585,11.239013,2.564380,2.564380
2.834585,3.704995,2.645617,11.239013,2.564380,2.564380
2.645617,3.979723,3.212532,9.280233,2.481728,2.481728
3.212532,3.979723,2.645617,9.280233,2.481728,2.481728
2.645617,4.420479,3.779453,6.806913,1.760063,1.760063
3.779453,4.420479,2.645617,6.806913,1.760063,1.760063
2.645617,4.729277,4.157400,5.913268,1.319223,1.319223
4.157400,4.729277,2.645617,5.913268,1.319223,1.319223
2.645617,5.538905,5.102269,5.280415,0.885018,0.885018
5.102269,5.538905,2.645617,5.280415,0.885018,0.885018
2.645617,6.385782,6.047118,5.180816,0.816806,0.816806
6.047118,6.385782,2.645617,5.180816,0.816806,0.816806
3.023562,4.215353,3.212532,7.914933,2.806526,2.806526
3.212532,4.215353,3.023562,7.914933,2.806526,2.806526
3.023562,4.629717,3.779453,6.576358,3.080196,3.080196
3.779453,4.629717,3.023562,6.576358,3.080196,3.080196
3.023562,4.922886,4.157400,5.836329,2.767108,2.767108
4.157400,4.922886,3.023562,5.836329,2.767108,2.767108
3.023562,5.699647,5.102269,5.238321,2.359919,2.359919
5.102269,5.699647,3.023562,5.238321,2.359919,2.359919
3.023562,6.520925,6.047118,5.137954,2.289105,2.289105
6.047118,6.520925,3.023562,5.137954,2.289105,2.289105
3.779452,5.106725,3.779453,5.528819,4.275051,4.275051
3.779453,5.106725,3.779452,5.528819,4.275051,4.275051
3.779452,5.369299,4.157400,5.372699,4.531680,4.531680
4.157400,5.369299,3.779452,5.372699,4.531680,4.531680
3.779452,6.079147,5.102269,5.281247,4.625000,4.625000
5.102269,6.079147,3.779452,5.281247,4.625000,4.625000
3.779452,6.846022,6.047118,5.252140,4.621661,4.621661
6.047118,6.846022,3.779452,5.252140,4.621661,4.621661
4.535343,6.524479,5.102269,5.225152,5.113150,5.113150
5.102269,6.524479,4.535343,5.225152,5.113150,5.113150
4.535343,7.235766,6.047118,5.209482,5.120218,5.120218
6.047118,7.235766,4.535343,5.209482,5.120218,5.120218
5.291233,7.680323,6.047118,5.180943,5.136913,5.136913
6.047118,7.680323,5.291233,5.180943,5.136913,5.136913
