R1,R2,R3,ETriat,E,ENew
1.511780,2.920536,1.511781,21.770110,47.516750,47.516750
1.511781,2.920536,1.511780,21.770110,47.516750,47.516750
1.511781,3.103450,1.700749,21.179951,36.122568,36.122568
1.700749,3.103450,1.511781,21.179951,36.122568,36.122568
1.511781,3.287068,1.889734,20.370741,30.581588,30.581588
1.889734,3.287068,1.511781,20.370741,30.581588,30.581588
1.511781,3.471243,2.078702,22.035978,30.602620,30.602620
2.078702,3.471243,1.511781,22.035978,30.602620,30.602620
1.511781,3.655908,2.267671,18.854934,27.300616,27.300616
2.267671,3.655908,1.511781,18.854934,27.300616,27.300616
1.511781,3.840992,2.456639,15.742003,24.761257,24.761257
2.456639,3.840992,1.511781,15.742003,24.761257,24.761257
1.511781,4.026454,2.645624,13.223805,23.074176,23.074176
2.645624,4.026454,1.511781,13.223805,23.074176,23.074176
1.511781,4.212211,2.834592,10.895780,21.624774,21.624774
2.834592,4.212211,1.511781,10.895780,21.624774,21.624774
1.511781,4.584514,3.212529,7.731796,20.051697,20.051697
3.212529,4.584514,1.511781,7.731796,20.051697,20.051697
1.511781,5.144526,3.779451,5.879222,19.731280,19.731280
3.779451,5.144526,1.511781,5.879222,19.731280,19.731280
1.511781,5.518658,4.157404,5.617344,19.884268,19.884268
4.157404,5.518658,1.511781,5.617344,19.884268,19.884268
1.511781,6.455908,5.102263,5.562220,20.015098,20.015098
5.102263,6.455908,1.511781,5.562220,20.015098,20.015098
1.511781,7.395095,6.047121,5.498372,19.975159,19.975159
6.047121,7.395095,1.511781,5.498372,19.975159,19.975159
1.889726,3.650679,1.889734,20.535928,14.820901,14.820901
1.889734,3.650679,1.889726,20.535928,14.820901,14.820901
1.889726,3.833520,2.078702,18.739135,11.136729,11.136729
2.078702,3.833520,1.889726,18.739135,11.136729,11.136729
1.889726,4.016928,2.267671,18.896028,10.943021,10.943021
2.267671,4.016928,1.889726,18.896028,10.943021,10.943021
1.889726,4.200829,2.456639,15.765364,8.195774,8.195774
2.456639,4.200829,1.889726,15.765364,8.195774,8.195774
1.889726,4.385179,2.645624,13.455488,6.577556,6.577556
2.645624,4.385179,1.889726,13.455488,6.577556,6.577556
1.889726,4.569890,2.834592,11.633171,5.542801,5.542801
2.834592,4.569890,1.889726,11.633171,5.542801,5.542801
1.889726,4.940277,3.212529,9.095827,4.516069,4.516069
3.212529,4.940277,1.889726,9.095827,4.516069,4.516069
1.889726,5.497803,3.779451,6.858116,3.791672,3.791672
3.779451,5.497803,1.889726,6.858116,3.791672,3.791672
1.889726,5.870493,4.157404,5.996143,3.343156,3.343156
4.157404,5.870493,1.889726,5.996143,3.343156,3.343156
1.889726,6.804732,5.102263,5.429488,2.958647,2.958647
5.102263,6.804732,1.889726,5.429488,2.958647,2.958647
1.889726,7.741549,6.047121,5.348278,2.899628,2.899628
6.047121,7.741549,1.889726,5.348278,2.899628,2.899628
2.267671,4.380804,2.267671,16.063181,5.538985,5.538985
2.267671,4.380804,2.267671,16.063181,5.538985,5.538985
2.267671,4.563595,2.456639,14.901912,4.667757,4.667757
2.456639,4.563595,2.267671,14.901912,4.667757,4.667757
2.267671,4.746888,2.645624,12.761585,3.164106,3.164106
2.645624,4.746888,2.267671,12.761585,3.164106,3.164106
2.267671,4.930592,2.834592,11.294025,2.455363,2.455363
2.834592,4.930592,2.267671,11.294025,2.455363,2.455363
2.267671,5.299112,3.212529,9.072131,1.725632,1.725632
3.212529,5.299112,2.267671,9.072131,1.725632,1.725632
2.267671,5.854162,3.779451,6.731200,0.894688,0.894688
3.779451,5.854162,2.267671,6.731200,0.894688,0.894688
2.267671,6.225390,4.157404,5.866068,0.441403,0.441403
4.157404,6.225390,2.267671,5.866068,0.441403,0.441403
2.267671,7.156514,5.102263,5.315845,0.070120,0.070120
5.102263,7.156514,2.267671,5.315845,0.070120,0.070120
2.267671,8.090823,6.047121,5.241405,0.016739,0.016739
6.047121,8.090823,2.267671,5.241405,0.016739,0.016739
2.645617,5.110947,2.645624,12.024983,3.311457,3.311457
2.645624,5.110947,2.645617,12.024983,3.311457,3.311457
2.645617,5.293702,2.834592,10.242047,2.281863,2.281863
2.834592,5.293702,2.645617,10.242047,2.281863,2.281863
2.645617,5.660436,3.212529,8.585604,2.114781,2.114781
3.212529,5.660436,2.645617,8.585604,2.114781,2.114781
2.645617,6.213073,3.779451,6.535964,1.572860,1.572860
3.779451,6.213073,2.645617,6.535964,1.572860,1.572860
2.645617,6.582853,4.157404,5.737322,1.184447,1.184447
4.157404,6.582853,2.645617,5.737322,1.184447,1.184447
2.645617,7.510838,5.102263,5.232615,0.856398,0.856398
5.102263,7.510838,2.645617,5.232615,0.856398,0.856398
2.645617,8.442567,6.047121,5.167510,0.811603,0.811603
6.047121,8.442567,2.645617,5.167510,0.811603,0.811603
3.023562,6.023799,3.212529,7.832479,2.881632,2.881632
3.212529,6.023799,3.023562,7.832479,2.881632,2.881632
3.023562,6.574117,3.779451,6.348877,2.903271,2.903271
3.779451,6.574117,3.023562,6.348877,2.903271,2.903271
3.023562,6.942486,4.157404,5.627700,2.591093,2.591093
4.157404,6.942486,3.023562,5.627700,2.591093,2.591093
3.023562,7.867361,5.102263,5.176532,2.315080,2.315080
5.102263,7.867361,3.023562,5.176532,2.315080,2.315080
3.023562,8.796485,6.047121,5.120734,2.279088,2.279088
6.047121,8.796485,3.023562,5.120734,2.279088,2.279088
3.779451,7.301340,3.779452,5.727457,4.501889,4.501889
3.779452,7.301340,3.779451,5.727457,4.501889,4.501889
3.779452,7.667040,4.157404,5.462905,4.644991,4.644991
4.157404,7.667040,3.779452,5.462905,4.644991,4.644991
3.779452,8.585907,5.102263,5.267943,4.623569,4.623569
5.102263,8.585907,3.779452,5.267943,4.623569,4.623569
3.779452,9.509870,6.047121,5.242652,4.617498,4.617498
6.047121,9.509870,3.779452,5.242652,4.617498,4.617498
4.535343,9.310369,5.102263,5.203666,5.099186,5.099186
5.102263,9.310369,4.535343,5.203666,5.099186,5.099186
4.535343,10.229361,6.047121,5.203167,5.117616,5.117616
6.047121,10.229361,4.535343,5.203167,5.117616,5.117616
5.291233,10.953756,6.047121,5.177441,5.135916,5.135916
6.047121,10.953756,5.291233,5.177441,5.135916,5.135916
