R1,R2,R3,ETriat,E,ENew
1.511776,2.977621,1.511781,21.801945,47.779927,47.779927
1.511781,2.977621,1.511776,21.801945,47.779927,47.779927
1.511781,3.163893,1.700749,21.315356,36.485829,36.485829
1.700749,3.163893,1.511781,21.315356,36.485829,36.485829
1.511781,3.350468,1.889721,20.619500,31.038126,31.038126
1.889721,3.350468,1.511781,20.619500,31.038126,31.038126
1.511781,3.537298,2.078694,23.701458,32.442039,32.442039
2.078694,3.537298,1.511781,23.701458,32.442039,32.442039
1.511781,3.724344,2.267667,18.799415,27.378324,27.378324
2.267667,3.724344,1.511781,18.799415,27.378324,27.378324
1.511781,3.911579,2.456646,16.345832,25.458161,25.458161
2.456646,3.911579,1.511781,16.345832,25.458161,25.458161
1.511781,4.098970,2.645618,14.331103,24.240627,24.240627
2.645618,4.098970,1.511781,14.331103,24.240627,24.240627
1.511781,4.286500,2.834591,11.737172,22.500469,22.500469
2.834591,4.286500,1.511781,11.737172,22.500469,22.500469
1.511781,4.661909,3.212536,8.246705,20.575752,20.575752
3.212536,4.661909,1.511781,8.246705,20.575752,20.575752
1.511781,5.225713,3.779461,6.039318,19.893375,19.893375
3.779461,5.225713,1.511781,6.039318,19.893375,19.893375
1.511781,5.601911,4.157388,5.771083,20.039642,20.039642
4.157388,5.601911,1.511781,5.771083,20.039642,20.039642
1.511781,6.543329,5.102258,5.546404,20.000050,20.000050
5.102258,6.543329,1.511781,5.546404,20.000050,20.000050
1.511781,7.485616,6.047127,5.493756,19.970823,19.970823
6.047127,7.485616,1.511781,5.493756,19.970823,19.970823
1.889721,3.722029,1.889726,20.807180,15.232253,15.232253
1.889726,3.722029,1.889721,20.807180,15.232253,15.232253
1.889726,3.908269,2.078694,20.112409,12.609851,12.609851
2.078694,3.908269,1.889726,20.112409,12.609851,12.609851
1.889726,4.094760,2.267667,18.197503,10.309255,10.309255
2.267667,4.094760,1.889726,18.197503,10.309255,10.309255
1.889726,4.281472,2.456646,16.257898,8.726595,8.726595
2.456646,4.281472,1.889726,16.257898,8.726595,8.726595
1.889726,4.468370,2.645618,14.158798,7.301563,7.301563
2.645618,4.468370,1.889726,14.158798,7.301563,7.301563
1.889726,4.655436,2.834591,12.188653,6.108790,6.108790
2.834591,4.655436,1.889726,12.188653,6.108790,6.108790
1.889726,5.029996,3.212536,9.320552,4.743904,4.743904
3.212536,5.029996,1.889726,9.320552,4.743904,4.743904
1.889726,5.592695,3.779461,6.849579,3.785037,3.785037
3.779461,5.592695,1.889726,6.849579,3.785037,3.785037
1.889726,5.968250,4.157388,5.977483,3.326028,3.326028
4.157388,5.968250,1.889726,5.977483,3.326028,3.326028
1.889726,6.908321,5.102258,5.423678,2.953443,2.953443
5.102258,6.908321,1.889726,5.423678,2.953443,2.953443
1.889726,7.849544,6.047127,5.346658,2.898241,2.898241
6.047127,7.849544,1.889726,5.346658,2.898241,2.898241
2.267667,4.466437,2.267671,15.644820,5.142204,5.142204
2.267671,4.466437,2.267667,15.644820,5.142204,5.142204
2.267671,4.652659,2.456646,14.340765,4.117770,4.117770
2.456646,4.652659,2.267671,14.340765,4.117770,4.117770
2.267671,4.839090,2.645618,13.014330,3.422556,3.422556
2.645618,4.839090,2.267671,13.014330,3.422556,3.422556
2.267671,5.025712,2.834591,11.611856,2.776518,2.776518
2.834591,5.025712,2.267671,11.611856,2.776518,2.776518
2.267671,5.399446,3.212536,9.219622,1.875325,1.875325
3.212536,5.399446,2.267671,9.219622,1.875325,1.875325
2.267671,5.961046,3.779461,6.716691,0.881896,0.881896
3.779461,5.961046,2.267671,6.716691,0.881896,0.881896
2.267671,6.335952,4.157388,5.850011,0.426573,0.426573
4.157388,6.335952,2.267671,5.850011,0.426573,0.426573
2.267671,7.274636,5.102258,5.310915,0.065653,0.065653
5.102258,7.274636,2.267671,5.310915,0.065653,0.065653
2.267671,8.214737,6.047127,5.239829,0.015351,0.015351
6.047127,8.214737,2.267671,5.239829,0.015351,0.015351
2.645617,5.210849,2.645618,11.341459,2.630424,2.630424
2.645618,5.210849,2.645617,11.341459,2.630424,2.630424
2.645617,5.397051,2.834591,10.399602,2.441660,2.441660
2.834591,5.397051,2.645617,10.399602,2.441660,2.441660
2.645617,5.769996,3.212536,8.691040,2.222237,2.222237
3.212536,5.769996,2.645617,8.691040,2.222237,2.222237
2.645617,6.330529,3.779461,6.511249,1.549487,1.549487
3.779461,6.330529,2.645617,6.511249,1.549487,1.549487
2.645617,6.704794,4.157388,5.716344,1.164370,1.164370
4.157388,6.704794,2.645617,5.716344,1.164370,1.164370
2.645617,7.642083,5.102258,5.226323,0.850457,0.850457
5.102258,7.642083,2.645617,5.226323,0.850457,0.850457
2.645617,8.581036,6.047127,5.165538,0.809781,0.809781
6.047127,8.581036,2.645617,5.165538,0.809781,0.809781
3.023562,6.141447,3.212536,7.814976,2.865761,2.865761
3.212536,6.141447,3.023562,7.814976,2.865761,2.865761
3.023562,6.700955,3.779461,6.304153,2.859516,2.859516
3.779461,6.700955,3.023562,6.304153,2.859516,2.859516
3.023562,7.074596,4.157388,5.599522,2.563556,2.563556
4.157388,7.074596,3.023562,5.599522,2.563556,2.563556
3.023562,8.010508,5.102258,5.168720,2.307535,2.307535
5.102258,8.010508,3.023562,5.168720,2.307535,2.307535
3.023562,8.948302,6.047127,5.119270,2.277744,2.277744
6.047127,8.948302,3.023562,5.119270,2.277744,2.277744
3.779452,7.444077,3.779461,5.766213,4.541134,4.541134
3.779461,7.444077,3.779452,5.766213,4.541134,4.541134
3.779452,7.816538,4.157388,5.442976,4.625390,4.625390
4.157388,7.816538,3.779452,5.442976,4.625390,4.625390
3.779452,8.749793,5.102258,5.268698,4.624479,4.624479
5.102258,8.749793,3.779452,5.268698,4.624479,4.624479
3.779452,9.685301,6.047127,5.242663,4.617584,4.617584
6.047127,9.685301,3.779452,5.242663,4.617584,4.617584
4.535343,9.491695,5.102258,5.194033,5.089646,5.089646
5.102258,9.491695,4.535343,5.194033,5.089646,5.089646
4.535343,10.425006,6.047127,5.202468,5.116966,5.116966
6.047127,10.425006,4.535343,5.202468,5.116966,5.116966
5.291233,11.166878,6.047127,5.177323,5.135829,5.135829
6.047127,11.166878,5.291233,5.177323,5.135829,5.135829
