R1,R2,R3,ETriat,E,ENew
1.511781,3.020692,1.511788,22.592976,48.742090,48.742090
1.511788,3.020692,1.511781,22.592976,48.742090,48.742090
1.511781,3.209496,1.700762,22.093706,37.429953,37.429953
1.700762,3.209496,1.511781,22.093706,37.429953,37.429953
1.511781,3.398301,1.889718,21.439785,32.006403,32.006403
1.889718,3.398301,1.511781,21.439785,32.006403,32.006403
1.511781,3.587140,2.078691,26.421518,35.282649,35.282649
2.078691,3.587140,1.511781,26.421518,35.282649,35.282649
1.511781,3.775992,2.267665,19.470544,28.138974,28.138974
2.267665,3.775992,1.511781,19.470544,28.138974,28.138974
1.511781,3.964856,2.456638,17.569525,26.742303,26.742303
2.456638,3.964856,1.511781,17.569525,26.742303,26.742303
1.511781,4.153730,2.645612,16.200227,26.146870,26.146870
2.645612,4.153730,1.511781,16.200227,26.146870,26.146870
1.511781,4.342612,2.834585,13.180200,23.964268,23.964268
2.834585,4.342612,1.511781,13.180200,23.964268,23.964268
1.511781,4.720399,3.212532,9.249167,21.583491,21.583491
3.212532,4.720399,1.511781,9.249167,21.583491,21.583491
1.511781,5.287123,3.779453,6.693717,20.549170,20.549170
3.779453,5.287123,1.511781,6.693717,20.549170,20.549170
1.511781,5.664961,4.157400,6.225370,20.495138,20.495138
4.157400,5.664961,1.511781,6.225370,20.495138,20.495138
1.511781,6.609610,5.102269,5.526183,19.980363,19.980363
5.102269,6.609610,1.511781,5.526183,19.980363,19.980363
1.511781,7.554295,6.047118,5.488661,19.965923,19.965923
6.047118,7.554295,1.511781,5.488661,19.965923,19.965923
1.889718,3.775847,1.889726,21.422957,15.941603,15.941603
1.889726,3.775847,1.889718,21.422957,15.941603,15.941603
1.889726,3.964648,2.078691,21.898417,14.460155,14.460155
2.078691,3.964648,1.889726,21.898417,14.460155,14.460155
1.889726,4.153467,2.267665,20.081044,12.232887,12.232887
2.267665,4.153467,1.889726,20.081044,12.232887,12.232887
1.889726,4.342298,2.456638,18.424183,10.915615,10.915615
2.456638,4.342298,1.889726,18.424183,10.915615,10.915615
1.889726,4.531141,2.645612,15.659997,8.814624,8.814624
2.645612,4.531141,1.889726,15.659997,8.814624,8.814624
1.889726,4.719995,2.834585,13.243660,7.169693,7.169693
2.834585,4.719995,1.889726,13.243660,7.169693,7.169693
1.889726,5.097729,3.212532,9.832122,5.257422,5.257422
3.212532,5.097729,1.889726,9.832122,5.257422,5.257422
1.889726,5.664383,3.779453,6.846399,3.783216,3.783216
3.779453,5.664383,1.889726,6.846399,3.783216,3.783216
1.889726,6.042181,4.157400,5.959132,3.308769,3.308769
4.157400,6.042181,1.889726,5.959132,3.308769,3.308769
1.889726,6.986745,5.102269,5.417973,2.948153,2.948153
5.102269,6.986745,1.889726,5.417973,2.948153,2.948153
1.889726,7.931363,6.047118,5.345068,2.896810,2.896810
6.047118,7.931363,1.889726,5.345068,2.896810,2.896810
2.267665,4.531019,2.267671,16.985458,6.495121,6.495121
2.267671,4.531019,2.267665,16.985458,6.495121,6.495121
2.267671,4.719820,2.456638,15.831215,5.614395,5.614395
2.456638,4.719820,2.267671,15.831215,5.614395,5.614395
2.267671,4.908635,2.645612,14.476182,4.887656,4.887656
2.645612,4.908635,2.267671,14.476182,4.887656,4.887656
2.267671,5.097460,2.834585,12.557297,3.724023,3.724023
2.834585,5.097460,2.267671,12.557297,3.724023,3.724023
2.267671,5.475143,3.212532,9.563890,2.221153,2.221153
3.212532,5.475143,2.267671,9.563890,2.221153,2.221153
2.267671,6.041729,3.779453,6.705542,0.871922,0.871922
3.779453,6.041729,2.267671,6.705542,0.871922,0.871922
2.267671,6.419486,4.157400,5.835026,0.412436,0.412436
4.157400,6.419486,2.267671,5.835026,0.412436,0.412436
2.267671,7.363964,5.102269,5.306309,0.061360,0.061360
5.102269,7.363964,2.267671,5.306309,0.061360,0.061360
2.267671,8.308511,6.047118,5.238270,0.013920,0.013920
6.047118,8.308511,2.267671,5.238270,0.013920,0.013920
2.645612,5.286192,2.645617,12.472979,3.763658,3.763658
2.645617,5.286192,2.645612,12.472979,3.763658,3.763658
2.645617,5.474992,2.834585,11.303186,3.346842,3.346842
2.834585,5.474992,2.645617,11.303186,3.346842,3.346842
2.645617,5.852625,3.212532,9.049520,2.582116,2.582116
3.212532,5.852625,2.645617,9.049520,2.582116,2.582116
2.645617,6.419145,3.779453,6.489117,1.528238,1.528238
3.779453,6.419145,2.645617,6.489117,1.528238,1.528238
2.645617,6.796862,4.157400,5.696605,1.145246,1.145246
4.157400,6.796862,2.645617,5.696605,1.145246,1.145246
2.645617,7.741253,5.102269,5.220319,0.844690,0.844690
5.102269,7.741253,2.645617,5.220319,0.844690,0.844690
2.645617,8.685728,6.047118,5.163137,0.807483,0.807483
6.047118,8.685728,2.645617,5.163137,0.807483,0.807483
3.023562,6.230164,3.212532,8.221823,3.273687,3.273687
3.212532,6.230164,3.023562,8.221823,3.273687,3.273687
3.023562,6.796620,3.779453,6.256309,2.812293,2.812293
3.779453,6.796620,3.023562,6.256309,2.812293,2.812293
3.023562,7.174298,4.157400,5.571243,2.535717,2.535717
4.157400,7.174298,3.023562,5.571243,2.535717,2.535717
3.023562,8.118603,5.102269,5.160042,2.299035,2.299035
5.102269,8.118603,3.023562,5.160042,2.299035,2.299035
3.023562,9.063006,6.047118,5.118452,2.277006,2.277006
6.047118,9.063006,3.023562,5.118452,2.277006,2.277006
3.779452,7.551711,3.779453,5.792322,4.567542,4.567542
3.779453,7.551711,3.779452,5.792322,4.567542,4.567542
3.779452,7.929316,4.157400,5.428824,4.611470,4.611470
4.157400,7.929316,3.779452,5.428824,4.611470,4.611470
3.779452,8.873455,5.102269,5.268898,4.624783,4.624783
5.102269,8.873455,3.779452,5.268898,4.624783,4.624783
3.779452,9.817716,6.047118,5.242699,4.617671,4.617671
6.047118,9.817716,3.779452,5.242699,4.617671,4.617671
4.535343,9.628470,5.102269,5.186513,5.082188,5.082188
5.102269,9.628470,4.535343,5.186513,5.082188,5.082188
4.535343,10.572594,6.047118,5.202132,5.116662,5.116662
6.047118,10.572594,4.535343,5.202132,5.116662,5.116662
5.291233,11.327608,6.047118,5.177259,5.135786,5.135786
6.047118,11.327608,5.291233,5.177259,5.135786,5.135786
