R1,R2,R3,ETriat,E,ENew
1.511781,2.997695,1.511782,34.414483,60.472473,60.472473
1.511782,2.997695,1.511781,34.414483,60.472473,60.472473
1.511781,3.185141,1.700749,32.104793,47.353397,47.353397
1.700749,3.185141,1.511781,32.104793,47.353397,47.353397
1.511781,3.372776,1.889734,29.771688,40.260025,40.260025
1.889734,3.372776,1.511781,29.771688,40.260025,40.260025
1.511781,3.560534,2.078701,27.503137,36.301012,36.301012
2.078701,3.560534,1.511781,27.503137,36.301012,36.301012
1.511781,3.748415,2.267668,24.485501,33.107288,33.107288
2.267668,3.748415,1.511781,24.485501,33.107288,33.107288
1.511781,3.936399,2.456635,21.310890,30.452363,30.452363
2.456635,3.936399,1.511781,21.310890,30.452363,30.452363
1.511781,4.124495,2.645625,18.515470,28.443087,28.443087
2.645625,4.124495,1.511781,18.515470,28.443087,28.443087
1.511781,4.312647,2.834592,16.137064,26.910556,26.910556
2.834592,4.312647,1.511781,16.137064,26.910556,26.910556
1.511781,4.689148,3.212526,11.322807,23.654431,23.654431
3.212526,4.689148,1.511781,11.322807,23.654431,23.654431
1.511781,5.254307,3.779450,7.248704,21.103407,21.103407
3.779450,5.254307,1.511781,7.248704,21.103407,21.103407
1.511781,5.631281,4.157402,6.165426,20.434559,20.434559
4.157402,5.631281,1.511781,6.165426,20.434559,20.434559
1.511781,6.574183,5.102260,5.480801,19.934701,19.934701
5.102260,6.574183,1.511781,5.480801,19.934701,19.934701
1.511781,7.517576,6.047118,5.401212,19.878371,19.878371
6.047118,7.517576,1.511781,5.401212,19.878371,19.878371
1.889726,3.747127,1.889734,27.111620,21.581323,21.581323
1.889734,3.747127,1.889726,27.111620,21.581323,21.581323
1.889726,3.934554,2.078701,25.793850,18.322336,18.322336
2.078701,3.934554,1.889726,25.793850,18.322336,18.322336
1.889726,4.122123,2.267668,23.616326,15.747635,15.747635
2.267668,4.122123,1.889726,23.616326,15.747635,15.747635
1.889726,4.309814,2.456635,21.810346,14.290211,14.290211
2.456635,4.309814,1.889726,21.810346,14.290211,14.290211
1.889726,4.497633,2.645625,19.420058,12.568742,12.568742
2.645625,4.497633,1.889726,19.420058,12.568742,12.568742
1.889726,4.685524,2.834592,15.909642,9.832726,9.832726
2.834592,4.685524,1.889726,15.909642,9.832726,9.832726
1.889726,5.061548,3.212526,10.967566,6.391827,6.391827
3.212526,5.061548,1.889726,10.967566,6.391827,6.391827
1.889726,5.626085,3.779450,7.078347,4.014433,4.014433
3.779450,5.626085,1.889726,7.078347,4.014433,4.014433
1.889726,6.002697,4.157402,6.041442,3.390510,3.390510
4.157402,6.002697,1.889726,6.041442,3.390510,3.390510
1.889726,6.944840,5.102260,5.410948,2.940911,2.940911
5.102260,6.944840,1.889726,5.410948,2.940911,2.940911
1.889726,7.887632,6.047118,5.335351,2.887009,2.887009
6.047118,7.887632,1.889726,5.335351,2.887009,2.887009
2.267668,4.496540,2.267671,21.988877,11.492358,11.492358
2.267671,4.496540,2.267668,21.988877,11.492358,11.492358
2.267671,4.683955,2.456635,19.960991,9.741055,9.741055
2.456635,4.683955,2.267671,19.960991,9.741055,9.741055
2.267671,4.871512,2.645625,17.403175,7.813043,7.813043
2.645625,4.871512,2.267671,17.403175,7.813043,7.813043
2.267671,5.059154,2.834592,14.869742,6.035418,6.035418
2.834592,5.059154,2.267671,14.869742,6.035418,6.035418
2.267671,5.434713,3.212526,10.438533,3.094940,3.094940
3.212526,5.434713,2.267671,10.438533,3.094940,3.094940
2.267671,5.998634,3.779450,6.837563,1.003316,1.003316
3.779450,5.998634,2.267671,6.837563,1.003316,1.003316
2.267671,6.374880,4.157402,5.868377,0.445349,0.445349
4.157402,6.374880,2.267671,5.868377,0.445349,0.445349
2.267671,7.316242,5.102260,5.292987,0.047874,0.047874
5.102260,7.316242,2.267671,5.292987,0.047874,0.047874
2.267671,8.258403,6.047118,5.226022,0.001604,0.001604
6.047118,8.258403,2.267671,5.226022,0.001604,0.001604
2.645617,5.245974,2.645625,14.263655,5.553469,5.553469
2.645625,5.245974,2.645617,14.263655,5.553469,5.553469
2.645617,5.433381,2.834592,12.747998,4.790824,4.790824
2.834592,5.433381,2.645617,12.747998,4.790824,4.790824
2.645617,5.808497,3.212526,9.727850,3.259681,3.259681
3.212526,5.808497,2.645617,9.727850,3.259681,3.259681
2.645617,6.371818,3.779450,6.605979,1.644627,1.644627
3.779450,6.371818,2.645617,6.605979,1.644627,1.644627
2.645617,6.747705,4.157402,5.731352,1.179677,1.179677
4.157402,6.747705,2.645617,5.731352,1.179677,1.179677
2.645617,7.688283,5.102260,5.220833,0.845080,0.845080
5.102260,7.688283,2.645617,5.220833,0.845080,0.845080
2.645617,8.629796,6.047118,5.163537,0.807830,0.807830
6.047118,8.629796,2.645617,5.163537,0.807830,0.807830
3.023562,6.182787,3.212526,8.680471,3.731742,3.731742
3.212526,6.182787,3.023562,8.680471,3.731742,3.731742
3.023562,6.745532,3.779450,6.372599,2.928249,2.928249
3.779450,6.745532,3.023562,6.372599,2.928249,2.928249
3.023562,7.121069,4.157402,5.614701,2.578951,2.578951
4.157402,7.121069,3.023562,5.614701,2.578951,2.578951
3.023562,8.060872,5.102260,5.172624,2.311524,2.311524
5.102260,8.060872,3.023562,5.172624,2.311524,2.311524
3.023562,9.001735,6.047118,5.126516,2.285029,2.285029
6.047118,9.001735,3.023562,5.126516,2.285029,2.285029
3.779450,7.494234,3.779452,5.964775,4.739828,4.739828
3.779452,7.494234,3.779450,5.964775,4.739828,4.739828
3.779452,7.869109,4.157402,5.514020,4.696551,4.696551
4.157402,7.869109,3.779452,5.514020,4.696551,4.696551
3.779452,8.807421,5.102260,5.195016,4.550847,4.550847
5.102260,8.807421,3.779452,5.195016,4.550847,4.550847
3.779452,9.746998,6.047118,5.162849,4.537794,4.537794
6.047118,9.746998,3.779452,5.162849,4.537794,4.537794
4.535343,9.555439,5.102260,5.225356,5.120998,5.120998
5.102260,9.555439,4.535343,5.225356,5.120998,5.120998
4.535343,10.493782,6.047118,5.209781,5.124294,5.124294
6.047118,10.493782,4.535343,5.209781,5.124294,5.124294
5.291233,11.241783,6.047118,5.216601,5.175117,5.175117
6.047118,11.241783,5.291233,5.216601,5.175117,5.175117
