R1,R2,R3,ETriat,E,ENew
1.511781,2.398759,1.511782,41.277539,65.176048,65.176048
1.511782,2.398759,1.511781,41.277539,65.176048,65.176048
1.511781,2.551270,1.700749,37.673775,50.455189,50.455189
1.700749,2.551270,1.511781,37.673775,50.455189,50.455189
1.511781,2.708394,1.889734,33.905828,41.868053,41.868053
1.889734,2.708394,1.511781,33.905828,41.868053,41.868053
1.511781,2.869350,2.078701,30.317167,36.718608,36.718608
2.078701,2.869350,1.511781,30.317167,36.718608,36.718608
1.511781,3.033540,2.267668,28.406433,34.903993,34.903993
2.267668,3.033540,1.511781,28.406433,34.903993,34.903993
1.511781,3.200464,2.456635,22.903666,30.286235,30.286235
2.456635,3.200464,1.511781,22.903666,30.286235,30.286235
1.511781,3.369744,2.645625,19.733838,28.304539,28.304539
2.645625,3.369744,1.511781,19.733838,28.304539,28.304539
1.511781,3.540992,2.834592,16.611868,26.412345,26.412345
2.834592,3.540992,1.511781,16.611868,26.412345,26.412345
1.511781,3.888416,3.212526,11.184513,23.115979,23.115979
3.212526,3.888416,1.511781,11.184513,23.115979,23.115979
1.511781,4.418978,3.779450,7.143399,20.930948,20.930948
3.779450,4.418978,1.511781,7.143399,20.930948,20.930948
1.511781,4.777328,4.157402,6.103481,20.347657,20.347657
4.157402,4.777328,1.511781,6.103481,20.347657,20.347657
1.511781,5.684306,5.102260,5.489691,19.931882,19.931882
5.102260,5.684306,1.511781,5.489691,19.931882,19.931882
1.511781,6.601918,6.047118,5.419295,19.891987,19.891987
6.047118,6.601918,1.511781,5.419295,19.891987,19.891987
1.889726,2.998447,1.889734,29.760328,21.968521,21.968521
1.889734,2.998447,1.889726,29.760328,21.968521,21.968521
1.889726,3.150465,2.078701,27.571945,18.159894,18.159894
2.078701,3.150465,1.889726,27.571945,18.159894,18.159894
1.889726,3.306295,2.267668,26.250999,16.823195,16.823195
2.267668,3.306295,1.889726,26.250999,16.823195,16.823195
1.889726,3.465424,2.456635,22.219830,13.528520,13.528520
2.456635,3.465424,1.889726,22.219830,13.528520,13.528520
1.889726,3.627444,2.645625,18.408699,10.735871,10.735871
2.645625,3.627444,1.889726,18.408699,10.735871,10.735871
1.889726,3.791934,2.834592,15.219687,8.604741,8.604741
2.834592,3.791934,1.889726,15.219687,8.604741,8.604741
1.889726,4.127209,3.212526,10.747945,5.981776,5.981776
3.212526,4.127209,1.889726,10.747945,5.981776,5.981776
1.889726,4.642452,3.779450,7.043127,3.942882,3.942882
3.779450,4.642452,1.889726,7.043127,3.942882,3.942882
1.889726,4.992173,4.157402,6.038657,3.366486,3.366486
4.157402,4.992173,1.889726,6.038657,3.366486,3.366486
1.889726,5.881761,5.102260,5.410250,2.929506,2.929506
5.102260,5.881761,1.889726,5.410250,2.929506,2.929506
1.889726,6.786307,6.047118,5.335578,2.883193,2.883193
6.047118,6.786307,1.889726,5.335578,2.883193,2.883193
2.267668,3.598124,2.267671,23.337618,11.954402,11.954402
2.267671,3.598124,2.267668,23.337618,11.954402,11.954402
2.267671,3.749805,2.456635,20.143953,9.316130,9.316130
2.456635,3.749805,2.267671,20.143953,9.316130,9.316130
2.267671,3.904767,2.645625,16.581482,6.599671,6.599671
2.645625,3.904767,2.267671,16.581482,6.599671,6.599671
2.267671,4.062585,2.834592,13.911214,4.838438,4.838438
2.834592,4.062585,2.267671,13.911214,4.838438,4.838438
2.267671,4.385615,3.212526,10.119035,2.695297,2.695297
3.212526,4.385615,2.267671,10.119035,2.695297,2.695297
2.267671,4.884981,3.779450,6.850033,0.990436,0.990436
3.779450,4.884981,2.267671,6.850033,0.990436,0.990436
2.267671,5.225553,4.157402,5.905933,0.463476,0.463476
4.157402,5.225553,2.267671,5.905933,0.463476,0.463476
2.267671,6.096276,5.102260,5.302764,0.048524,0.048524
5.102260,6.096276,2.267671,5.302764,0.048524,0.048524
2.267671,6.986292,6.047118,5.229455,0.001518,0.001518
6.047118,6.986292,2.267671,5.229455,0.001518,0.001518
2.645617,4.197827,2.645625,14.419389,5.557025,5.557025
2.645625,4.197827,2.645617,14.419389,5.557025,5.557025
2.645617,4.349265,2.834592,12.800449,4.751970,4.751970
2.834592,4.349265,2.645617,12.800449,4.751970,4.751970
2.645617,4.660372,3.212526,9.461498,2.955568,2.955568
3.212526,4.660372,2.645617,9.461498,2.955568,2.955568
2.645617,5.143870,3.779450,6.668830,1.686084,1.686084
3.779450,5.143870,2.645617,6.668830,1.686084,1.686084
2.645617,5.475098,4.157402,5.806012,1.237265,1.237265
4.157402,5.475098,2.645617,5.806012,1.237265,1.237265
2.645617,5.102265,3.733958,6.821414,1.759759,1.759759
3.733958,5.102265,2.645617,6.821414,1.759759,1.759759
2.645617,6.326115,5.102260,5.242066,0.858870,0.858870
5.102260,6.326115,2.645617,5.242066,0.858870,0.858870
2.645617,6.047120,4.795815,5.312319,0.913508,0.913508
4.795815,6.047120,2.645617,5.312319,0.913508,0.913508
2.645617,7.200575,6.047118,5.171037,0.812340,0.812340
6.047118,7.200575,2.645617,5.171037,0.812340,0.812340
3.023562,4.948757,3.212526,8.848659,3.874714,3.874714
3.212526,4.948757,3.023562,8.848659,3.874714,3.874714
3.023562,5.416775,3.779450,6.476078,3.013459,3.013459
3.779450,5.416775,3.023562,6.476078,3.013459,3.013459
3.023562,5.738701,4.157402,5.720505,2.670752,2.670752
4.157402,5.738701,3.023562,5.720505,2.670752,2.670752
3.023562,6.569671,5.102260,5.205684,2.338670,2.338670
5.102260,6.569671,3.023562,5.205684,2.338670,2.338670
3.023562,7.427918,6.047118,5.136862,2.292878,2.292878
6.047118,7.427918,3.023562,5.136862,2.292878,2.292878
3.779450,5.996883,3.779452,5.951679,4.715631,4.715631
3.779452,5.996883,3.779450,5.951679,4.715631,4.715631
3.779452,6.300929,4.157402,5.571305,4.745725,4.745725
4.157402,6.300929,3.779452,5.571305,4.745725,4.745725
3.779452,7.092200,5.102260,5.227419,4.579641,4.579641
5.102260,7.092200,3.779452,5.227419,4.579641,4.579641
3.779452,7.917222,6.047118,5.170740,4.543996,4.543996
6.047118,7.917222,3.779452,5.170740,4.543996,4.543996
4.535343,7.653808,5.102260,5.228840,5.122299,5.122299
5.102260,7.653808,4.535343,5.228840,5.122299,5.122299
4.535343,8.445921,6.047118,5.212246,5.125638,5.125638
6.047118,8.445921,4.535343,5.212246,5.125638,5.125638
5.291233,9.007081,6.047118,5.216558,5.174336,5.174336
6.047118,9.007081,5.291233,5.216558,5.174336,5.174336
1.322810,2.918915,2.282033,27.113695,56.074788,56.074788
2.282033,2.918915,1.322810,27.113695,56.074788,56.074788
1.228318,2.857866,2.282033,27.886581,74.708652,74.708652
2.282033,2.857866,1.228318,27.886581,74.708652,74.708652
