R1,R2,R3,ETriat,E,ENew
1.511781,1.840621,1.511782,51.539768,79.103865,79.103865
1.511782,1.840621,1.511781,51.539768,79.103865,79.103865
1.511781,1.961397,1.700749,48.389960,62.307295,62.307295
1.700749,1.961397,1.511781,48.389960,62.307295,62.307295
1.511781,2.092309,1.889734,44.616317,51.952378,51.952378
1.889734,2.092309,1.511781,44.616317,51.952378,51.952378
1.511781,2.231544,2.078701,42.179762,46.848422,46.848422
2.078701,2.231544,1.511781,42.179762,46.848422,46.848422
1.511781,2.267671,2.128418,39.099394,43.476038,43.476038
2.128418,2.267671,1.511781,39.099394,43.476038,43.476038
1.511781,2.377654,2.267668,34.832521,38.990237,38.990237
2.267668,2.377654,1.511781,34.832521,38.990237,38.990237
1.511781,2.529448,2.456635,29.862171,34.651007,34.651007
2.456635,2.529448,1.511781,29.862171,34.651007,34.651007
1.511781,2.685974,2.645625,25.447014,31.413529,31.413529
2.645625,2.685974,1.511781,25.447014,31.413529,31.413529
1.511781,2.846430,2.834592,21.608022,28.966622,28.966622
2.834592,2.846430,1.511781,21.608022,28.966622,28.966622
1.511781,3.176765,3.212526,14.701872,24.846120,24.846120
3.212526,3.176765,1.511781,14.701872,24.846120,24.846120
1.511781,3.689456,3.779450,8.336129,21.447458,21.447458
3.779450,3.689456,1.511781,8.336129,21.447458,21.447458
1.511781,4.039318,4.157402,6.543721,20.541972,20.541972
4.157402,4.039318,1.511781,6.543721,20.541972,20.541972
1.511781,4.932114,5.102260,5.505760,19.929844,19.929844
5.102260,4.932114,1.511781,5.505760,19.929844,19.929844
1.511781,5.841311,6.047118,5.425328,19.888865,19.888865
6.047118,5.841311,1.511781,5.425328,19.888865,19.888865
1.889726,2.300790,1.889734,37.893407,27.820812,27.820812
1.889734,2.300790,1.889726,37.893407,27.820812,27.820812
1.889726,2.420475,2.078701,34.506741,22.387288,22.387288
2.078701,2.420475,1.889726,34.506741,22.387288,22.387288
1.889726,2.548564,2.267668,31.115934,18.789281,18.789281
2.267668,2.548564,1.889726,31.115934,18.789281,18.789281
1.889726,2.683855,2.456635,28.152551,16.567217,16.567217
2.456635,2.683855,1.889726,28.152551,16.567217,16.567217
1.889726,2.825322,2.645625,25.359411,14.956674,14.956674
2.645625,2.825322,1.889726,25.359411,14.956674,14.956674
1.889726,2.834588,2.660516,25.047915,14.739203,14.739203
2.660516,2.834588,1.889726,25.047915,14.739203,14.739203
1.889726,2.972068,2.834592,21.800438,12.743456,12.743456
2.834592,2.972068,1.889726,21.800438,12.743456,12.743456
1.889726,3.278555,3.212526,14.357248,7.935416,7.935416
3.212526,3.278555,1.889726,14.357248,7.935416,7.935416
1.889726,3.762746,3.779450,8.274627,4.592824,4.592824
3.779450,3.762746,1.889726,8.274627,4.592824,4.592824
1.889726,4.097357,4.157402,6.554170,3.672637,3.672637
4.157402,4.097357,1.889726,6.554170,3.672637,3.672637
1.889726,4.961163,5.102260,5.457890,2.956695,2.956695
5.102260,4.961163,1.889726,5.457890,2.956695,2.956695
1.889726,5.850081,6.047118,5.340120,2.877426,2.877426
6.047118,5.850081,1.889726,5.340120,2.877426,2.877426
2.267668,2.760943,2.267671,26.891179,12.582749,12.582749
2.267671,2.760943,2.267668,26.891179,12.582749,12.582749
2.267671,2.879885,2.456635,25.230358,11.656231,11.656231
2.456635,2.879885,2.267671,25.230358,11.656231,11.656231
2.267671,3.006015,2.645625,24.070248,11.623751,11.623751
2.645625,3.006015,2.267671,24.070248,11.623751,11.623751
2.267671,3.138455,2.834592,20.014668,8.831622,8.831622
2.834592,3.138455,2.267671,20.014668,8.831622,8.831622
2.267671,3.419313,3.212526,13.548386,4.796678,4.796678
3.212526,3.419313,2.267671,13.548386,4.796678,4.796678
2.267671,3.871707,3.779450,8.028691,1.734435,1.734435
3.779450,3.871707,2.267671,8.028691,1.734435,1.734435
2.267671,4.188825,4.157402,6.436099,0.836971,0.836971
4.157402,4.188825,2.267671,6.436099,0.836971,0.836971
2.267671,5.018586,5.102260,5.378144,0.102209,0.102209
5.102260,5.018586,2.267671,5.378144,0.102209,0.102209
2.267671,5.883168,6.047118,5.240700,0.001865,0.001865
6.047118,5.883168,2.267671,5.240700,0.001865,0.001865
2.645617,3.221101,2.645625,16.433345,5.672417,5.672417
2.645625,3.221101,2.645617,16.433345,5.672417,5.672417
2.645617,3.339505,2.834592,15.053397,5.442717,5.442717
2.834592,3.339505,2.645617,15.053397,5.442717,5.442717
2.645617,3.594462,3.212526,12.384431,4.960161,4.960161
3.212526,3.594462,2.645617,12.384431,4.960161,4.960161
2.645617,4.013435,3.779450,7.721845,2.455406,2.455406
3.779450,4.013435,2.645617,7.721845,2.455406,2.455406
2.645617,4.311596,4.157402,6.304310,1.630187,1.630187
4.157402,4.311596,2.645617,6.304310,1.630187,1.630187
2.645617,5.102260,5.103426,5.320640,0.915460,0.915460
5.103426,5.102260,2.645617,5.320640,0.915460,0.915460
2.645617,5.940166,6.047118,5.177180,0.807527,0.807527
6.047118,5.940166,2.645617,5.177180,0.807527,0.807527
2.645617,6.047113,6.165284,5.170939,0.804448,0.804448
6.165284,6.047113,2.645617,5.170939,0.804448,0.804448
3.023562,3.799251,3.212526,9.347727,3.831653,3.831653
3.212526,3.799251,3.023562,9.347727,3.831653,3.831653
3.023562,4.184601,3.779450,7.357244,3.731352,3.731352
3.779450,4.184601,3.023562,7.357244,3.731352,3.731352
3.023562,4.463088,4.157402,6.165335,3.048974,3.048974
4.157402,4.463088,3.023562,6.165335,3.048974,3.048974
3.023562,5.102258,4.962088,5.339402,2.443741,2.443741
4.962088,5.102258,3.023562,5.339402,2.443741,2.443741
3.023562,5.214346,5.102260,5.294663,2.406188,2.406188
5.102260,5.214346,3.023562,5.294663,2.406188,2.406188
3.023562,6.020395,6.047118,5.154012,2.299469,2.299469
6.047118,6.020395,3.023562,5.154012,2.299469,2.299469
3.779450,4.601565,3.779452,5.935072,4.651539,4.651539
3.779452,4.601565,3.779450,5.935072,4.651539,4.651539
3.779452,4.840950,4.157402,5.783192,4.926250,4.926250
4.157402,4.840950,3.779452,5.783192,4.926250,4.926250
3.779452,5.507752,5.102260,5.288256,4.622181,4.622181
5.102260,5.507752,3.779452,5.288256,4.622181,4.622181
3.779452,6.246710,6.047118,5.186840,4.551281,4.551281
6.047118,6.246710,3.779452,5.186840,4.551281,4.551281
4.535343,5.884217,5.102260,5.293633,5.173816,5.173816
5.102260,5.884217,4.535343,5.293633,5.173816,5.173816
4.535343,6.552890,6.047118,5.227721,5.134528,5.134528
6.047118,6.552890,4.535343,5.227721,5.134528,5.134528
5.291233,6.928353,6.047118,5.217138,5.170347,5.170347
6.047118,6.928353,5.291233,5.217138,5.170347,5.170347
