R1,R2,R3,ETriat,E,ENew
1.511781,2.645610,1.776799,35.834039,46.249780,46.249780
1.776799,2.645610,1.511781,35.834039,46.249780,46.249780
2.200012,3.597434,2.282033,23.757698,12.446845,12.446845
2.282033,3.597434,2.200012,23.757698,12.446845,12.446845
2.282033,3.758276,2.400020,21.029439,10.085062,10.085062
2.400020,3.758276,2.282033,21.029439,10.085062,10.085062
2.282033,3.922710,2.600010,17.126200,6.996496,6.996496
2.600010,3.922710,2.282033,17.126200,6.996496,6.996496
2.282033,4.090325,2.800019,14.186634,4.992771,4.992771
2.800019,4.090325,2.282033,14.186634,4.992771,4.992771
2.282033,4.260723,3.000009,11.964271,3.682524,3.682524
3.000009,4.260723,2.282033,11.964271,3.682524,3.682524
2.282033,4.433608,3.200017,10.168593,2.710344,2.710344
3.200017,4.433608,2.282033,10.168593,2.710344,2.710344
2.282033,4.608687,3.400013,8.708701,1.946485,1.946485
3.400013,4.608687,2.282033,8.708701,1.946485,1.946485
2.282033,4.785721,3.600021,7.582392,1.365363,1.365363
3.600021,4.785721,2.282033,7.582392,1.365363,1.365363
2.282033,4.964485,3.800012,6.763017,0.937272,0.937272
3.800012,4.964485,2.282033,6.763017,0.937272,0.937272
2.282033,5.144827,4.000020,6.199821,0.629907,0.629907
4.000020,5.144827,2.282033,6.199821,0.629907,0.629907
2.282033,5.326573,4.200028,5.831503,0.413780,0.413780
4.200028,5.326573,2.282033,5.831503,0.413780,0.413780
2.282033,5.509570,4.400018,5.600908,0.266039,0.266039
4.400018,5.509570,2.282033,5.600908,0.266039,0.266039
2.282033,5.693737,4.600032,5.458295,0.165564,0.165564
4.600032,5.693737,2.282033,5.458295,0.165564,0.165564
2.282033,5.878913,4.800022,5.371498,0.099911,0.099911
4.800022,5.878913,2.282033,5.371498,0.099911,0.099911
2.282033,6.065045,5.000031,5.318104,0.058195,0.058195
5.000031,6.065045,2.282033,5.318104,0.058195,0.058195
2.282033,6.252018,5.200021,5.284355,0.032350,0.032350
5.200021,6.252018,2.282033,5.284355,0.032350,0.032350
2.282033,6.439789,5.400029,5.262093,0.016522,0.016522
5.400029,6.439789,2.282033,5.262093,0.016522,0.016522
2.282033,6.628261,5.600019,5.246901,0.006982,0.006982
5.600019,6.628261,2.282033,5.246901,0.006982,0.006982
2.282033,6.817405,5.800028,5.235952,0.000997,0.000997
5.800028,6.817405,2.282033,5.235952,0.000997,0.000997
2.282033,7.007163,6.000042,5.228020,-0.002689,-0.002689
6.000042,7.007163,2.282033,5.228020,-0.002689,-0.002689
2.282033,7.483845,6.500035,5.216347,-0.006721,-0.006721
6.500035,7.483845,2.282033,5.216347,-0.006721,-0.006721
2.282033,7.963386,7.000029,5.211274,-0.007329,-0.007329
7.000029,7.963386,2.282033,5.211274,-0.007329,-0.007329
2.282033,8.445326,7.500046,5.209134,-0.006852,-0.006852
7.500046,8.445326,2.282033,5.209134,-0.006852,-0.006852
2.282033,8.929229,8.000040,5.208238,-0.006158,-0.006158
8.000040,8.929229,2.282033,5.208238,-0.006158,-0.006158
2.282033,9.414822,8.500039,5.207845,-0.005551,-0.005551
8.500039,9.414822,2.282033,5.207845,-0.005551,-0.005551
2.282033,9.901857,9.000050,5.207675,-0.005074,-0.005074
9.000050,9.901857,2.282033,5.207675,-0.005074,-0.005074
2.282033,10.390108,9.500044,5.207635,-0.004683,-0.004683
9.500044,10.390108,2.282033,5.207635,-0.004683,-0.004683
2.282033,10.879452,10.000061,5.207647,-0.004380,-0.004380
10.000061,10.879452,2.282033,5.207647,-0.004380,-0.004380
