R1,R2,R3,ETriat,E,ENew
1.511781,2.316189,1.511788,42.152417,65.940124,65.940124
1.511788,2.316189,1.511781,42.152417,65.940124,65.940124
1.511781,2.463939,1.700758,38.544952,51.063327,51.063327
1.700758,2.463939,1.511781,38.544952,51.063327,51.063327
1.511781,2.617011,1.889731,34.858964,42.473807,42.473807
1.889731,2.617011,1.511781,34.858964,42.473807,42.473807
1.511781,2.774500,2.078700,31.244565,37.260313,37.260313
2.078700,2.774500,1.511781,31.244565,37.260313,37.260313
1.511781,2.935719,2.267673,28.450836,34.556040,34.556040
2.267673,2.935719,1.511781,28.450836,34.556040,34.556040
1.511781,3.100063,2.456643,23.562508,30.570444,30.570444
2.456643,3.100063,1.511781,23.562508,30.570444,30.570444
1.511781,3.267082,2.645616,20.290285,28.524872,28.524872
2.645616,3.267082,1.511781,20.290285,28.524872,28.524872
1.511781,3.436365,2.834585,17.061678,26.580772,26.580772
2.834585,3.436365,1.511781,17.061678,26.580772,26.580772
1.511781,3.780543,3.212528,11.390042,23.164980,23.164980
3.212528,3.780543,1.511781,11.390042,23.164980,23.164980
1.511781,4.307457,3.779462,7.167294,20.919847,20.919847
3.779462,4.307457,1.511781,7.167294,20.919847,20.919847
1.511781,4.663936,4.157404,6.094928,20.329878,20.329878
4.157404,4.663936,1.511781,6.094928,20.329878,20.329878
1.511781,5.567531,5.102259,5.484294,19.924250,19.924250
5.102259,5.567531,1.511781,5.484294,19.924250,19.924250
1.511781,6.482900,6.047113,5.418775,19.890469,19.890469
6.047113,6.482900,1.511781,5.418775,19.890469,19.890469
1.889726,2.895234,1.889731,30.259889,22.050609,22.050609
1.889731,2.895234,1.889726,30.259889,22.050609,22.050609
1.889726,3.042413,2.078700,27.943667,18.116400,18.116400
2.078700,3.042413,1.889726,27.943667,18.116400,18.116400
1.889726,3.194008,2.267673,27.334602,17.516371,17.516371
2.267673,3.194008,1.889726,27.334602,17.516371,17.516371
1.889726,3.349392,2.456643,22.638818,13.601935,13.601935
2.456643,3.349392,1.889726,22.638818,13.601935,13.601935
1.889726,3.508087,2.645616,18.988991,11.029966,11.029966
2.645616,3.508087,1.889726,18.988991,11.029966,11.029966
1.889726,3.669639,2.834585,15.626002,8.790600,8.790600
2.834585,3.669639,1.889726,15.626002,8.790600,8.790600
1.889726,3.999970,3.212528,10.920408,6.050422,6.050422
3.212528,3.999970,1.889726,10.920408,6.050422,6.050422
1.889726,4.509530,3.779462,7.075407,3.956238,3.956238
3.779462,4.509530,1.889726,7.075407,3.956238,3.956238
1.889726,4.856293,4.157404,6.045790,3.368091,3.368091
4.157404,4.856293,1.889726,6.045790,3.368091,3.368091
1.889726,5.740444,5.102259,5.408592,2.925430,2.925430
5.102259,5.740444,1.889726,5.408592,2.925430,2.925430
1.889726,6.641334,6.047113,5.334800,2.881415,2.881415
6.047113,6.641334,1.889726,5.334800,2.881415,2.881415
2.267671,3.474278,2.267673,24.263615,12.569002,12.569002
2.267673,3.474278,2.267671,24.263615,12.569002,12.569002
2.267671,3.621070,2.456643,20.819379,9.738670,9.738670
2.456643,3.621070,2.267671,20.819379,9.738670,9.738670
2.267671,3.771632,2.645616,17.118151,6.944590,6.944590
2.645616,3.771632,2.267671,17.118151,6.944590,6.944590
2.267671,3.925504,2.834585,14.273550,5.065536,5.065536
2.834585,3.925504,2.267671,14.273550,5.065536,5.065536
2.267671,4.241780,3.212528,10.259811,2.782242,2.782242
3.212528,4.241780,2.267671,10.259811,2.782242,2.782242
2.267671,4.733204,3.779462,6.886931,1.018363,1.018363
3.779462,4.733204,2.267671,6.886931,1.018363,1.018363
2.267671,5.069571,4.157404,5.922727,0.476268,0.476268
4.157404,5.069571,2.267671,5.922727,0.476268,0.476268
2.267671,5.932426,5.102259,5.305191,0.048568,0.048568
5.102259,5.932426,2.267671,5.305191,0.048568,0.048568
2.267671,6.817060,6.047113,5.229313,0.000434,0.000434
6.047113,6.817060,2.267671,5.229313,0.000434,0.000434
2.645616,4.053322,2.645617,14.377802,5.416698,5.416698
2.645617,4.053322,2.645616,14.377802,5.416698,5.416698
2.645617,4.199833,2.834585,13.145007,5.032622,5.032622
2.834585,4.199833,2.645617,13.145007,5.032622,5.032622
2.645617,4.502368,3.212528,9.599685,3.071610,3.071610
3.212528,4.502368,2.645617,9.599685,3.071610,3.071610
2.645617,4.975567,3.779462,6.707044,1.719344,1.719344
3.779462,4.975567,2.645617,6.707044,1.719344,1.719344
2.645617,5.301246,4.157404,5.826064,1.253613,1.253613
4.157404,5.301246,2.645617,5.826064,1.253613,1.253613
2.645617,6.141690,5.102259,5.245838,0.860474,0.860474
5.102259,6.141690,2.645617,5.245838,0.860474,0.860474
2.645617,7.008780,6.047113,5.171064,0.811516,0.811516
6.047113,7.008780,2.645617,5.171064,0.811516,0.811516
3.023562,4.778664,3.212528,9.016200,4.033860,4.033860
3.212528,4.778664,3.023562,9.016200,4.033860,4.033860
3.023562,5.234023,3.779462,6.514557,3.047934,3.047934
3.779462,5.234023,3.023562,6.514557,3.047934,3.047934
3.023562,5.549013,4.157404,5.742007,2.688662,2.688662
4.157404,5.549013,3.023562,5.742007,2.688662,2.688662
3.023562,6.366530,5.102259,5.210355,2.341489,2.341489
5.102259,6.366530,3.023562,5.210355,2.341489,2.341489
3.023562,7.215218,6.047113,5.137695,2.292964,2.292964
6.047113,7.215218,3.023562,5.137695,2.292964,2.292964
3.779452,5.790468,3.779462,5.965041,4.725691,4.725691
3.779462,5.790468,3.779452,5.965041,4.725691,4.725691
3.779452,6.084841,4.157404,5.589001,4.760773,4.760773
4.157404,6.084841,3.779452,5.589001,4.760773,4.760773
3.779452,6.856710,5.102259,5.230146,4.581159,4.581159
5.102259,6.856710,3.779452,5.230146,4.581159,4.581159
3.779452,7.667410,6.047113,5.171583,4.544299,4.544299
6.047113,7.667410,3.779452,5.171583,4.544299,4.544299
4.535343,7.391819,5.102259,5.231622,5.124338,5.124338
5.102259,7.391819,4.535343,5.231622,5.124338,5.124338
4.535343,8.164662,6.047113,5.212877,5.125899,5.125899
6.047113,8.164662,4.535343,5.212877,5.125899,5.125899
5.291233,8.699253,6.047113,5.216677,5.174206,5.174206
6.047113,8.699253,5.291233,5.216677,5.174206,5.174206
