R1,R2,R3,ETriat,E,ENew
1.511781,2.316189,1.511788,41.553559,65.341266,65.341266
1.511788,2.316189,1.511781,41.553559,65.341266,65.341266
1.511781,2.463939,1.700758,37.917647,50.436022,50.436022
1.700758,2.463939,1.511781,37.917647,50.436022,50.436022
1.511781,2.617011,1.889731,34.195753,41.810596,41.810596
1.889731,2.617011,1.511781,34.195753,41.810596,41.810596
1.511781,2.774500,2.078700,30.575110,36.590857,36.590857
2.078700,2.774500,1.511781,30.575110,36.590857,36.590857
1.511781,2.935719,2.267673,26.795758,32.900961,32.900961
2.267673,2.935719,1.511781,26.795758,32.900961,32.900961
1.511781,3.100063,2.456643,23.058877,30.066813,30.066813
2.456643,3.100063,1.511781,23.058877,30.066813,30.066813
1.511781,3.267082,2.645616,18.737069,26.971656,26.971656
2.645616,3.267082,1.511781,18.737069,26.971656,26.971656
1.511781,3.436365,2.834585,15.267834,24.786928,24.786928
2.834585,3.436365,1.511781,15.267834,24.786928,24.786928
1.511781,3.780543,3.212528,10.418469,22.193407,22.193407
3.212528,3.780543,1.511781,10.418469,22.193407,22.193407
1.511781,4.307457,3.779462,6.840545,20.593098,20.593098
3.779462,4.307457,1.511781,6.840545,20.593098,20.593098
1.511781,4.663936,4.157404,5.946883,20.181833,20.181833
4.157404,4.663936,1.511781,5.946883,20.181833,20.181833
1.511781,5.567531,5.102259,5.440843,19.880799,19.880799
5.102259,5.567531,1.511781,5.440843,19.880799,19.880799
1.511781,6.482900,6.047113,5.382436,19.854130,19.854130
6.047113,6.482900,1.511781,5.382436,19.854130,19.854130
1.889726,2.895234,1.889731,29.777073,21.567793,21.567793
1.889731,2.895234,1.889726,29.777073,21.567793,21.567793
1.889726,3.042413,2.078700,27.447755,17.620488,17.620488
2.078700,3.042413,1.889726,27.447755,17.620488,17.620488
1.889726,3.194008,2.267673,25.258892,15.440661,15.440661
2.267673,3.194008,1.889726,25.258892,15.440661,15.440661
1.889726,3.349392,2.456643,21.296048,12.259165,12.259165
2.456643,3.349392,1.889726,21.296048,12.259165,12.259165
1.889726,3.508087,2.645616,17.375239,9.416214,9.416214
2.645616,3.508087,1.889726,17.375239,9.416214,9.416214
1.889726,3.669639,2.834585,14.174952,7.339550,7.339550
2.834585,3.669639,1.889726,14.174952,7.339550,7.339550
1.889726,3.999970,3.212528,9.923467,5.053481,5.053481
3.212528,3.999970,1.889726,9.923467,5.053481,5.053481
1.889726,4.509530,3.779462,6.660152,3.540984,3.540984
3.779462,4.509530,1.889726,6.660152,3.540984,3.540984
1.889726,4.856293,4.157404,5.829230,3.151530,3.151530
4.157404,4.856293,1.889726,5.829230,3.151530,3.151530
1.889726,5.740444,5.102259,5.371169,2.888007,2.888007
5.102259,5.740444,1.889726,5.371169,2.888007,2.888007
1.889726,6.641334,6.047113,5.323915,2.870531,2.870531
6.047113,6.641334,1.889726,5.323915,2.870531,2.870531
2.267671,3.474278,2.267673,22.672196,10.977582,10.977582
2.267673,3.474278,2.267671,22.672196,10.977582,10.977582
2.267671,3.621070,2.456643,19.446211,8.365502,8.365502
2.456643,3.621070,2.267671,19.446211,8.365502,8.365502
2.267671,3.771632,2.645616,16.097403,5.923842,5.923842
2.645616,3.771632,2.267671,16.097403,5.923842,5.923842
2.267671,3.925504,2.834585,13.370839,4.162825,4.162825
2.834585,3.925504,2.267671,13.370839,4.162825,4.162825
2.267671,4.241780,3.212528,9.479344,2.001774,2.001774
3.212528,4.241780,2.267671,9.479344,2.001774,2.001774
2.267671,4.733204,3.779462,6.474929,0.606360,0.606360
3.779462,4.733204,2.267671,6.474929,0.606360,0.606360
2.267671,5.069571,4.157404,5.689645,0.243186,0.243186
4.157404,5.069571,2.267671,5.689645,0.243186,0.243186
2.267671,5.932426,5.102259,5.259138,0.002515,0.002515
5.102259,5.932426,2.267671,5.259138,0.002515,0.002515
2.267671,6.817060,6.047113,5.220250,-0.008629,-0.008629
6.047113,6.817060,2.267671,5.220250,-0.008629,-0.008629
2.645616,4.053322,2.645617,14.011765,5.050662,5.050662
2.645617,4.053322,2.645616,14.011765,5.050662,5.050662
2.645617,4.199833,2.834585,12.243207,4.130822,4.130822
2.834585,4.199833,2.645617,12.243207,4.130822,4.130822
2.645617,4.502368,3.212528,9.105030,2.576956,2.576956
3.212528,4.502368,2.645617,9.105030,2.576956,2.576956
2.645617,4.975567,3.779462,6.358526,1.370826,1.370826
3.779462,4.975567,2.645617,6.358526,1.370826,1.370826
2.645617,5.301246,4.157404,5.596668,1.024217,1.024217
4.157404,5.301246,2.645617,5.596668,1.024217,1.024217
2.645617,6.141690,5.102259,5.183957,0.798594,0.798594
5.102259,6.141690,2.645617,5.183957,0.798594,0.798594
2.645617,7.008780,6.047113,5.149599,0.790051,0.790051
6.047113,7.008780,2.645617,5.149599,0.790051,0.790051
3.023562,4.778664,3.212528,8.509794,3.527454,3.527454
3.212528,4.778664,3.023562,8.509794,3.527454,3.527454
3.023562,5.234023,3.779462,6.276532,2.809908,2.809908
3.779462,5.234023,3.023562,6.276532,2.809908,2.809908
3.023562,5.549013,4.157404,5.538760,2.485414,2.485414
4.157404,5.549013,3.023562,5.538760,2.485414,2.485414
3.023562,6.366530,5.102259,5.137026,2.268160,2.268160
5.102259,6.366530,3.023562,5.137026,2.268160,2.268160
3.023562,7.215218,6.047113,5.103220,2.258490,2.258490
6.047113,7.215218,3.023562,5.103220,2.258490,2.258490
3.779452,5.790468,3.779462,5.887680,4.648330,4.648330
3.779462,5.790468,3.779452,5.887680,4.648330,4.648330
3.779452,6.084841,4.157404,5.516366,4.688138,4.688138
4.157404,6.084841,3.779452,5.516366,4.688138,4.688138
3.779452,6.856710,5.102259,5.188950,4.539963,4.539963
5.102259,6.856710,3.779452,5.188950,4.539963,4.539963
3.779452,7.667410,6.047113,5.136848,4.509564,4.509564
6.047113,7.667410,3.779452,5.136848,4.509564,4.509564
4.535343,7.391819,5.102259,5.218526,5.111242,5.111242
5.102259,7.391819,4.535343,5.218526,5.111242,5.111242
4.535343,8.164662,6.047113,5.173546,5.086567,5.086567
6.047113,8.164662,4.535343,5.173546,5.086567,5.086567
5.291233,8.699253,6.047113,5.201413,5.158942,5.158942
6.047113,8.699253,5.291233,5.201413,5.158942,5.158942
