R1,R2,R3,ETriat,E,ENew
1.511781,1.606015,1.889727,49.462686,69.236144,69.236144
1.889727,1.606015,1.511781,49.462686,69.236144,69.236144
1.511781,1.732490,2.078699,44.917244,56.501708,56.501708
2.078699,1.732490,1.511781,44.917244,56.501708,56.501708
1.511781,1.869520,2.267666,40.002740,47.243079,47.243079
2.267666,1.869520,1.511781,40.002740,47.243079,47.243079
1.511781,2.014989,2.456648,35.455955,40.853897,40.853897
2.456648,2.014989,1.511781,35.455955,40.853897,40.853897
1.511781,2.167164,2.645615,31.295036,36.397627,36.397627
2.645615,2.167164,1.511781,31.295036,36.397627,36.397627
1.511781,2.324763,2.834587,27.150691,32.859549,32.859549
2.834587,2.324763,1.511781,27.150691,32.859549,32.859549
1.511781,2.652274,3.212537,18.898703,26.967016,26.967016
3.212537,2.652274,1.511781,18.898703,26.967016,26.967016
1.511781,3.164679,3.779443,10.807482,22.406325,22.406325
3.779443,3.164679,1.511781,10.807482,22.406325,22.406325
1.511781,3.515600,4.157393,7.986043,21.109478,21.109478
4.157393,3.515600,1.511781,7.986043,21.109478,21.109478
1.511781,4.412481,5.102264,5.674492,20.038991,20.038991
5.102264,4.412481,1.511781,5.674492,20.038991,20.038991
1.511781,5.325977,6.047124,5.424339,19.877850,19.877850
6.047124,5.325977,1.511781,5.424339,19.877850,19.877850
1.889726,1.745150,1.889727,47.078101,43.498241,43.498241
1.889727,1.745150,1.889726,47.078101,43.498241,43.498241
1.889726,1.889721,2.167801,40.451175,30.533975,30.533975
2.167801,1.889721,1.889726,40.451175,30.533975,30.533975
1.889726,1.840073,2.078699,42.783403,34.297286,34.297286
2.078699,1.840073,1.889726,42.783403,34.297286,34.297286
1.889726,1.948722,2.267666,37.972468,26.958950,26.958950
2.267666,1.948722,1.889726,37.972468,26.958950,26.958950
1.889726,2.068975,2.456648,33.761441,21.792810,21.792810
2.456648,2.068975,1.889726,33.761441,21.792810,21.792810
1.889726,2.198896,2.645615,29.492447,17.588615,17.588615
2.645615,2.198896,1.889726,29.492447,17.588615,17.588615
1.889726,2.336910,2.834587,26.100715,14.894403,14.894403
2.834587,2.336910,1.889726,26.100715,14.894403,14.894403
1.889726,2.631978,3.212537,18.636512,9.702504,9.702504
3.212537,2.631978,1.889726,18.636512,9.702504,9.702504
1.889726,3.108401,3.779443,11.101573,5.562228,5.562228
3.779443,3.108401,1.889726,11.101573,5.562228,5.562228
1.889726,3.441299,4.157393,8.249542,4.244003,4.244003
4.157393,3.441299,1.889726,8.249542,4.244003,4.244003
1.889726,4.306208,5.102264,5.659796,3.064108,3.064108
5.102264,4.306208,1.889726,5.659796,3.064108,3.064108
1.889726,5.199021,6.047124,5.358487,2.882716,2.882716
6.047124,5.199021,1.889726,5.358487,2.882716,2.882716
2.267666,2.094186,2.267671,34.115695,18.961350,18.961350
2.267671,2.094186,2.267666,34.115695,18.961350,18.961350
2.267671,2.267667,2.601368,27.618228,12.696883,12.696883
2.601368,2.267667,2.267671,27.618228,12.696883,12.696883
2.267671,2.187880,2.456648,30.364404,15.091016,15.091016
2.456648,2.187880,2.267671,30.364404,15.091016,15.091016
2.267671,2.293332,2.645615,26.769935,12.010125,12.010125
2.645615,2.293332,2.267671,26.769935,12.010125,12.010125
2.267671,2.409036,2.834587,23.054714,9.184910,9.184910
2.834587,2.409036,2.267671,23.054714,9.184910,9.184910
2.267671,2.665661,3.212537,16.929879,5.345971,5.345971
3.212537,2.665661,2.267671,16.929879,5.345971,5.345971
2.267671,3.097549,3.779443,10.724664,2.367030,2.367030
3.779443,3.097549,2.267671,10.724664,2.367030,2.367030
2.267671,3.407539,4.157393,8.192499,1.311678,1.311678
4.157393,3.407539,2.267671,8.192499,1.311678,1.311678
2.267671,4.231141,5.102264,5.604243,0.199345,0.199345
5.102264,4.231141,2.267671,5.604243,0.199345,0.199345
2.267671,5.096989,6.047124,5.258141,0.003079,0.003079
6.047124,5.096989,2.267671,5.258141,0.003079,0.003079
2.645615,2.443212,2.645617,21.104337,7.431005,7.431005
2.645617,2.443212,2.645615,21.104337,7.431005,7.431005
2.645618,2.645617,3.034925,16.474062,5.010593,5.010593
3.034925,2.645617,2.645618,16.474062,5.010593,5.010593
2.645617,2.536030,2.834587,18.708670,6.049945,6.049945
2.834587,2.536030,2.645617,18.708670,6.049945,6.049945
2.645617,2.834592,3.339505,13.050581,3.439902,3.439902
3.339505,2.834592,2.645617,13.050581,3.439902,3.439902
2.645617,2.751340,3.212537,14.457882,4.078308,4.078308
3.212537,2.751340,2.645617,14.457882,4.078308,4.078308
2.645617,3.132594,3.779443,9.819033,2.463168,2.463168
3.779443,3.132594,2.645617,9.819033,2.463168,2.463168
2.645617,3.779452,4.613409,6.345663,1.333663,1.333663
4.613409,3.779452,2.645617,6.345663,1.333663,1.333663
2.645617,3.415521,4.157393,7.841125,1.852255,1.852255
4.157393,3.415521,2.645617,7.841125,1.852255,1.852255
2.645617,4.188957,5.102264,5.560341,1.001624,1.001624
5.102264,4.188957,2.645617,5.560341,1.001624,1.001624
2.645617,5.021401,6.047124,5.191797,0.802800,0.802800
6.047124,5.021401,2.645617,5.191797,0.802800,0.802800
3.023562,2.884386,3.212537,11.552374,3.226854,3.226854
3.212537,2.884386,3.023562,11.552374,3.226854,3.226854
3.023562,3.212034,3.779443,8.385037,2.835536,2.835536
3.779443,3.212034,3.023562,8.385037,2.835536,2.835536
3.023562,3.464958,4.157393,7.241265,2.907911,2.907911
4.157393,3.464958,3.023562,7.241265,2.907911,2.907911
3.023562,4.180652,5.102264,5.504446,2.454929,2.454929
5.102264,4.180652,3.023562,5.504446,2.454929,2.454929
3.023562,4.973461,6.047124,5.151001,2.274318,2.274318
6.047124,4.973461,3.023562,5.151001,2.274318,2.274318
3.779443,3.490309,3.779452,6.226103,3.771420,3.771420
3.779452,3.490309,3.779443,6.226103,3.771420,3.771420
3.779461,3.779452,4.335617,5.850891,4.508784,4.508784
4.335617,3.779452,3.779461,5.850891,4.508784,4.508784
3.779452,3.680121,4.157393,5.924143,4.318849,4.318849
4.157393,3.680121,3.779452,5.924143,4.318849,4.318849
3.779452,4.265664,5.102264,5.416917,4.626214,4.626214
5.102264,4.265664,3.779452,5.416917,4.626214,4.626214
3.779452,4.963272,6.047124,5.211291,4.550283,4.550283
6.047124,4.963272,3.779452,5.211291,4.550283,4.550283
4.535343,4.478468,5.102264,5.311310,5.125638,5.125638
5.102264,4.478468,4.535343,5.311310,5.125638,5.125638
4.535343,5.067106,6.047124,5.223064,5.104737,5.104737
6.047124,5.067106,4.535343,5.223064,5.104737,5.104737
5.291233,5.278238,6.047124,5.212367,5.143201,5.143201
6.047124,5.278238,5.291233,5.212367,5.143201,5.143201
2.282033,6.000042,7.007163,5.216919,-0.013790,-0.013790
7.007163,6.000042,2.282033,5.216919,-0.013790,-0.013790
