R1,R2,R3,ETriat,E,ENew
1.511781,2.740281,1.511787,33.897092,58.911538,58.911538
1.511787,2.740281,1.511781,33.897092,58.911538,58.911538
1.511781,2.912642,1.700755,31.305391,45.489304,45.489304
1.700755,2.912642,1.511781,31.305391,45.489304,45.489304
1.511781,3.086947,1.889723,28.601379,38.084491,38.084491
1.889723,3.086947,1.511781,28.601379,38.084491,38.084491
1.511781,3.262895,2.078705,25.956485,33.874919,33.874919
2.078705,3.262895,1.511781,25.956485,33.874919,33.874919
1.511781,3.440216,2.267672,23.087145,31.000095,31.000095
2.267672,3.440216,1.511781,23.087145,31.000095,31.000095
1.511781,3.618710,2.456642,20.434508,29.051659,29.051659
2.456642,3.618710,1.511781,20.434508,29.051659,29.051659
1.511781,3.798223,2.645610,16.808780,26.381167,26.381167
2.645610,3.798223,1.511781,16.808780,26.381167,26.381167
1.511781,3.978622,2.834592,13.790702,24.344007,24.344007
2.834592,3.978622,1.511781,13.790702,24.344007,24.344007
1.511781,4.341601,3.212542,9.775597,22.041243,22.041243
3.212542,4.341601,1.511781,9.775597,22.041243,22.041243
1.511781,4.890319,3.779460,6.721840,20.565562,20.565562
3.779460,4.890319,1.511781,6.721840,20.565562,20.565562
1.511781,5.258265,4.157397,5.914661,20.176022,20.176022
4.157397,5.258265,1.511781,5.914661,20.176022,20.176022
1.511781,6.183437,5.102265,5.450320,19.900270,19.900270
5.102265,6.183437,1.511781,5.450320,19.900270,19.900270
1.511781,7.113773,6.047120,5.396877,19.872603,19.872603
6.047120,7.113773,1.511781,5.396877,19.872603,19.872603
1.889723,3.425348,1.889726,25.827554,19.547893,19.547893
1.889726,3.425348,1.889723,25.827554,19.547893,19.547893
1.889726,3.597508,2.078705,24.277340,16.235915,16.235915
2.078705,3.597508,1.889726,24.277340,16.235915,16.235915
1.889726,3.771271,2.267672,22.350717,14.084968,14.084968
2.267672,3.771271,1.889726,22.350717,14.084968,14.084968
1.889726,3.946424,2.456642,19.443623,11.670021,11.670021
2.456642,3.946424,1.889726,19.443623,11.670021,11.670021
1.889726,4.122805,2.645610,15.968147,8.968176,8.968176
2.645610,4.122805,1.889726,15.968147,8.968176,8.968176
1.889726,4.300265,2.834592,13.193122,7.035524,7.035524
2.834592,4.300265,1.889726,13.193122,7.035524,7.035524
1.889726,4.657895,3.212542,9.520282,4.922564,4.922564
3.212542,4.657895,1.889726,9.520282,4.922564,4.922564
1.889726,5.199727,3.779460,6.573117,3.500178,3.500178
3.779460,5.199727,1.889726,6.573117,3.500178,3.500178
1.889726,5.563714,4.157397,5.789969,3.131409,3.131409
4.157397,5.563714,1.889726,5.789969,3.131409,3.131409
1.889726,6.480706,5.102265,5.358722,2.885448,2.885448
5.102265,6.480706,1.889726,5.358722,2.885448,2.885448
1.889726,7.404695,6.047120,5.321868,2.872309,2.872309
6.047120,7.404695,1.889726,5.321868,2.872309,2.872309
2.267671,4.110422,2.267672,20.404361,9.750812,9.750812
2.267672,4.110422,2.267671,20.404361,9.750812,9.750812
2.267671,4.282424,2.456642,17.862847,7.555243,7.555243
2.456642,4.282424,2.267671,17.862847,7.555243,7.555243
2.267671,4.455808,2.645610,15.080575,5.443888,5.443888
2.645610,4.455808,2.267671,15.080575,5.443888,5.443888
2.267671,4.630422,2.834592,12.719973,3.860707,3.860707
2.834592,4.630422,2.267671,12.719973,3.860707,3.860707
2.267671,4.982785,3.212542,9.226230,1.871378,1.871378
3.212542,4.982785,2.267671,9.226230,1.871378,1.871378
2.267671,5.517679,3.779460,6.408833,0.566119,0.566119
3.779460,5.517679,2.267671,6.408833,0.566119,0.566119
2.267671,5.877599,4.157397,5.653363,0.223802,0.223802
4.157397,5.877599,2.267671,5.653363,0.223802,0.223802
2.267671,6.786007,5.102265,5.249162,0.001518,0.001518
5.102265,6.786007,2.267671,5.249162,0.001518,0.001518
2.267671,7.703177,6.047120,5.217445,-0.007979,-0.007979
6.047120,7.703177,2.267671,5.217445,-0.007979,-0.007979
2.645610,4.795479,2.645617,13.060721,4.334720,4.334720
2.645617,4.795479,2.645610,13.060721,4.334720,4.334720
2.645617,4.967396,2.834592,11.658203,3.689202,3.689202
2.834592,4.967396,2.645617,11.658203,3.689202,3.689202
2.645617,5.314697,3.212542,8.902621,2.424791,2.424791
3.212542,5.314697,2.645617,8.902621,2.424791,2.424791
2.645617,5.842781,3.779460,6.290928,1.322519,1.322519
3.779460,5.842781,2.645617,6.290928,1.322519,1.322519
2.645617,6.198637,4.157397,5.556949,1.000237,1.000237
4.157397,6.198637,2.645617,5.556949,1.000237,1.000237
2.645617,7.098304,5.102265,5.176640,0.798940,0.798940
5.102265,7.098304,2.645617,5.176640,0.798940,0.798940
2.645617,8.008374,6.047120,5.146708,0.790181,0.790181
6.047120,8.008374,2.645617,5.146708,0.790181,0.790181
3.023562,5.652392,3.212542,8.303254,3.346235,3.346235
3.212542,5.652392,3.023562,8.303254,3.346235,3.346235
3.023562,6.173904,3.779460,6.190359,2.740699,2.740699
3.779460,6.173904,3.023562,6.190359,2.740699,2.740699
3.023562,6.525773,4.157397,5.491205,2.451764,2.451764
4.157397,6.525773,3.023562,5.491205,2.451764,2.451764
3.023562,7.416714,5.102265,5.132095,2.269504,2.269504
5.102265,7.416714,3.023562,5.132095,2.269504,2.269504
3.023562,8.319546,6.047120,5.101593,2.259444,2.259444
6.047120,8.319546,3.023562,5.101593,2.259444,2.259444
3.779452,6.850703,3.779460,5.813306,4.585668,4.585668
3.779460,6.850703,3.779452,5.813306,4.585668,4.585668
3.779452,7.194999,4.157397,5.489850,4.670445,4.670445
4.157397,7.194999,3.779452,5.489850,4.670445,4.670445
3.779452,8.068961,5.102265,5.174950,4.529902,4.529902
5.102265,8.068961,3.779452,5.174950,4.529902,4.529902
3.779452,8.957315,6.047120,5.133484,4.508003,4.508003
6.047120,8.957315,3.779452,5.133484,4.508003,4.508003
4.535343,8.737926,5.102265,5.221587,5.116705,5.116705
5.102265,8.737926,4.535343,5.221587,5.116705,5.116705
4.535343,9.612226,6.047120,5.173760,5.087998,5.087998
6.047120,9.612226,4.535343,5.173760,5.087998,5.087998
5.291233,10.281003,6.047120,5.201168,5.159506,5.159506
6.047120,10.281003,5.291233,5.201168,5.159506,5.159506
