R1,R2,R3,ETriat,E,ENew
1.511781,2.951896,1.511784,32.446394,58.319965,58.319965
1.511784,2.951896,1.511781,32.446394,58.319965,58.319965
1.511781,3.136658,1.700761,30.313898,45.382151,45.382151
1.700761,3.136658,1.511781,30.313898,45.382151,45.382151
1.511781,3.321890,1.889731,28.013145,38.339602,38.339602
1.889731,3.321890,1.511781,28.013145,38.339602,38.339602
1.511781,3.507520,2.078701,25.711297,34.375428,34.375428
2.078701,3.507520,1.511781,25.711297,34.375428,34.375428
1.511781,3.693490,2.267671,22.966873,31.487812,31.487812
2.267671,3.693490,1.511781,22.966873,31.487812,31.487812
1.511781,3.879749,2.456641,19.511989,28.584237,28.584237
2.456641,3.879749,1.511781,19.511989,28.584237,28.584237
1.511781,4.066263,2.645619,16.010814,25.895142,25.895142
2.645619,4.066263,1.511781,16.010814,25.895142,25.895142
1.511781,4.252990,2.834588,13.258443,24.007285,24.007285
2.834588,4.252990,1.511781,13.258443,24.007285,24.007285
1.511781,4.626990,3.212528,9.516051,21.841291,21.841291
3.212528,4.626990,1.511781,9.516051,21.841291,21.841291
1.511781,5.189084,3.779463,6.608779,20.461965,20.461965
3.779463,5.189084,1.511781,6.608779,20.461965,20.461965
1.511781,5.564343,4.157402,5.837201,20.105035,20.105035
4.157402,5.564343,1.511781,5.837201,20.105035,20.105035
1.511781,6.503855,5.102259,5.429225,19.882534,19.882534
5.102259,6.503855,1.511781,5.429225,19.882534,19.882534
1.511781,7.444721,6.047116,5.395443,19.872386,19.872386
6.047116,7.444721,1.511781,5.395443,19.872386,19.872386
1.889726,3.689869,1.889731,25.314424,19.678549,19.678549
1.889731,3.689869,1.889726,25.314424,19.678549,19.678549
1.889726,3.874576,2.078701,23.846496,16.301048,16.301048
2.078701,3.874576,1.889726,23.846496,16.301048,16.301048
1.889726,4.059675,2.267671,21.389408,13.473708,13.473708
2.267671,4.059675,1.889726,21.389408,13.473708,13.473708
1.889726,4.245116,2.456641,18.040316,10.492988,10.492988
2.456641,4.245116,1.889726,18.040316,10.492988,10.492988
1.889726,4.430859,2.645619,15.028788,8.162991,8.162991
2.645619,4.430859,1.889726,15.028788,8.162991,8.162991
1.889726,4.616860,2.834588,12.566904,6.482718,6.482718
2.834588,4.616860,1.889726,12.566904,6.482718,6.482718
1.889726,4.989531,3.212528,9.235812,4.657826,4.657826
3.212528,4.989531,1.889726,9.235812,4.657826,4.657826
1.889726,5.549898,3.779463,6.462394,3.397015,3.397015
3.779463,5.549898,1.889726,6.462394,3.397015,3.397015
1.889726,5.924155,4.157402,5.726902,3.074776,3.074776
4.157402,5.924155,1.889726,5.726902,3.074776,3.074776
1.889726,6.861568,5.102259,5.345757,2.875258,2.875258
5.102259,6.861568,1.889726,5.345757,2.875258,2.875258
1.889726,7.800778,6.047116,5.319007,2.870488,2.870488
6.047116,7.800778,1.889726,5.319007,2.870488,2.870488
2.267671,4.427837,2.267671,18.183707,7.672196,7.672196
2.267671,4.427837,2.267671,18.183707,7.672196,7.672196
2.267671,4.612510,2.456641,16.277893,6.050335,6.050335
2.456641,4.612510,2.267671,16.277893,6.050335,6.050335
2.267671,4.797521,2.645619,14.012535,4.418413,4.418413
2.645619,4.797521,2.267671,14.012535,4.418413,4.418413
2.267671,4.982826,2.834588,12.020720,3.183967,3.183967
2.834588,4.982826,2.267671,12.020720,3.183967,3.183967
2.267671,5.354204,3.212528,8.919456,1.574161,1.574161
3.212528,5.354204,2.267671,8.919456,1.574161,1.574161
2.267671,5.912853,3.779463,6.301488,0.465947,0.465947
3.779463,5.912853,2.267671,6.301488,0.465947,0.465947
2.267671,6.286095,4.157402,5.596341,0.172372,0.172372
4.157402,6.286095,2.267671,5.596341,0.172372,0.172372
2.267671,7.221343,5.102259,5.241257,-0.004206,-0.004206
5.102259,7.221343,2.267671,5.241257,-0.004206,-0.004206
2.267671,8.158805,6.047116,5.215801,-0.008760,-0.008760
6.047116,8.158805,2.267671,5.215801,-0.008760,-0.008760
2.645617,5.165810,2.645619,12.039545,3.327415,3.327415
2.645619,5.165810,2.645617,12.039545,3.327415,3.327415
2.645617,5.350457,2.834588,10.846568,2.887616,2.887616
2.834588,5.350457,2.645617,10.846568,2.887616,2.887616
2.645617,5.720599,3.212528,8.532546,2.062831,2.062831
3.212528,5.720599,2.645617,8.532546,2.062831,2.062831
2.645617,6.277577,3.779463,6.165300,1.202964,1.202964
3.779463,6.277577,2.645617,6.165300,1.202964,1.202964
2.645617,6.649816,4.157402,5.501558,0.949197,0.949197
4.157402,6.649816,2.645617,5.501558,0.949197,0.949197
2.645617,7.582885,5.102259,5.171706,0.795688,0.795688
5.102259,7.582885,2.645617,5.171706,0.795688,0.795688
2.645617,8.518553,6.047116,5.145873,0.790051,0.790051
6.047116,8.518553,2.645617,5.145873,0.790051,0.790051
3.023562,6.088407,3.212528,7.902826,2.952879,2.952879
3.212528,6.088407,3.023562,7.902826,2.952879,2.952879
3.023562,6.643780,3.779463,6.046113,2.601066,2.601066
3.779463,6.643780,3.023562,6.046113,2.601066,2.601066
3.023562,7.015041,4.157402,5.434665,2.398426,2.398426
4.157402,7.015041,3.023562,5.434665,2.398426,2.398426
3.023562,7.945954,5.102259,5.128377,2.267076,2.267076
5.102259,7.945954,3.023562,5.128377,2.267076,2.267076
3.023562,8.879813,6.047116,5.100329,2.258750,2.258750
6.047116,8.879813,3.023562,5.100329,2.258750,2.258750
3.779452,7.379738,3.779463,5.718323,4.493043,4.493043
3.779463,7.379738,3.779452,5.718323,4.493043,4.493043
3.779452,7.749152,4.157402,5.419870,4.602147,4.602147
4.157402,7.749152,3.779452,5.419870,4.602147,4.602147
3.779452,8.675905,5.102259,5.162567,4.518281,4.518281
5.102259,8.675905,3.779452,5.162567,4.518281,4.518281
3.779452,9.606185,6.047116,5.129169,4.504057,4.504057
6.047116,9.606185,3.779452,5.129169,4.504057,4.504057
4.535343,9.409952,5.102259,5.217923,5.113496,5.113496
5.102259,9.409952,4.535343,5.217923,5.113496,5.113496
4.535343,10.336791,6.047116,5.173869,5.088345,5.088345
6.047116,10.336791,4.535343,5.173869,5.088345,5.088345
5.291233,11.070793,6.047116,5.201404,5.159896,5.159896
6.047116,11.070793,5.291233,5.201404,5.159896,5.159896
