R1,R2,R3,ETriat,E,ENew
1.511781,1.840621,1.511782,50.582158,78.146255,78.146255
1.511782,1.840621,1.511781,50.582158,78.146255,78.146255
1.511781,1.961397,1.700749,47.808404,61.725739,61.725739
1.700749,1.961397,1.511781,47.808404,61.725739,61.725739
1.511781,2.092309,1.889734,44.206440,51.542501,51.542501
1.889734,2.092309,1.511781,44.206440,51.542501,51.542501
1.511781,2.231544,2.078701,39.572061,44.240721,44.240721
2.078701,2.231544,1.511781,39.572061,44.240721,44.240721
1.511781,2.267671,2.128418,38.635268,43.011912,43.011912
2.128418,2.267671,1.511781,38.635268,43.011912,43.011912
1.511781,2.377654,2.267668,34.670469,38.828185,38.828185
2.267668,2.377654,1.511781,34.670469,38.828185,38.828185
1.511781,2.529448,2.456635,28.597283,33.386119,33.386119
2.456635,2.529448,1.511781,28.597283,33.386119,33.386119
1.511781,2.685974,2.645625,23.461588,29.428103,29.428103
2.645625,2.685974,1.511781,23.461588,29.428103,29.428103
1.511781,2.846430,2.834592,19.190559,26.549159,26.549159
2.834592,2.846430,1.511781,19.190559,26.549159,26.549159
1.511781,3.176765,3.212526,13.012970,23.157218,23.157218
3.212526,3.176765,1.511781,13.012970,23.157218,23.157218
1.511781,3.689456,3.779450,7.824433,20.935761,20.935761
3.779450,3.689456,1.511781,7.824433,20.935761,20.935761
1.511781,4.039318,4.157402,6.357429,20.355679,20.355679
4.157402,4.039318,1.511781,6.357429,20.355679,20.355679
1.511781,4.932114,5.102260,5.478874,19.902958,19.902958
5.102260,4.932114,1.511781,5.478874,19.902958,19.902958
1.511781,5.841311,6.047118,5.384305,19.847842,19.847842
6.047118,5.841311,1.511781,5.384305,19.847842,19.847842
1.889726,2.300790,1.889734,37.523858,27.451263,27.451263
1.889734,2.300790,1.889726,37.523858,27.451263,27.451263
1.889726,2.420475,2.078701,34.374957,22.255505,22.255505
2.078701,2.420475,1.889726,34.374957,22.255505,22.255505
1.889726,2.548564,2.267668,30.387677,18.061024,18.061024
2.267668,2.548564,1.889726,30.387677,18.061024,18.061024
1.889726,2.683855,2.456635,25.261856,13.676522,13.676522
2.456635,2.683855,1.889726,25.261856,13.676522,13.676522
1.889726,2.825322,2.645625,20.772225,10.369487,10.369487
2.645625,2.825322,1.889726,20.772225,10.369487,10.369487
1.889726,2.834588,2.660516,20.500667,10.191955,10.191955
2.660516,2.834588,1.889726,20.500667,10.191955,10.191955
1.889726,2.972068,2.834592,17.247813,8.190831,8.190831
2.834592,2.972068,1.889726,17.247813,8.190831,8.190831
1.889726,3.278555,3.212526,12.018058,5.596226,5.596226
3.212526,3.278555,1.889726,12.018058,5.596226,5.596226
1.889726,3.762746,3.779450,7.466797,3.784993,3.784993
3.779450,3.762746,1.889726,7.466797,3.784993,3.784993
1.889726,4.097357,4.157402,6.165541,3.284008,3.284008
4.157402,4.097357,1.889726,6.165541,3.284008,3.284008
1.889726,4.961163,5.102260,5.410320,2.909125,2.909125
5.102260,4.961163,1.889726,5.410320,2.909125,2.909125
1.889726,5.850081,6.047118,5.335306,2.872612,2.872612
6.047118,5.850081,1.889726,5.335306,2.872612,2.872612
2.267668,2.760943,2.267671,25.791205,11.482774,11.482774
2.267671,2.760943,2.267668,25.791205,11.482774,11.482774
2.267671,2.879885,2.456635,21.880176,8.306049,8.306049
2.456635,2.879885,2.267671,21.880176,8.306049,8.306049
2.267671,3.006015,2.645625,18.338119,5.891622,5.891622
2.645625,3.006015,2.267671,18.338119,5.891622,5.891622
2.267671,3.138455,2.834592,15.306540,4.123494,4.123494
2.834592,3.138455,2.267671,15.306540,4.123494,4.123494
2.267671,3.419313,3.212526,10.808468,2.056760,2.056760
3.212526,3.419313,2.267671,10.808468,2.056760,2.056760
2.267671,3.871707,3.779450,7.007032,0.712776,0.712776
3.779450,3.871707,2.267671,7.007032,0.712776,0.712776
2.267671,4.188825,4.157402,5.915946,0.316818,0.316818
4.157402,4.188825,2.267671,5.915946,0.316818,0.316818
2.267671,5.018586,5.102260,5.290591,0.014657,0.014657
5.102260,5.018586,2.267671,5.290591,0.014657,0.014657
2.267671,5.883168,6.047118,5.230467,-0.008369,-0.008369
6.047118,5.883168,2.267671,5.230467,-0.008369,-0.008369
2.645617,3.221101,2.645625,15.394210,4.633282,4.633282
2.645625,3.221101,2.645617,15.394210,4.633282,4.633282
2.645617,3.339505,2.834592,13.050581,3.439902,3.439902
2.834592,3.339505,2.645617,13.050581,3.439902,3.439902
2.645617,3.594462,3.212526,9.643342,2.219072,2.219072
3.212526,3.594462,2.645617,9.643342,2.219072,2.219072
2.645617,4.013435,3.779450,6.593337,1.326899,1.326899
3.779450,4.013435,2.645617,6.593337,1.326899,1.326899
2.645617,4.311596,4.157402,5.716552,1.042430,1.042430
4.157402,4.311596,2.645617,5.716552,1.042430,1.042430
2.645617,5.102260,5.103426,5.217824,0.812644,0.812644
5.103426,5.102260,2.645617,5.217824,0.812644,0.812644
2.645617,5.940166,6.047118,5.167510,0.797856,0.797856
6.047118,5.940166,2.645617,5.167510,0.797856,0.797856
2.645617,6.047113,6.165284,5.164522,0.798030,0.798030
6.165284,6.047113,2.645617,5.164522,0.798030,0.798030
3.023562,3.799251,3.212526,8.356120,2.840046,2.840046
3.212526,3.799251,3.023562,8.356120,2.840046,2.840046
3.023562,4.184601,3.779450,6.259699,2.633806,2.633806
3.779450,4.184601,3.023562,6.259699,2.633806,2.633806
3.023562,4.463088,4.157402,5.571724,2.455363,2.455363
4.157402,4.463088,3.023562,5.571724,2.455363,2.455363
3.023562,5.102258,4.962088,5.173274,2.277613,2.277613
4.962088,5.102258,3.023562,5.173274,2.277613,2.277613
3.023562,5.214346,5.102260,5.155725,2.267249,2.267249
5.102260,5.214346,3.023562,5.155725,2.267249,2.267249
3.023562,6.020395,6.047118,5.111992,2.257449,2.257449
6.047118,6.020395,3.023562,5.111992,2.257449,2.257449
3.779450,4.601565,3.779452,5.851639,4.568106,4.568106
3.779452,4.601565,3.779450,5.851639,4.568106,4.568106
3.779452,4.840950,4.157402,5.480381,4.623439,4.623439
4.157402,4.840950,3.779452,5.480381,4.623439,4.623439
3.779452,5.507752,5.102260,5.198405,4.532331,4.532331
5.102260,5.507752,3.779452,5.198405,4.532331,4.532331
3.779452,6.246710,6.047118,5.140917,4.505358,4.505358
6.047118,6.246710,3.779452,5.140917,4.505358,4.505358
4.535343,5.884217,5.102260,5.204953,5.085136,5.085136
5.102260,5.884217,4.535343,5.204953,5.085136,5.085136
4.535343,6.552890,6.047118,5.175858,5.082665,5.082665
6.047118,6.552890,4.535343,5.175858,5.082665,5.082665
5.291233,6.928353,6.047118,5.205083,5.158292,5.158292
6.047118,6.928353,5.291233,5.205083,5.158292,5.158292
