R1,R2,R3,ETriat,E,ENew
2.200020,4.006940,2.282033,21.191857,10.526726,10.526726
2.282033,4.006940,2.200020,21.191857,10.526726,10.526726
2.282033,4.185889,2.400014,18.885508,8.399846,8.399846
2.400014,4.185889,2.282033,18.885508,8.399846,8.399846
2.282033,4.366682,2.600019,15.835678,6.006060,6.006060
2.600019,4.366682,2.282033,15.835678,6.006060,6.006060
2.282033,4.549067,2.800013,13.195125,4.182079,4.182079
2.800013,4.549067,2.282033,13.195125,4.182079,4.182079
2.282033,4.732875,3.000007,11.048171,2.867539,2.867539
3.000007,4.732875,2.282033,11.048171,2.867539,2.867539
2.282033,4.917962,3.200013,9.350835,1.946268,1.946268
3.200013,4.917962,2.282033,9.350835,1.946268,1.946268
2.282033,5.104169,3.400022,8.030980,1.297584,1.297584
3.400022,5.104169,2.282033,8.030980,1.297584,1.297584
2.282033,5.291389,3.600027,7.049470,0.849850,0.849850
3.600027,5.291389,2.282033,7.049470,0.849850,0.849850
2.282033,5.479497,3.800021,6.356241,0.543396,0.543396
3.800021,5.479497,2.282033,6.356241,0.543396,0.543396
2.282033,5.668435,4.000026,5.894778,0.336072,0.336072
4.000026,5.668435,2.282033,5.894778,0.336072,0.336072
2.282033,5.858092,4.200020,5.605305,0.197870,0.197870
4.200020,5.858092,2.282033,5.605305,0.197870,0.197870
2.282033,6.048414,4.400014,5.434308,0.108801,0.108801
4.400014,6.048414,2.282033,5.434308,0.108801,0.108801
2.282033,6.239357,4.600019,5.337423,0.052948,0.052948
4.600019,6.239357,2.282033,5.337423,0.052948,0.052948
2.282033,6.430848,4.800028,5.284695,0.020164,0.020164
4.800028,6.430848,2.282033,5.284695,0.020164,0.020164
2.282033,6.622845,5.000034,5.256191,0.002168,0.002168
5.000034,6.622845,2.282033,5.256191,0.002168,0.002168
2.282033,6.815288,5.200027,5.240190,-0.006982,-0.006982
5.200027,6.815288,2.282033,5.240190,-0.006982,-0.006982
2.282033,7.008169,5.400033,5.230360,-0.011275,-0.011275
5.400033,7.008169,2.282033,5.230360,-0.011275,-0.011275
2.282033,7.201423,5.600027,5.223756,-0.012966,-0.012966
5.600027,7.201423,2.282033,5.223756,-0.012966,-0.012966
2.282033,7.395036,5.800021,5.218911,-0.013443,-0.013443
5.800021,7.395036,2.282033,5.218911,-0.013443,-0.013443
2.282033,7.588995,6.000026,5.215271,-0.013313,-0.013313
6.000026,7.588995,2.282033,5.215271,-0.013313,-0.013313
2.282033,8.075173,6.500037,5.209660,-0.012099,-0.012099
6.500037,8.075173,2.282033,5.209660,-0.012099,-0.012099
2.282033,8.562932,7.000033,5.207146,-0.010624,-0.010624
7.000033,8.562932,2.282033,5.207146,-0.010624,-0.010624
2.282033,9.052038,7.500045,5.206163,-0.009280,-0.009280
7.500045,9.052038,2.282033,5.206163,-0.009280,-0.009280
2.282033,9.542263,8.000041,5.205882,-0.008152,-0.008152
8.000041,9.542263,2.282033,5.205882,-0.008152,-0.008152
2.282033,10.033452,8.500037,5.205821,-0.007329,-0.007329
8.500037,10.033452,2.282033,5.205821,-0.007329,-0.007329
2.282033,10.525483,9.000048,5.205900,-0.006678,-0.006678
9.000048,10.525483,2.282033,5.205900,-0.006678,-0.006678
2.282033,11.018220,9.500044,5.205998,-0.006201,-0.006201
9.500044,11.018220,2.282033,5.205998,-0.006201,-0.006201
2.282033,11.511582,10.000041,5.206130,-0.005811,-0.005811
10.000041,11.511582,2.282033,5.206130,-0.005811,-0.005811
