R1,R2,R3,ETriat,E,ENew
1.511776,2.476758,1.511781,39.954795,64.038998,64.038998
1.511781,2.476758,1.511776,39.954795,64.038998,64.038998
1.511781,2.633784,1.700749,35.852366,48.925086,48.925086
1.700749,2.633784,1.511781,35.852366,48.925086,48.925086
1.511781,2.794768,1.889721,32.038772,40.346710,40.346710
1.889721,2.794768,1.511781,32.038772,40.346710,40.346710
1.511781,2.959064,2.078694,28.592366,35.358666,35.358666
2.078694,2.959064,1.511781,28.592366,35.358666,35.358666
1.511781,3.126150,2.267667,25.399782,32.256137,32.256137
2.267667,3.126150,1.511781,25.399782,32.256137,32.256137
1.511781,3.295614,2.456646,21.890953,29.605028,29.605028
2.456646,3.295614,1.511781,21.890953,29.605028,29.605028
1.511781,3.467084,2.645618,17.870950,26.727863,26.727863
2.645618,3.467084,1.511781,17.870950,26.727863,26.727863
1.511781,2.834592,1.937769,31.147951,38.832479,38.832479
1.937769,2.834592,1.511781,31.147951,38.832479,38.832479
1.511781,3.640287,2.834591,14.586489,24.616594,24.616594
2.834591,3.640287,1.511781,14.586489,24.616594,24.616594
1.511781,3.990988,3.212536,10.077613,22.125239,22.125239
3.212536,3.990988,1.511781,10.077613,22.125239,22.125239
1.511781,4.525285,3.779461,6.773091,20.583081,20.583081
3.779461,4.525285,1.511781,6.773091,20.583081,20.583081
1.511781,4.157397,3.389619,8.686491,21.454786,21.454786
3.389619,4.157397,1.511781,8.686491,21.454786,21.454786
1.511781,4.885548,4.157388,5.931953,20.182006,20.182006
4.157388,4.885548,1.511781,5.931953,20.182006,20.182006
1.511781,5.796105,5.102258,5.446620,19.890816,19.890816
5.102258,5.796105,1.511781,5.446620,19.890816,19.890816
1.511781,6.716148,6.047127,5.388450,19.861979,19.861979
6.047127,6.716148,1.511781,5.388450,19.861979,19.861979
1.889721,3.095943,1.889726,28.890753,21.482192,21.482192
1.889726,3.095943,1.889721,28.890753,21.482192,21.482192
1.889726,3.252544,2.078694,26.465635,17.421967,17.421967
2.078694,3.252544,1.889726,26.465635,17.421967,17.421967
1.889726,3.412426,2.267667,24.353626,15.259225,15.259225
2.267667,3.412426,1.889726,24.353626,15.259225,15.259225
1.889726,3.575161,2.456646,20.850722,12.441815,12.441815
2.456646,3.575161,1.889726,20.850722,12.441815,12.441815
1.889726,3.740351,2.645618,16.893414,9.442970,9.442970
2.645618,3.740351,1.889726,16.893414,9.442970,9.442970
1.889726,3.907697,2.834591,13.788696,7.336081,7.336081
2.834591,3.907697,1.889726,13.788696,7.336081,7.336081
1.889726,4.247835,3.212536,9.740574,5.042553,5.042553
3.212536,4.247835,1.889726,9.740574,5.042553,5.042553
1.889726,4.768741,3.779461,6.627359,3.538035,3.538035
3.779461,4.768741,1.889726,6.627359,3.538035,3.538035
1.889726,5.121422,4.157388,5.819023,3.150663,3.150663
4.157388,5.121422,1.889726,5.819023,3.150663,3.150663
1.889726,6.016602,5.102258,5.366633,2.887963,2.887963
5.102258,6.016602,1.889726,5.366633,2.887963,2.887963
1.889726,6.924997,6.047127,5.323100,2.871528,2.871528
6.047127,6.924997,1.889726,5.323100,2.871528,2.871528
2.267667,3.715128,2.267671,22.548824,11.407711,11.407711
2.267671,3.715128,2.267667,22.548824,11.407711,11.407711
2.267671,3.871455,2.456646,19.285082,8.643335,8.643335
2.456646,3.871455,2.267671,19.285082,8.643335,8.643335
2.267671,4.030567,2.645618,16.119044,6.270017,6.270017
2.645618,4.030567,2.267671,16.119044,6.270017,6.270017
2.267671,4.192158,2.834591,13.313186,4.328346,4.328346
2.834591,4.192158,2.267671,13.313186,4.328346,4.328346
2.267671,4.521714,3.212536,9.427347,2.034514,2.034514
3.212536,4.521714,2.267671,9.427347,2.034514,2.034514
2.267671,5.028843,3.779461,6.465356,0.611130,0.611130
3.779461,5.028843,2.267671,6.465356,0.611130,0.611130
2.267671,5.373550,4.157388,5.684342,0.245181,0.245181
4.157388,5.373550,2.267671,5.684342,0.245181,0.245181
2.267671,6.252187,5.102258,5.255502,0.003209,0.003209
5.102258,6.252187,2.267671,5.255502,0.003209,0.003209
2.267671,7.147742,6.047127,5.218908,-0.008283,-0.008283
6.047127,7.147742,2.267671,5.218908,-0.008283,-0.008283
2.645617,4.334328,2.645618,13.958796,5.156340,5.156340
2.645618,4.334328,2.645617,13.958796,5.156340,5.156340
2.645617,4.490431,2.834591,12.260843,4.248643,4.248643
2.834591,4.490431,2.645617,12.260843,4.248643,4.248643
2.645617,4.809718,3.212536,9.166059,2.671750,2.671750
3.212536,4.809718,2.645617,9.166059,2.671750,2.671750
2.645617,5.303142,3.779461,6.359807,1.380844,1.380844
3.779461,5.303142,2.645617,6.359807,1.380844,1.380844
2.645617,5.639751,4.157388,5.591669,1.026168,1.026168
4.157388,5.639751,2.645617,5.591669,1.026168,1.026168
2.645617,6.501221,5.102258,5.181004,0.799504,0.799504
5.102258,6.501221,2.645617,5.181004,0.799504,0.799504
2.645617,7.383124,6.047127,5.148001,0.789964,0.789964
6.047127,7.383124,2.645617,5.148001,0.789964,0.789964
3.023562,5.109457,3.212536,8.538166,3.569300,3.569300
3.212536,5.109457,3.023562,8.538166,3.569300,3.569300
3.023562,5.589548,3.779461,6.281759,2.822657,2.822657
3.779461,5.589548,3.023562,6.281759,2.822657,2.822657
3.023562,5.918128,4.157388,5.533184,2.486455,2.486455
4.157388,5.918128,3.023562,5.533184,2.486455,2.486455
3.023562,6.762218,5.102258,5.135375,2.269765,2.269765
5.102258,6.762218,3.023562,5.135375,2.269765,2.269765
3.023562,7.629975,6.047127,5.102513,2.259097,2.259097
6.047127,7.629975,3.023562,5.102513,2.259097,2.259097
3.779452,6.191897,3.779461,5.873487,4.640090,4.640090
3.779461,6.191897,3.779452,5.873487,4.640090,4.640090
3.779452,6.505089,4.157388,5.516841,4.693255,4.693255
4.157388,6.505089,3.779452,5.516841,4.693255,4.693255
3.779452,7.314922,5.102258,5.185293,4.538402,4.538402
5.102258,7.314922,3.779452,5.185293,4.538402,4.538402
3.779452,8.153868,6.047127,5.136037,4.509695,4.509695
6.047127,8.153868,3.779452,5.136037,4.509695,4.509695
4.535343,7.901350,5.102258,5.220666,5.114667,5.114667
5.102258,7.901350,4.535343,5.220666,5.114667,5.114667
4.535343,8.711908,6.047127,5.173595,5.087261,5.087261
6.047127,8.711908,4.535343,5.173595,5.087261,5.087261
5.291233,9.297950,6.047127,5.201155,5.159116,5.159116
6.047127,9.297950,5.291233,5.201155,5.159116,5.159116
