R1,R2,R3,ETriat,E,ENew
1.511781,1.849118,1.700749,49.717710,65.560601,65.560601
1.700749,1.849118,1.511781,49.717710,65.560601,65.560601
1.511781,1.975431,1.889721,47.092750,55.440371,55.440371
1.889721,1.975431,1.511781,47.092750,55.440371,55.440371
1.511781,2.111123,2.078694,43.132185,48.156544,48.156544
2.078694,2.111123,1.511781,43.132185,48.156544,48.156544
1.511781,2.254501,2.267667,37.080291,41.162172,41.162172
2.267667,2.254501,1.511781,37.080291,41.162172,41.162172
1.511781,2.404185,2.456646,30.686481,35.143753,35.143753
2.456646,2.404185,1.511781,30.686481,35.143753,35.143753
1.511781,2.559079,2.645618,25.267403,30.770439,30.770439
2.645618,2.559079,1.511781,25.267403,30.770439,30.770439
1.511781,2.718287,2.834591,20.763943,27.605813,27.605813
2.834591,2.718287,1.511781,20.763943,27.605813,27.605813
1.511781,2.834585,2.971886,17.985961,25.854596,25.854596
2.971886,2.834585,1.511781,17.985961,25.854596,25.854596
1.511781,3.046925,3.212536,14.065982,23.715401,23.715401
3.212536,3.046925,1.511781,14.065982,23.715401,23.715401
1.511781,3.558286,3.779461,8.331716,21.155834,21.155834
3.779461,3.558286,1.511781,8.331716,21.155834,21.155834
1.511781,3.907702,4.157388,6.605494,20.466822,20.466822
4.157388,3.907702,1.511781,6.605494,20.466822,20.466822
1.511781,4.157397,4.423735,6.010623,20.205943,20.205943
4.423735,4.157397,1.511781,6.010623,20.205943,20.205943
1.511781,4.800229,5.102258,5.504670,19.922342,19.922342
5.102258,4.800229,1.511781,5.504670,19.922342,19.922342
1.511781,5.709624,6.047127,5.390647,19.851875,19.851875
6.047127,5.709624,1.511781,5.390647,19.851875,19.851875
1.889721,2.167801,1.889726,40.451175,30.533975,30.533975
1.889726,2.167801,1.889721,40.451175,30.533975,30.533975
1.889726,2.281452,2.078694,37.147460,24.861341,24.861341
2.078694,2.281452,1.889726,37.147460,24.861341,24.861341
1.889726,2.404601,2.267667,32.658115,19.938777,19.938777
2.267667,2.404601,1.889726,32.658115,19.938777,19.938777
1.889726,2.535856,2.456646,27.189256,15.072239,15.072239
2.456646,2.535856,1.889726,27.189256,15.072239,15.072239
1.889726,2.674041,2.645618,22.472968,11.467033,11.467033
2.645618,2.674041,1.889726,22.472968,11.467033,11.467033
1.889726,2.818128,2.834591,18.595998,8.912887,8.912887
2.834591,2.818128,1.889726,18.595998,8.912887,8.912887
1.889726,3.120706,3.212536,13.064154,6.072581,6.072581
3.212536,3.120706,1.889726,13.064154,6.072581,6.072581
1.889726,3.601373,3.779461,8.002139,4.001250,4.001250
3.779461,3.601373,1.889726,8.002139,4.001250,4.001250
1.889726,3.934579,4.157388,6.434936,3.401698,3.401698
4.157388,3.934579,1.889726,6.434936,3.401698,3.401698
1.889726,4.796738,5.102258,5.433566,2.924649,2.924649
5.102258,4.796738,1.889726,5.433566,2.924649,2.924649
1.889726,5.685247,6.047127,5.338167,2.872569,2.872569
6.047127,5.685247,1.889726,5.338167,2.872569,2.872569
1.551189,2.267671,2.267672,36.681111,37.627650,37.627650
2.267672,2.267671,1.551189,36.681111,37.627650,37.627650
2.267667,2.601368,2.267671,27.618228,12.696883,12.696883
2.267671,2.601368,2.267667,27.618228,12.696883,12.696883
2.003921,2.456642,2.267671,31.267791,17.071975,17.071975
2.267671,2.456642,2.003921,31.267791,17.071975,17.071975
2.267671,2.714169,2.456646,23.491032,9.247441,9.247441
2.456646,2.714169,2.267671,23.491032,9.247441,9.247441
2.267671,2.835100,2.645618,19.456029,6.316417,6.316417
2.645618,2.835100,2.267671,19.456029,6.316417,6.316417
2.267671,2.963155,2.834591,16.486322,4.616717,4.616717
2.834591,2.963155,2.267671,16.486322,4.616717,4.616717
2.267671,3.237212,3.212536,11.686507,2.345088,2.345088
3.212536,3.237212,2.267671,11.686507,2.345088,2.345088
2.267671,3.682941,3.779461,7.475416,0.870925,0.870925
3.779461,3.682941,2.267671,7.475416,0.870925,0.870925
2.267671,3.997171,4.157388,6.158753,0.415081,0.415081
4.157388,3.997171,2.267671,6.158753,0.415081,0.415081
2.267671,4.822954,5.102258,5.313131,0.029054,0.029054
5.102258,4.822954,2.267671,5.313131,0.029054,0.029054
2.267671,5.685943,6.047127,5.233425,-0.008846,-0.008846
6.047127,5.685943,2.267671,5.233425,-0.008846,-0.008846
1.809705,2.645610,2.645617,23.105161,13.758610,13.758610
2.645617,2.645610,1.809705,23.105161,13.758610,13.758610
2.645617,3.034925,2.645618,16.474062,5.010593,5.010593
2.645618,3.034925,2.645617,16.474062,5.010593,5.010593
2.645617,3.147128,2.834591,13.970577,3.688335,3.688335
2.834591,3.147128,2.645617,13.970577,3.688335,3.688335
2.645617,3.392045,3.212536,10.282801,2.317985,2.317985
3.212536,3.392045,2.645617,10.282801,2.317985,2.317985
2.645617,3.800514,3.779461,6.924242,1.395414,1.395414
3.779461,3.800514,2.645617,6.924242,1.395414,1.395414
2.645617,4.093840,4.157388,5.894615,1.102056,1.102056
4.157388,4.093840,2.645617,5.894615,1.102056,1.102056
2.645617,4.878397,5.102258,5.234524,0.821533,0.821533
5.102258,4.878397,2.645617,5.234524,0.821533,0.821533
2.645617,5.711703,6.047127,5.167039,0.793520,0.793520
6.047127,5.711703,2.645617,5.167039,0.793520,0.793520
3.023562,3.580234,3.212536,8.768010,2.824608,2.824608
3.212536,3.580234,3.023562,8.768010,2.824608,2.824608
3.023562,3.950879,3.779461,6.434843,2.618846,2.618846
3.779461,3.950879,3.023562,6.434843,2.618846,2.618846
3.023562,4.222246,4.157388,5.669909,2.470714,2.470714
4.157388,4.222246,3.023562,5.669909,2.470714,2.470714
3.023562,4.962088,5.102258,5.173274,2.277613,2.277613
5.102258,4.962088,3.023562,5.173274,2.277613,2.277613
3.023562,5.762190,6.047127,5.115371,2.256669,2.256669
6.047127,5.762190,3.023562,5.115371,2.256669,2.256669
2.585305,3.779452,3.779460,7.009196,1.227421,1.227421
3.779460,3.779452,2.585305,7.009196,1.227421,1.227421
3.779452,4.335617,3.779461,5.850891,4.508784,4.508784
3.779461,4.335617,3.779452,5.850891,4.508784,4.508784
3.779452,4.562903,4.157388,5.480846,4.598548,4.598548
4.157388,4.562903,3.779452,5.480846,4.598548,4.598548
3.779452,5.208310,5.102258,5.202872,4.530292,4.530292
5.102258,5.208310,3.779452,5.202872,4.530292,4.530292
3.779452,5.934514,6.047127,5.144674,4.504881,4.504881
6.047127,5.934514,3.779452,5.144674,4.504881,4.504881
4.535343,5.547378,5.102258,5.210939,5.085006,5.085006
5.102258,5.547378,4.535343,5.210939,5.085006,5.085006
4.535343,6.194903,6.047127,5.178582,5.081754,5.081754
6.047127,6.194903,4.535343,5.178582,5.081754,5.081754
5.291233,6.532834,6.047127,5.207690,5.158205,5.158205
6.047127,6.532834,5.291233,5.207690,5.158205,5.158205
