R1,R2,R3,ETriat,E,ENew
1.511781,1.614578,1.700749,50.939717,75.604424,75.604424
1.700749,1.614578,1.511781,50.939717,75.604424,75.604424
1.511781,1.731971,1.889734,49.063064,62.876406,62.876406
1.889734,1.731971,1.511781,49.063064,62.876406,62.876406
1.511781,1.861168,2.078702,44.613258,52.591262,52.591262
2.078702,1.861168,1.511781,44.613258,52.591262,52.591262
1.511781,1.999897,2.267671,39.444081,44.741750,44.741750
2.267671,1.999897,1.511781,39.444081,44.741750,44.741750
1.511781,2.146311,2.456639,34.339573,38.895053,38.895053
2.456639,2.146311,1.511781,34.339573,38.895053,38.895053
1.511781,2.298959,2.645624,29.785340,34.730233,34.730233
2.645624,2.298959,1.511781,29.785340,34.730233,34.730233
1.511781,2.456648,2.834592,25.039100,30.983270,30.983270
2.834592,2.456648,1.511781,25.039100,30.983270,30.983270
1.511781,2.783734,3.212529,16.949131,25.534699,25.534699
3.212529,2.783734,1.511781,16.949131,25.534699,25.534699
1.511781,3.294849,3.779451,9.814104,21.872773,21.872773
3.779451,3.294849,1.511781,9.814104,21.872773,21.872773
1.511781,3.644779,4.157404,7.406136,20.833335,20.833335
4.157404,3.644779,1.511781,7.406136,20.833335,20.833335
1.511781,4.539281,5.102263,5.597619,19.988559,19.988559
5.102263,4.539281,1.511781,5.597619,19.988559,19.988559
1.511781,5.450801,6.047121,5.411101,19.867269,19.867269
6.047121,5.450801,1.511781,5.411101,19.867269,19.867269
1.889734,1.889726,1.889734,46.239775,38.942363,38.942363
1.889734,1.889726,1.889734,46.239775,38.942363,38.942363
1.889726,1.990954,2.078702,41.920591,30.954043,30.954043
2.078702,1.990954,1.889726,41.920591,30.954043,30.954043
1.889726,2.104309,2.267671,37.189214,24.755793,24.755793
2.267671,2.104309,1.889726,37.189214,24.755793,24.755793
1.889726,2.227949,2.456639,32.405853,19.837001,19.837001
2.456639,2.227949,1.889726,32.405853,19.837001,19.837001
1.889726,2.360275,2.645624,27.462996,15.536148,15.536148
2.645624,2.360275,1.889726,27.462996,15.536148,15.536148
1.889726,2.499876,2.834592,22.989771,12.127599,12.127599
2.834592,2.499876,1.889726,22.989771,12.127599,12.127599
1.889726,2.796533,3.212529,16.270325,7.981339,7.981339
3.212529,2.796533,1.889726,16.270325,7.981339,7.981339
1.889726,3.273100,3.779451,9.777991,4.836747,4.836747
3.779451,3.273100,1.889726,9.777991,4.836747,4.836747
1.889726,3.605375,4.157404,7.441724,3.856458,3.856458
4.157404,3.605375,1.889726,7.441724,3.856458,3.856458
1.889726,4.467916,5.102263,5.546091,2.997328,2.997328
5.102263,4.467916,1.889726,5.546091,2.997328,2.997328
1.889726,5.358296,6.047121,5.349069,2.876906,2.876906
6.047121,5.358296,1.889726,5.349069,2.876906,2.876906
2.267671,2.267671,2.267671,32.895088,17.267894,17.267894
2.267671,2.267671,2.267671,32.895088,17.267894,17.267894
2.003921,2.267671,2.456642,31.267791,17.071975,17.071975
2.456642,2.267671,2.003921,31.267791,17.071975,17.071975
2.267671,2.367815,2.456639,28.457489,13.147653,13.147653
2.456639,2.367815,2.267671,28.457489,13.147653,13.147653
2.267671,2.478360,2.645624,23.966270,9.516689,9.516689
2.645624,2.478360,2.267671,23.966270,9.516689,9.516689
2.267671,2.597947,2.834592,20.112446,6.796111,6.796111
2.834592,2.597947,2.267671,20.112446,6.796111,6.796111
2.267671,2.859669,3.212529,14.648668,3.840066,3.840066
3.212529,2.859669,2.267671,14.648668,3.840066,3.840066
2.267671,3.294849,3.779451,9.267556,1.623162,1.623162
3.779451,3.294849,2.267671,9.267556,1.623162,1.623162
2.267671,3.605375,4.157404,7.230883,0.868930,0.868930
4.157404,3.605375,2.267671,7.230883,0.868930,0.868930
2.267671,4.427773,5.102263,5.446684,0.112010,0.112010
5.102263,4.427773,2.267671,5.446684,0.112010,0.112010
2.267671,5.291231,6.047121,5.245682,-0.004640,-0.004640
6.047121,5.291231,2.267671,5.245682,-0.004640,-0.004640
2.645624,2.645617,2.645624,20.500102,7.477795,7.477795
2.645624,2.645617,2.645624,20.500102,7.477795,7.477795
2.645617,2.744989,2.834592,17.309180,5.422336,5.422336
2.834592,2.744989,2.645617,17.309180,5.422336,5.422336
2.645617,2.969932,3.212529,12.424218,2.932065,2.932065
3.212529,2.969932,2.645617,12.424218,2.932065,2.932065
2.645617,3.359249,3.779451,8.460950,1.893971,1.893971
3.779451,3.359249,2.645617,8.460950,1.893971,1.893971
2.645617,3.644779,4.157404,6.869954,1.462368,1.462368
4.157404,3.644779,2.645617,6.869954,1.462368,1.462368
2.645617,4.419700,5.102263,5.368966,0.900543,0.900543
5.102263,4.419700,2.645617,5.368966,0.900543,0.900543
2.645617,5.250580,6.047121,5.176270,0.793303,0.793303
6.047121,5.250580,2.645617,5.176270,0.793303,0.793303
3.023562,3.122335,3.212529,10.691242,3.311327,3.311327
3.212529,3.122335,3.023562,10.691242,3.311327,3.311327
3.023562,3.463924,3.779451,7.502960,2.760169,2.760169
3.779451,3.463924,3.023562,7.502960,2.760169,2.760169
3.023562,3.722336,4.157404,6.409471,2.668628,2.668628
4.157404,3.722336,3.023562,6.409471,2.668628,2.668628
3.023562,4.443874,5.102263,5.300345,2.351723,2.351723
5.102263,4.443874,3.023562,5.300345,2.351723,2.351723
3.023562,5.236960,6.047121,5.130421,2.261048,2.261048
6.047121,5.236960,3.023562,5.130421,2.261048,2.261048
3.779451,3.779451,3.779452,6.278037,4.445516,4.445516
3.779452,3.779451,3.779451,6.278037,4.445516,4.445516
3.779452,3.981907,4.157404,5.719750,4.559130,4.559130
4.157404,3.981907,3.779452,5.719750,4.559130,4.559130
3.779452,4.586240,5.102263,5.285346,4.578427,4.578427
5.102263,4.586240,3.779452,5.285346,4.578427,4.578427
3.779452,5.102259,5.798287,5.195666,4.535063,4.535063
5.798287,5.102259,3.779452,5.195666,4.535063,4.535063
3.779452,5.291231,6.047121,5.176361,4.524265,4.524265
6.047121,5.291231,3.779452,5.176361,4.524265,4.524265
4.535343,4.843751,5.102263,5.294227,5.148838,5.148838
5.102263,4.843751,4.535343,5.294227,5.148838,5.148838
4.535343,5.450801,6.047121,5.208811,5.099490,5.099490
6.047121,5.450801,4.535343,5.208811,5.099490,5.099490
5.291233,5.706846,6.047121,5.215000,5.154562,5.154562
6.047121,5.706846,5.291233,5.215000,5.154562,5.154562
