R1,R2,R3,ETriat,E,ENew
1.511781,1.733438,1.700761,50.508497,69.664278,69.664278
1.700761,1.733438,1.511781,50.508497,69.664278,69.664278
1.511781,1.855220,1.889731,48.701757,59.015742,59.015742
1.889731,1.855220,1.511781,48.701757,59.015742,59.015742
1.511781,1.987534,2.078701,44.425263,50.422926,50.422926
2.078701,1.987534,1.511781,44.425263,50.422926,50.422926
1.511781,2.128418,2.267671,38.635268,43.011912,43.011912
2.267671,2.128418,1.511781,38.635268,43.011912,43.011912
1.511781,2.276281,2.456641,33.091911,37.416987,37.416987
2.456641,2.276281,1.511781,33.091911,37.416987,37.416987
1.511781,2.429846,2.645619,27.506221,32.635963,32.635963
2.645619,2.429846,1.511781,27.506221,32.635963,32.635963
1.511781,2.588104,2.834588,22.687394,29.039257,29.039257
2.834588,2.588104,1.511781,22.687394,29.039257,29.039257
1.511781,2.915614,3.212528,15.375587,24.498167,24.498167
3.212528,2.915614,1.511781,15.375587,24.498167,24.498167
1.511781,3.426422,3.779463,8.990514,21.461855,21.461855
3.779463,3.426422,1.511781,8.990514,21.461855,21.461855
1.511781,3.775858,4.157402,6.949283,20.622282,20.622282
4.157402,3.775858,1.511781,6.949283,20.622282,20.622282
1.511781,4.668918,5.102259,5.542592,19.950095,19.950095
5.102259,4.668918,1.511781,5.542592,19.950095,19.950095
1.511781,5.579068,6.047116,5.399626,19.858380,19.858380
6.047116,5.579068,1.511781,5.399626,19.858380,19.858380
1.597256,1.889723,1.889726,48.014089,51.395019,51.395019
1.889726,1.889723,1.597256,48.014089,51.395019,51.395019
1.889726,2.030700,1.889731,43.564254,34.417795,34.417795
1.889731,2.030700,1.889726,43.564254,34.417795,34.417795
1.889726,2.138184,2.078701,39.872431,27.848391,27.848391
2.078701,2.138184,1.889726,39.872431,27.848391,27.848391
1.889726,2.256399,2.267671,35.294472,22.448865,22.448865
2.267671,2.256399,1.889726,35.294472,22.448865,22.448865
1.889726,2.383750,2.456641,29.675368,17.168070,17.168070
2.456641,2.383750,1.889726,29.675368,17.168070,17.168070
1.889726,2.518845,2.645619,24.680385,13.126795,13.126795
2.645619,2.518845,1.889726,24.680385,13.126795,13.126795
1.889726,2.660516,2.834588,20.500667,10.191955,10.191955
2.834588,2.660516,1.889726,20.500667,10.191955,10.191955
1.889726,2.959753,3.212528,14.453011,6.828200,6.828200
3.212528,2.959753,1.889726,14.453011,6.828200,6.828200
1.889726,3.437817,3.779463,8.758346,4.336281,4.336281
3.779463,3.437817,1.889726,8.758346,4.336281,4.336281
1.889726,3.770224,4.157402,6.847434,3.584738,3.584738
4.157402,3.770224,1.889726,6.847434,3.584738,3.584738
1.889726,4.631894,5.102259,5.475235,2.952446,2.952446
5.102259,4.631894,1.889726,5.475235,2.952446,2.952446
1.889726,5.520852,6.047116,5.342519,2.873740,2.873740
6.047116,5.520852,1.889726,5.342519,2.873740,2.873740
1.916709,2.267671,2.267672,34.959680,21.645719,21.645719
2.267672,2.267671,1.916709,34.959680,21.645719,21.645719
2.267671,2.436841,2.267671,30.106511,14.681268,14.681268
2.267671,2.436841,2.267671,30.106511,14.681268,14.681268
2.267671,2.543375,2.456641,25.703983,10.834654,10.834654
2.456641,2.543375,2.267671,25.703983,10.834654,10.834654
2.267671,2.659077,2.645619,21.397727,7.557932,7.557932
2.645619,2.659077,2.267671,21.397727,7.557932,7.557932
2.267671,2.782821,2.834588,18.130928,5.527884,5.527884
2.834588,2.782821,2.267671,18.130928,5.527884,5.527884
2.267671,3.050435,3.212528,12.935824,2.895942,2.895942
3.212528,3.050435,2.267671,12.935824,2.895942,2.895942
2.267671,3.490343,3.779463,8.208352,1.155567,1.155567
3.779463,3.490343,2.267671,8.208352,1.155567,1.155567
2.267671,3.802337,4.157402,6.575035,0.587324,0.587324
4.157402,3.802337,2.267671,6.575035,0.587324,0.587324
2.267671,4.625557,5.102259,5.358875,0.058672,0.058672
5.102259,4.625557,2.267671,5.358875,0.058672,0.058672
2.267671,5.488106,6.047116,5.238062,-0.008066,-0.008066
6.047116,5.488106,2.267671,5.238062,-0.008066,-0.008066
2.236170,2.645610,2.645617,21.641808,7.772280,7.772280
2.645617,2.645610,2.236170,21.641808,7.772280,7.772280
2.645617,2.842972,2.645619,18.121145,5.881909,5.881909
2.645619,2.842972,2.645617,18.121145,5.881909,5.881909
2.645617,2.948817,2.834588,15.373192,4.313906,4.313906
2.834588,2.948817,2.645617,15.373192,4.313906,4.313906
2.645617,3.183686,3.212528,11.280548,2.615377,2.615377
3.212528,3.183686,2.645617,11.280548,2.615377,2.615377
2.645617,3.582190,3.779463,7.522182,1.568610,1.568610
3.779463,3.582190,2.645617,7.522182,1.568610,1.568610
2.645617,3.871257,4.157402,6.251029,1.231021,1.231021
4.157402,3.871257,2.645617,6.251029,1.231021,1.231021
2.645617,4.650032,5.102259,5.275547,0.846337,0.846337
5.102259,4.650032,2.645617,5.275547,0.846337,0.846337
2.645617,5.481285,6.047116,5.169081,0.791092,0.791092
6.047116,5.481285,2.645617,5.169081,0.791092,0.791092
3.023562,3.354436,3.212528,9.496078,2.928682,2.928682
3.212528,3.354436,3.023562,9.496078,2.928682,2.928682
3.023562,3.710440,3.779463,6.826087,2.656659,2.656659
3.779463,3.710440,3.023562,6.826087,2.656659,2.656659
3.023562,3.975069,4.157402,5.916951,2.533288,2.533288
4.157402,3.975069,3.023562,5.916951,2.533288,2.533288
3.023562,4.704838,5.102259,5.210194,2.300119,2.300119
5.102259,4.704838,3.023562,5.210194,2.300119,2.300119
3.023562,5.500486,6.047116,5.120445,2.256755,2.256755
6.047116,5.500486,3.023562,5.120445,2.256755,2.256755
3.194529,3.779452,3.779460,6.541716,3.145156,3.145156
3.779460,3.779452,3.194529,6.541716,3.145156,3.145156
3.779452,4.061400,3.779463,5.953679,4.459175,4.459175
3.779463,4.061400,3.779452,5.953679,4.459175,4.459175
3.779452,4.276368,4.157402,5.538289,4.580118,4.580118
4.157402,4.276368,3.779452,5.538289,4.580118,4.580118
3.779452,4.900813,5.102259,5.227338,4.545296,4.545296
5.102259,4.900813,3.779452,5.227338,4.545296,4.545296
3.779452,5.615526,6.047116,5.156805,4.511429,4.511429
6.047116,5.615526,3.779452,5.156805,4.511429,4.511429
4.535343,5.200305,5.102259,5.255766,5.122343,5.122343
5.102259,5.200305,4.535343,5.255766,5.122343,5.122343
4.535343,5.827148,6.047116,5.184119,5.081927,5.081927
6.047116,5.827148,4.535343,5.184119,5.081927,5.081927
5.291233,6.125351,6.047116,5.211172,5.157338,5.157338
6.047116,6.125351,5.291233,5.211172,5.157338,5.157338
