R1,R2,R3,ETriat,E,ENew
1.511781,2.398759,1.511782,40.678724,64.577233,64.577233
1.511782,2.398759,1.511781,40.678724,64.577233,64.577233
1.511781,2.551270,1.700749,36.933072,49.714486,49.714486
1.700749,2.551270,1.511781,36.933072,49.714486,49.714486
1.511781,2.708394,1.889734,33.107061,41.069286,41.069286
1.889734,2.708394,1.511781,33.107061,41.069286,41.069286
1.511781,2.869350,2.078701,29.541296,35.942737,35.942737
2.078701,2.869350,1.511781,29.541296,35.942737,35.942737
1.511781,3.033540,2.267668,26.080426,32.577985,32.577985
2.267668,3.033540,1.511781,26.080426,32.577985,32.577985
1.511781,3.200464,2.456635,22.446868,29.829438,29.829438
2.456635,3.200464,1.511781,22.446868,29.829438,29.829438
1.511781,3.369744,2.645625,18.271817,26.842517,26.842517
2.645625,3.369744,1.511781,18.271817,26.842517,26.842517
1.511781,3.540992,2.834592,14.898204,24.698682,24.698682
2.834592,3.540992,1.511781,14.898204,24.698682,24.698682
1.511781,3.888416,3.212526,10.221136,22.152602,22.152602
3.212526,3.888416,1.511781,10.221136,22.152602,22.152602
1.511781,4.418978,3.779450,6.797918,20.585466,20.585466
3.779450,4.418978,1.511781,6.797918,20.585466,20.585466
1.511781,4.777328,4.157402,5.936182,20.180358,20.180358
4.157402,4.777328,1.511781,5.936182,20.180358,20.180358
1.511781,5.684306,5.102260,5.443465,19.885656,19.885656
5.102260,5.684306,1.511781,5.443465,19.885656,19.885656
1.511781,6.601918,6.047118,5.385385,19.858076,19.858076
6.047118,6.601918,1.511781,5.385385,19.858076,19.858076
1.889726,2.998447,1.889734,29.303531,21.511723,21.511723
1.889734,2.998447,1.889726,29.303531,21.511723,21.511723
1.889726,3.150465,2.078701,26.980936,17.568885,17.568885
2.078701,3.150465,1.889726,26.980936,17.568885,17.568885
1.889726,3.306295,2.267668,24.819072,15.391269,15.391269
2.267668,3.306295,1.889726,24.819072,15.391269,15.391269
1.889726,3.465424,2.456635,21.081132,12.389822,12.389822
2.456635,3.465424,1.889726,21.081132,12.389822,12.389822
1.889726,3.627444,2.645625,17.127767,9.454938,9.454938
2.645625,3.627444,1.889726,17.127767,9.454938,9.454938
1.889726,3.791934,2.834592,13.966291,7.351345,7.351345
2.834592,3.791934,1.889726,13.966291,7.351345,7.351345
1.889726,4.127209,3.212526,9.816830,5.050662,5.050662
3.212526,4.127209,1.889726,9.816830,5.050662,5.050662
1.889726,4.642452,3.779450,6.639928,3.539683,3.539683
3.779450,4.642452,1.889726,6.639928,3.539683,3.539683
1.889726,4.992173,4.157402,5.823267,3.151097,3.151097
4.157402,4.992173,1.889726,5.823267,3.151097,3.151097
1.889726,5.881761,5.102260,5.368577,2.887833,2.887833
5.102260,5.881761,1.889726,5.368577,2.887833,2.887833
1.889726,6.786307,6.047118,5.323393,2.871008,2.871008
6.047118,6.786307,1.889726,5.323393,2.871008,2.871008
2.267668,3.598124,2.267671,22.546656,11.163441,11.163441
2.267671,3.598124,2.267668,22.546656,11.163441,11.163441
2.267671,3.749805,2.456635,19.363659,8.535836,8.535836
2.456635,3.749805,2.267671,19.363659,8.535836,8.535836
2.267671,3.904767,2.645625,16.092205,6.110394,6.110394
2.645625,3.904767,2.267671,16.092205,6.110394,6.110394
2.267671,4.062585,2.834592,13.354722,4.281946,4.281946
2.834592,4.062585,2.267671,13.354722,4.281946,4.281946
2.267671,4.385615,3.212526,9.454263,2.030525,2.030525
3.212526,4.385615,2.267671,9.454263,2.030525,2.030525
2.267671,4.884981,3.779450,6.470597,0.611000,0.611000
3.779450,4.884981,2.267671,6.470597,0.611000,0.611000
2.267671,5.225553,4.157402,5.687508,0.245051,0.245051
4.157402,5.225553,2.267671,5.687508,0.245051,0.245051
2.267671,6.096276,5.102260,5.257189,0.002949,0.002949
5.102260,6.096276,2.267671,5.257189,0.002949,0.002949
2.267671,6.986292,6.047118,5.219481,-0.008456,-0.008456
6.047118,6.986292,2.267671,5.219481,-0.008456,-0.008456
2.645617,4.197827,2.645625,13.986094,5.123730,5.123730
2.645625,4.197827,2.645617,13.986094,5.123730,5.123730
2.645617,4.349265,2.834592,12.252110,4.203631,4.203631
2.834592,4.349265,2.645617,12.252110,4.203631,4.203631
2.645617,4.660372,3.212526,9.150621,2.644691,2.644691
3.212526,4.660372,2.645617,9.150621,2.644691,2.644691
2.645617,5.143870,3.779450,6.362766,1.380020,1.380020
3.779450,5.143870,2.645617,6.362766,1.380020,1.380020
2.645617,5.475098,4.157402,5.595176,1.026429,1.026429
4.157402,5.475098,2.645617,5.595176,1.026429,1.026429
2.645617,5.102265,3.733958,6.502775,1.441120,1.441120
3.733958,5.102265,2.645617,6.502775,1.441120,1.441120
2.645617,6.326115,5.102260,5.182267,0.799071,0.799071
5.102260,6.326115,2.645617,5.182267,0.799071,0.799071
2.645617,6.047120,4.795815,5.222598,0.823788,0.823788
4.795815,6.047120,2.645617,5.222598,0.823788,0.823788
2.645617,7.200575,6.047118,5.148618,0.789921,0.789921
6.047118,7.200575,2.645617,5.148618,0.789921,0.789921
3.023562,4.948757,3.212526,8.529283,3.555337,3.555337
3.212526,4.948757,3.023562,8.529283,3.555337,3.555337
3.023562,5.416775,3.779450,6.285103,2.822484,2.822484
3.779450,5.416775,3.023562,6.285103,2.822484,2.822484
3.023562,5.738701,4.157402,5.537856,2.488103,2.488103
4.157402,5.738701,3.023562,5.537856,2.488103,2.488103
3.023562,6.569671,5.102260,5.136127,2.269114,2.269114
5.102260,6.569671,3.023562,5.136127,2.269114,2.269114
3.023562,7.427918,6.047118,5.102822,2.258837,2.258837
6.047118,7.427918,3.023562,5.102822,2.258837,2.258837
3.779450,5.996883,3.779452,5.882340,4.646291,4.646291
3.779452,5.996883,3.779450,5.882340,4.646291,4.646291
3.779452,6.300929,4.157402,5.516926,4.691347,4.691347
4.157402,6.300929,3.779452,5.516926,4.691347,4.691347
3.779452,7.092200,5.102260,5.187221,4.539442,4.539442
5.102260,7.092200,3.779452,5.187221,4.539442,4.539442
3.779452,7.917222,6.047118,5.136483,4.509738,4.509738
6.047118,7.917222,3.779452,5.136483,4.509738,4.509738
4.535343,7.653808,5.102260,5.219777,5.113236,5.113236
5.102260,7.653808,4.535343,5.219777,5.113236,5.113236
4.535343,8.445921,6.047118,5.173565,5.086958,5.086958
6.047118,8.445921,4.535343,5.173565,5.086958,5.086958
5.291233,9.007081,6.047118,5.201251,5.159029,5.159029
6.047118,9.007081,5.291233,5.201251,5.159029,5.159029
1.322810,2.918915,2.282033,26.188912,55.150005,55.150005
2.282033,2.918915,1.322810,26.188912,55.150005,55.150005
1.228318,2.857866,2.282033,26.874809,73.696880,73.696880
2.282033,2.857866,1.228318,26.874809,73.696880,73.696880
