R1,R2,R3,ETriat,E,ENew
1.511776,2.977621,1.511781,32.577928,58.555909,58.555909
1.511781,2.977621,1.511776,32.577928,58.555909,58.555909
1.511781,3.163893,1.700749,30.473510,45.643984,45.643984
1.700749,3.163893,1.511781,30.473510,45.643984,45.643984
1.511781,3.350468,1.889721,28.190961,38.609587,38.609587
1.889721,3.350468,1.511781,28.190961,38.609587,38.609587
1.511781,3.537298,2.078694,25.888440,34.629021,34.629021
2.078694,3.537298,1.511781,25.888440,34.629021,34.629021
1.511781,3.724344,2.267667,23.045802,31.624712,31.624712
2.267667,3.724344,1.511781,23.045802,31.624712,31.624712
1.511781,3.911579,2.456646,19.333923,28.446253,28.446253
2.456646,3.911579,1.511781,19.333923,28.446253,28.446253
1.511781,4.098970,2.645618,15.879419,25.788943,25.788943
2.645618,4.098970,1.511781,15.879419,25.788943,25.788943
1.511781,4.286500,2.834591,13.163331,23.926628,23.926628
2.834591,4.286500,1.511781,13.163331,23.926628,23.926628
1.511781,4.661909,3.212536,9.469399,21.798447,21.798447
3.212536,4.661909,1.511781,9.469399,21.798447,21.798447
1.511781,5.225713,3.779461,6.585446,20.439502,20.439502
3.779461,5.225713,1.511781,6.585446,20.439502,20.439502
1.511781,5.601911,4.157388,5.821342,20.089901,20.089901
4.157388,5.601911,1.511781,5.821342,20.089901,20.089901
1.511781,6.543329,5.102258,5.424681,19.878327,19.878327
5.102258,6.543329,1.511781,5.424681,19.878327,19.878327
1.511781,7.485616,6.047127,5.394582,19.871649,19.871649
6.047127,7.485616,1.511781,5.394582,19.871649,19.871649
1.889721,3.722029,1.889726,25.379493,19.804565,19.804565
1.889726,3.722029,1.889721,25.379493,19.804565,19.804565
1.889726,3.908269,2.078694,23.817526,16.314968,16.314968
2.078694,3.908269,1.889726,23.817526,16.314968,16.314968
1.889726,4.094760,2.267667,21.170460,13.282212,13.282212
2.267667,4.094760,1.889726,21.170460,13.282212,13.282212
1.889726,4.281472,2.456646,17.832449,10.301146,10.301146
2.456646,4.281472,1.889726,17.832449,10.301146,10.301146
1.889726,4.468370,2.645618,14.888790,8.031555,8.031555
2.645618,4.468370,1.889726,14.888790,8.031555,8.031555
1.889726,4.655436,2.834591,12.471474,6.391610,6.391610
2.834591,4.655436,1.889726,12.471474,6.391610,6.391610
1.889726,5.029996,3.212536,9.188118,4.611470,4.611470
3.212536,5.029996,1.889726,9.188118,4.611470,4.611470
1.889726,5.592695,3.779461,6.442910,3.378368,3.378368
3.779461,5.592695,1.889726,6.442910,3.378368,3.378368
1.889726,5.968250,4.157388,5.715910,3.064455,3.064455
4.157388,5.968250,1.889726,5.715910,3.064455,3.064455
1.889726,6.908321,5.102258,5.343671,2.873436,2.873436
5.102258,6.908321,1.889726,5.343671,2.873436,2.873436
1.889726,7.849544,6.047127,5.318515,2.870097,2.870097
6.047127,7.849544,1.889726,5.318515,2.870097,2.870097
2.267667,4.466437,2.267671,17.924905,7.422289,7.422289
2.267671,4.466437,2.267667,17.924905,7.422289,7.422289
2.267671,4.652659,2.456646,16.061497,5.838501,5.838501
2.456646,4.652659,2.267671,16.061497,5.838501,5.838501
2.267671,4.839090,2.645618,13.858759,4.266986,4.266986
2.645618,4.839090,2.267671,13.858759,4.266986,4.266986
2.267671,5.025712,2.834591,11.917617,3.082278,3.082278
2.834591,5.025712,2.267671,11.917617,3.082278,3.082278
2.267671,5.399446,3.212536,8.871886,1.527588,1.527588
3.212536,5.399446,2.267671,8.871886,1.527588,1.527588
2.267671,5.961046,3.779461,6.283743,0.448949,0.448949
3.779461,5.961046,2.267671,6.283743,0.448949,0.448949
2.267671,6.335952,4.157388,5.587268,0.163830,0.163830
4.157388,6.335952,2.267671,5.587268,0.163830,0.163830
2.267671,7.274636,5.102258,5.240102,-0.005160,-0.005160
5.102258,7.274636,2.267671,5.240102,-0.005160,-0.005160
2.267671,8.214737,6.047127,5.215545,-0.008933,-0.008933
6.047127,8.214737,2.267671,5.215545,-0.008933,-0.008933
2.645617,5.210849,2.645618,11.907014,3.195979,3.195979
2.645618,5.210849,2.645617,11.907014,3.195979,3.195979
2.645617,5.397051,2.834591,10.741095,2.783152,2.783152
2.834591,5.397051,2.645617,10.741095,2.783152,2.783152
2.645617,5.769996,3.212536,8.480507,2.011705,2.011705
3.212536,5.769996,2.645617,8.480507,2.011705,2.011705
2.645617,6.330529,3.779461,6.147250,1.185488,1.185488
3.779461,6.330529,2.645617,6.147250,1.185488,1.185488
2.645617,6.704794,4.157388,5.493323,0.941348,0.941348
4.157388,6.704794,2.645617,5.493323,0.941348,0.941348
2.645617,7.642083,5.102258,5.171077,0.795211,0.795211
5.102258,7.642083,2.645617,5.171077,0.795211,0.795211
2.645617,8.581036,6.047127,5.145850,0.790094,0.790094
6.047127,8.581036,2.645617,5.145850,0.790094,0.790094
3.023562,6.141447,3.212536,7.851271,2.902057,2.902057
3.212536,6.141447,3.023562,7.851271,2.902057,2.902057
3.023562,6.700955,3.779461,6.022980,2.578344,2.578344
3.779461,6.700955,3.023562,6.022980,2.578344,2.578344
3.023562,7.074596,4.157388,5.426890,2.390924,2.390924
4.157388,7.074596,3.023562,5.426890,2.390924,2.390924
3.023562,8.010508,5.102258,5.128088,2.266902,2.266902
5.102258,8.010508,3.023562,5.128088,2.266902,2.266902
3.023562,8.948302,6.047127,5.100146,2.258620,2.258620
6.047127,8.948302,3.023562,5.100146,2.258620,2.258620
3.779452,7.444077,3.779461,5.708235,4.483156,4.483156
3.779461,7.444077,3.779452,5.708235,4.483156,4.483156
3.779452,7.816538,4.157388,5.409716,4.592130,4.592130
4.157388,7.816538,3.779452,5.409716,4.592130,4.592130
3.779452,8.749793,5.102258,5.161285,4.517066,4.517066
5.102258,8.749793,3.779452,5.161285,4.517066,4.517066
3.779452,9.685301,6.047127,5.128485,4.503407,4.503407
6.047127,9.685301,3.779452,5.128485,4.503407,4.503407
4.535343,9.491695,5.102258,5.217450,5.113063,5.113063
5.102258,9.491695,4.535343,5.217450,5.113063,5.113063
4.535343,10.425006,6.047127,5.173848,5.088345,5.088345
6.047127,10.425006,4.535343,5.173848,5.088345,5.088345
5.291233,11.166878,6.047127,5.201434,5.159939,5.159939
6.047127,11.166878,5.291233,5.201434,5.159939,5.159939
