R1,R2,R3,ETriat,E,ENew
1.511788,1.511781,1.943512,48.782953,74.470626,74.470626
1.943512,1.511781,1.511788,48.782953,74.470626,74.470626
1.511781,1.477776,1.889723,49.974893,79.618987,79.618987
1.889723,1.477776,1.511781,49.974893,79.618987,79.618987
1.511781,1.602032,2.078705,45.361245,63.165038,63.165038
2.078705,1.602032,1.511781,45.361245,63.165038,63.165038
1.511781,1.737974,2.267672,40.683954,51.504904,51.504904
2.267672,1.737974,1.511781,40.683954,51.504904,51.504904
1.511781,1.883106,2.456642,36.419098,43.645765,43.645765
2.456642,1.883106,1.511781,36.419098,43.645765,43.645765
1.511781,2.035429,2.645610,32.507610,38.338561,38.338561
2.645610,2.035429,1.511781,32.507610,38.338561,38.338561
1.511781,2.193480,2.834592,28.747177,34.530195,34.530195
2.834592,2.193480,1.511781,28.747177,34.530195,34.530195
1.511781,2.522363,3.212542,21.204344,28.818924,28.818924
3.212542,2.522363,1.511781,21.204344,28.818924,28.818924
1.511781,3.037165,3.779460,11.967659,23.077775,23.077775
3.779460,3.037165,1.511781,11.967659,23.077775,23.077775
1.511781,3.389619,4.157397,8.686491,21.454786,21.454786
4.157397,3.389619,1.511781,8.686491,21.454786,21.454786
1.511781,4.289788,5.102265,5.777092,20.101349,20.101349
5.102265,4.289788,1.511781,5.777092,20.101349,20.101349
1.511781,5.205815,6.047120,5.438572,19.889342,19.889342
6.047120,5.205815,1.511781,5.438572,19.889342,19.889342
1.889723,1.597256,1.889726,48.014089,51.395019,51.395019
1.889726,1.597256,1.889723,48.014089,51.395019,51.395019
1.889731,1.889726,2.429386,35.053315,25.163936,25.163936
2.429386,1.889726,1.889731,35.053315,25.163936,25.163936
1.889726,1.685851,2.078705,43.627249,40.150314,40.150314
2.078705,1.685851,1.889726,43.627249,40.150314,40.150314
1.889726,1.790062,2.267672,38.684224,30.915752,30.915752
2.267672,1.790062,1.889726,38.684224,30.915752,30.915752
1.414402,1.889726,2.456648,36.647613,53.700993,53.700993
2.456648,1.889726,1.414402,36.647613,53.700993,53.700993
1.743803,1.889726,2.456647,35.324151,29.265271,29.265271
2.456647,1.889726,1.743803,35.324151,29.265271,29.265271
1.889726,1.907367,2.456642,34.500488,24.367988,24.367988
2.456642,1.907367,1.889726,34.500488,24.367988,24.367988
1.889726,2.035464,2.645610,31.077171,19.981447,19.981447
2.645610,2.035464,1.889726,31.077171,19.981447,19.981447
1.889726,2.172482,2.834592,28.214472,17.124055,17.124055
2.834592,2.172482,1.889726,28.214472,17.124055,17.124055
1.889726,2.467185,3.212542,21.658266,12.185663,12.185663
3.212542,2.467185,1.889726,21.658266,12.185663,12.185663
1.889726,2.945098,3.779460,12.768368,6.583453,6.583453
3.779460,2.945098,1.889726,12.768368,6.583453,6.583453
1.889726,3.279500,4.157397,9.289104,4.776210,4.776210
4.157397,3.279500,1.889726,9.289104,4.776210,4.776210
1.889726,4.148348,5.102265,5.831480,3.156951,3.156951
5.102265,4.148348,1.889726,5.831480,3.156951,3.156951
1.889726,5.044595,6.047120,5.371742,2.891866,2.891866
6.047120,5.044595,1.889726,5.371742,2.891866,2.891866
2.267671,1.916709,2.267672,34.959680,21.645719,21.645719
2.267672,1.916709,2.267671,34.959680,21.645719,21.645719
2.267673,2.267671,2.915260,24.531213,10.850222,10.850222
2.915260,2.267671,2.267673,24.531213,10.850222,10.850222
2.267671,2.003921,2.456642,31.267791,17.071975,17.071975
2.456642,2.003921,2.267671,31.267791,17.071975,17.071975
2.267671,2.456638,3.194739,20.052265,7.711050,7.711050
3.194739,2.456638,2.267671,20.052265,7.711050,7.711050
2.267671,2.104505,2.645610,28.118459,13.775565,13.775565
2.645610,2.104505,2.267671,28.118459,13.775565,13.775565
2.267671,2.216684,2.834592,25.561664,11.598123,11.598123
2.834592,2.216684,2.267671,25.561664,11.598123,11.598123
2.267671,2.469286,3.212542,19.798101,7.554463,7.554463
3.212542,2.469286,2.267671,19.798101,7.554463,7.554463
2.267671,2.899744,3.779460,12.669277,3.523334,3.523334
3.779460,2.899744,2.267671,12.669277,3.523334,3.523334
2.267671,3.210359,4.157397,9.517841,1.986727,1.986727
4.157397,3.210359,2.267671,9.517841,1.986727,1.986727
2.267671,4.037448,5.102265,5.866640,0.332256,0.332256
5.102265,4.037448,2.267671,5.866640,0.332256,0.332256
2.267671,5.102258,6.252187,5.255502,0.003209,0.003209
6.252187,5.102258,2.267671,5.255502,0.003209,0.003209
2.267671,4.907244,6.047120,5.278681,0.017259,0.017259
6.047120,4.907244,2.267671,5.278681,0.017259,0.017259
2.645610,2.236170,2.645617,21.641808,7.772280,7.772280
2.645617,2.236170,2.645610,21.641808,7.772280,7.772280
2.645617,2.645616,3.401135,14.716323,4.548115,4.548115
3.401135,2.645616,2.645617,14.716323,4.548115,4.548115
2.645617,2.322366,2.834592,19.313362,6.185544,6.185544
2.834592,2.322366,2.645617,19.313362,6.185544,6.185544
2.834592,2.645617,3.339505,13.050581,3.439902,3.439902
3.339505,2.645617,2.834592,13.050581,3.439902,3.439902
2.645617,2.528523,3.212542,16.054206,4.853399,4.853399
3.212542,2.528523,2.645617,16.054206,4.853399,4.853399
2.645617,2.903293,3.779460,11.667111,3.403910,3.403910
3.779460,2.903293,2.645617,11.667111,3.403910,3.403910
2.645617,3.184867,4.157397,9.233824,2.478693,2.478693
4.157397,3.184867,2.645617,9.233824,2.478693,2.478693
2.645617,3.959654,5.102265,5.918441,1.176685,1.176685
5.102265,3.959654,2.645617,5.918441,1.176685,1.176685
2.645617,4.795815,6.047120,5.222598,0.823788,0.823788
6.047120,4.795815,2.645617,5.222598,0.823788,0.823788
3.023562,2.641054,3.212542,12.009906,2.715201,2.715201
3.212542,2.641054,3.023562,12.009906,2.715201,2.715201
3.023562,2.955570,3.779460,9.657217,3.120178,3.120178
3.779460,2.955570,3.023562,9.657217,3.120178,3.120178
3.023562,3.204066,4.157397,8.212033,3.040475,3.040475
4.157397,3.204066,3.023562,8.212033,3.040475,3.040475
3.023562,3.916941,5.102265,5.915232,2.638923,2.638923
5.102265,3.916941,3.023562,5.915232,2.638923,2.638923
3.023562,4.712146,6.047120,5.215549,2.324663,2.324663
6.047120,4.712146,3.023562,5.215549,2.324663,2.324663
3.779452,3.194529,3.779460,6.541716,3.145156,3.145156
3.779460,3.194529,3.779452,6.541716,3.145156,3.145156
3.779462,3.779452,4.858772,5.883513,4.620923,4.620923
4.858772,3.779452,3.779462,5.883513,4.620923,4.620923
3.779452,3.371708,4.157397,6.072306,3.680746,3.680746
4.157397,3.371708,3.779452,6.072306,3.680746,3.680746
3.779452,3.940381,5.102265,5.690472,4.657436,4.657436
5.102265,3.940381,3.779452,5.690472,4.657436,4.657436
3.779452,4.633610,6.047120,5.279644,4.597160,4.597160
6.047120,4.633610,3.779452,5.279644,4.597160,4.597160
4.535343,4.105305,5.102265,5.326451,4.983664,4.983664
5.102265,4.105305,4.535343,5.326451,4.983664,4.983664
4.535343,4.677510,6.047120,5.283130,5.144545,5.144545
6.047120,4.677510,4.535343,5.283130,5.144545,5.144545
4.535343,6.047118,7.868775,5.173582,5.086090,5.086090
7.868775,6.047118,4.535343,5.173582,5.086090,5.086090
5.291233,4.840516,6.047120,5.209703,5.126592,5.126592
6.047120,4.840516,5.291233,5.209703,5.126592,5.126592
