R1,R2,R3,ETriat,E,ENew
1.511788,1.511781,2.316189,41.553559,65.341266,65.341266
2.316189,1.511781,1.511788,41.553559,65.341266,65.341266
1.511781,1.700749,2.551270,36.933072,49.714486,49.714486
2.551270,1.700749,1.511781,36.933072,49.714486,49.714486
1.511781,1.474957,2.267672,42.515855,69.656689,69.656689
2.267672,1.474957,1.511781,42.515855,69.656689,69.656689
2.128418,1.511781,2.267671,38.635268,43.011912,43.011912
2.267671,1.511781,2.128418,38.635268,43.011912,43.011912
1.511781,1.621889,2.456642,38.843037,55.168001,55.168001
2.456642,1.621889,1.511781,38.843037,55.168001,55.168001
1.511781,1.776799,2.645610,34.991041,45.406782,45.406782
2.645610,1.776799,1.511781,34.991041,45.406782,45.406782
1.511781,1.937769,2.834592,31.147951,38.832479,38.832479
2.834592,1.937769,1.511781,31.147951,38.832479,38.832479
1.511781,2.834592,3.821737,14.097820,24.455149,24.455149
3.821737,2.834592,1.511781,14.097820,24.455149,24.455149
1.511781,2.272678,3.212542,24.623021,31.796738,31.796738
3.212542,2.272678,1.511781,24.623021,31.796738,31.796738
1.511781,2.795691,3.779460,14.689820,24.822964,24.822964
3.779460,2.795691,1.511781,14.689820,24.822964,24.822964
1.511781,3.779443,4.808757,6.735697,20.575232,20.575232
4.808757,3.779443,1.511781,6.735697,20.575232,20.575232
1.511781,3.152797,4.157397,10.389147,22.350429,22.350429
4.157397,3.152797,1.511781,10.389147,22.350429,22.350429
1.511781,4.062120,5.102265,6.064762,20.254294,20.254294
5.102265,4.062120,1.511781,6.064762,20.254294,20.254294
1.511781,4.984668,6.047120,5.466397,19.910980,19.910980
6.047120,4.984668,1.511781,5.466397,19.910980,19.910980
1.889731,1.889726,2.895234,29.777073,21.567793,21.567793
2.895234,1.889726,1.889731,29.777073,21.567793,21.567793
1.889726,1.368855,2.078705,45.266498,68.589542,68.589542
2.078705,1.368855,1.889726,45.266498,68.589542,68.589542
2.078691,1.889726,2.928606,28.115591,17.832148,17.832148
2.928606,1.889726,2.078691,28.115591,17.832148,17.832148
1.889726,1.465606,2.267672,40.072588,51.214321,51.214321
2.267672,1.465606,1.889726,40.072588,51.214321,51.214321
1.889726,1.579112,2.456642,36.108487,38.127812,38.127812
2.456642,1.579112,1.889726,36.108487,38.127812,38.127812
1.889726,1.706068,2.645610,33.050562,29.023602,29.023602
2.645610,1.706068,1.889726,33.050562,29.023602,29.023602
1.889726,1.843684,2.834592,30.507756,22.990049,22.990049
2.834592,1.843684,1.889726,30.507756,22.990049,22.990049
2.660516,1.889726,2.834588,20.500667,10.191955,10.191955
2.834588,1.889726,2.660516,20.500667,10.191955,10.191955
1.889726,2.142531,3.212542,26.360304,16.851772,16.851772
3.212542,2.142531,1.889726,26.360304,16.851772,16.851772
1.889726,2.629257,3.779460,17.193883,9.748947,9.748947
3.779460,2.629257,1.889726,17.193883,9.748947,9.748947
1.889726,2.969577,4.157397,12.037547,6.358090,6.358090
4.157397,2.969577,1.889726,12.037547,6.358090,6.358090
1.889726,3.851228,5.102265,6.394539,3.427673,3.427673
5.102265,3.851228,1.889726,6.394539,3.427673,3.427673
1.889726,4.757198,6.047120,5.414289,2.921354,2.921354
6.047120,4.757198,1.889726,5.414289,2.921354,2.921354
2.267671,1.551189,2.267672,36.681111,37.627650,37.627650
2.267672,1.551189,2.267671,36.681111,37.627650,37.627650
2.267673,2.267671,3.474278,22.672196,10.977582,10.977582
3.474278,2.267671,2.267673,22.672196,10.977582,10.977582
2.267671,1.625531,2.456642,32.933940,29.351955,29.351955
2.456642,1.625531,2.267671,32.933940,29.351955,29.351955
2.267671,1.717559,2.645610,29.950136,22.692442,22.692442
2.645610,1.717559,2.267671,29.950136,22.692442,22.692442
2.267671,1.824576,2.834592,27.555726,17.711986,17.711986
2.834592,1.824576,2.267671,27.555726,17.711986,17.711986
2.267671,2.074005,3.212542,24.122130,12.191084,12.191084
3.212542,2.074005,2.267671,24.122130,12.191084,12.191084
2.267671,2.509141,3.779460,18.407706,7.777614,7.777614
3.779460,2.509141,2.267671,18.407706,7.777614,7.777614
2.267671,2.825302,4.157397,13.450948,4.407919,4.407919
4.157397,2.825302,2.267671,13.450948,4.407919,4.407919
2.267671,3.667259,5.102265,6.831956,0.774700,0.774700
5.102265,3.667259,2.267671,6.831956,0.774700,0.774700
2.267671,4.549796,6.047120,5.365510,0.073632,0.073632
6.047120,4.549796,2.267671,5.365510,0.073632,0.073632
2.645610,1.809705,2.645617,23.105161,13.758610,13.758610
2.645617,1.809705,2.645610,23.105161,13.758610,13.758610
2.645617,2.645616,4.053322,14.011765,5.050662,5.050662
4.053322,2.645616,2.645617,14.011765,5.050662,5.050662
2.645617,1.882730,2.834592,20.908001,10.673166,10.673166
2.834592,1.882730,2.645617,20.908001,10.673166,10.673166
2.645617,2.073220,3.212542,17.701909,6.644336,6.644336
3.212542,2.073220,2.645617,17.701909,6.644336,6.644336
2.645617,2.442184,3.779460,15.390109,5.444235,5.444235
3.779460,2.442184,2.645617,15.390109,5.444235,5.444235
2.645617,2.726161,4.157397,13.282636,4.708432,4.708432
4.157397,2.726161,2.645617,13.282636,4.708432,4.708432
2.645617,3.514442,5.102265,7.365316,1.823027,1.823027
5.102265,3.514442,2.645617,7.365316,1.823027,1.823027
2.645617,4.365323,6.047120,5.386911,0.921748,0.921748
6.047120,4.365323,2.645617,5.386911,0.921748,0.921748
3.023562,2.140250,3.212542,13.402573,3.508417,3.508417
3.212542,2.140250,3.023562,13.402573,3.508417,3.508417
3.023562,2.432781,3.779460,11.082593,2.628212,2.628212
3.779460,2.432781,3.023562,11.082593,2.628212,2.628212
3.023562,2.677176,4.157397,10.380158,3.128287,3.128287
4.157397,2.677176,3.023562,10.380158,3.128287,3.128287
3.023562,3.396983,5.102265,7.702410,3.344197,3.344197
5.102265,3.396983,3.023562,7.702410,3.344197,3.344197
3.023562,4.206795,6.047120,5.495873,2.479343,2.479343
6.047120,4.206795,3.023562,5.495873,2.479343,2.479343
3.779452,2.585305,3.779460,7.009196,1.227421,1.227421
3.779460,2.585305,3.779452,7.009196,1.227421,1.227421
3.779462,3.779452,5.790468,5.887680,4.648330,4.648330
5.790468,3.779452,3.779462,5.887680,4.648330,4.648330
3.779452,2.737691,4.157397,6.422781,1.624333,1.624333
4.157397,2.737691,3.779452,6.422781,1.624333,1.624333
4.157400,3.779452,5.857226,5.514342,4.682674,4.682674
5.857226,3.779452,4.157400,5.514342,4.682674,4.682674
3.779452,3.282217,5.102265,6.148502,3.638423,3.638423
5.102265,3.282217,3.779452,6.148502,3.638423,3.638423
5.102259,3.779452,5.798287,5.195666,4.535063,4.535063
5.798287,3.779452,5.102259,5.195666,4.535063,4.535063
3.779452,3.979490,6.047120,5.682878,4.710427,4.710427
6.047120,3.979490,3.779452,5.682878,4.710427,4.710427
4.535343,3.339032,5.102265,5.247768,3.464489,3.464489
5.102265,3.339032,4.535343,5.247768,3.464489,3.464489
4.535343,5.102260,7.653808,5.219777,5.113236,5.113236
7.653808,5.102260,4.535343,5.219777,5.113236,5.113236
4.535343,3.888226,6.047120,5.357000,4.819097,4.819097
6.047120,3.888226,4.535343,5.357000,4.819097,4.819097
5.291233,3.942461,6.047120,5.275665,4.846764,4.846764
6.047120,3.942461,5.291233,5.275665,4.846764,4.846764
