R1,R2,R3,ETriat,E,ENew
1.511780,2.920536,1.511781,32.405549,58.152189,58.152189
1.511781,2.920536,1.511780,32.405549,58.152189,58.152189
1.511781,3.103450,1.700749,30.227353,45.169971,45.169971
1.700749,3.103450,1.511781,30.227353,45.169971,45.169971
1.511781,3.287068,1.889734,27.894372,38.105219,38.105219
1.889734,3.287068,1.511781,27.894372,38.105219,38.105219
1.511781,3.471243,2.078702,25.569503,34.136145,34.136145
2.078702,3.471243,1.511781,25.569503,34.136145,34.136145
1.511781,3.655908,2.267671,22.849506,31.295188,31.295188
2.267671,3.655908,1.511781,22.849506,31.295188,31.295188
1.511781,3.840992,2.456639,19.706264,28.725517,28.725517
2.456639,3.840992,1.511781,19.706264,28.725517,28.725517
1.511781,4.026454,2.645624,16.155306,26.005677,26.005677
2.645624,4.026454,1.511781,16.155306,26.005677,26.005677
1.511781,4.212211,2.834592,13.347327,24.076321,24.076321
2.834592,4.212211,1.511781,13.347327,24.076321,24.076321
1.511781,4.584514,3.212529,9.566965,21.886866,21.886866
3.212529,4.584514,1.511781,9.566965,21.886866,21.886866
1.511781,5.144526,3.779451,6.634018,20.486075,20.486075
3.779451,5.144526,1.511781,6.634018,20.486075,20.486075
1.511781,5.518658,4.157404,5.854546,20.121470,20.121470
4.157404,5.518658,1.511781,5.854546,20.121470,20.121470
1.511781,6.455908,5.102263,5.434209,19.887087,19.887087
5.102263,6.455908,1.511781,5.434209,19.887087,19.887087
1.511781,7.395095,6.047121,5.396293,19.873080,19.873080
6.047121,7.395095,1.511781,5.396293,19.873080,19.873080
1.889726,3.650679,1.889734,25.270336,19.555308,19.555308
1.889734,3.650679,1.889726,25.270336,19.555308,19.555308
1.889726,3.833520,2.078702,23.861694,16.259288,16.259288
2.078702,3.833520,1.889726,23.861694,16.259288,16.259288
1.889726,4.016928,2.267671,21.623154,13.670147,13.670147
2.267671,4.016928,1.889726,21.623154,13.670147,13.670147
1.889726,4.200829,2.456639,18.280830,10.711240,10.711240
2.456639,4.200829,1.889726,18.280830,10.711240,10.711240
1.889726,4.385179,2.645624,15.190660,8.312727,8.312727
2.645624,4.385179,1.889726,15.190660,8.312727,8.312727
1.889726,4.569890,2.834592,12.677032,6.586662,6.586662
2.834592,4.569890,1.889726,12.677032,6.586662,6.586662
1.889726,4.940277,3.212529,9.289621,4.709863,4.709863
3.212529,4.940277,1.889726,9.289621,4.709863,4.709863
1.889726,5.497803,3.779451,6.484274,3.417829,3.417829
3.779451,5.497803,1.889726,6.484274,3.417829,3.417829
1.889726,5.870493,4.157404,5.739297,3.086311,3.086311
4.157404,5.870493,1.889726,5.739297,3.086311,3.086311
1.889726,6.804732,5.102263,5.348180,2.877339,2.877339
5.102263,6.804732,1.889726,5.348180,2.877339,2.877339
1.889726,7.741549,6.047121,5.319571,2.870921,2.870921
6.047121,7.741549,1.889726,5.319571,2.870921,2.870921
2.267671,4.380804,2.267671,18.495778,7.971582,7.971582
2.267671,4.380804,2.267671,18.495778,7.971582,7.971582
2.267671,4.563595,2.456639,16.533574,6.299418,6.299418
2.456639,4.563595,2.267671,16.533574,6.299418,6.299418
2.267671,4.746888,2.645624,14.191169,4.593691,4.593691
2.645624,4.746888,2.267671,14.191169,4.593691,4.593691
2.267671,4.930592,2.834592,12.140275,3.301614,3.301614
2.834592,4.930592,2.267671,12.140275,3.301614,3.301614
2.267671,5.299112,3.212529,8.974301,1.627802,1.627802
3.212529,5.299112,2.267671,8.974301,1.627802,1.627802
2.267671,5.854162,3.779451,6.321669,0.485158,0.485158
3.779451,5.854162,2.267671,6.321669,0.485158,0.485158
2.267671,6.225390,4.157404,5.606837,0.182173,0.182173
4.157404,6.225390,2.267671,5.606837,0.182173,0.182173
2.267671,7.156514,5.102263,5.242603,-0.003122,-0.003122
5.102263,7.156514,2.267671,5.242603,-0.003122,-0.003122
2.267671,8.090823,6.047121,5.216080,-0.008586,-0.008586
6.047121,8.090823,2.267671,5.216080,-0.008586,-0.008586
2.645617,5.110947,2.645624,12.199003,3.485477,3.485477
2.645624,5.110947,2.645617,12.199003,3.485477,3.485477
2.645617,5.293702,2.834592,10.973469,3.013286,3.013286
2.834592,5.293702,2.645617,10.973469,3.013286,3.013286
2.645617,5.660436,3.212529,8.593886,2.123064,2.123064
3.212529,5.660436,2.645617,8.593886,2.123064,2.123064
2.645617,6.213073,3.779451,6.186319,1.223215,1.223215
3.779451,6.213073,2.645617,6.186319,1.223215,1.223215
2.645617,6.582853,4.157404,5.511222,0.958347,0.958347
4.157404,6.582853,2.645617,5.511222,0.958347,0.958347
2.645617,7.510838,5.102263,5.172469,0.796252,0.796252
5.102263,7.510838,2.645617,5.172469,0.796252,0.796252
2.645617,8.442567,6.047121,5.145958,0.790051,0.790051
6.047121,8.442567,2.645617,5.145958,0.790051,0.790051
3.023562,6.023799,3.212529,7.965737,3.014890,3.014890
3.212529,6.023799,3.023562,7.965737,3.014890,3.014890
3.023562,6.574117,3.779451,6.072864,2.627258,2.627258
3.779451,6.574117,3.023562,6.072864,2.627258,2.627258
3.023562,6.942486,4.157404,5.443966,2.407359,2.407359
4.157404,6.942486,3.023562,5.443966,2.407359,2.407359
3.023562,7.867361,5.102263,5.128832,2.267379,2.267379
5.102263,7.867361,3.023562,5.128832,2.267379,2.267379
3.023562,8.796485,6.047121,5.100570,2.258923,2.258923
6.047121,8.796485,3.023562,5.100570,2.258923,2.258923
3.779451,7.301340,3.779452,5.731620,4.506052,4.506052
3.779452,7.301340,3.779451,5.731620,4.506052,4.506052
3.779452,7.667040,4.157404,5.431553,4.613638,4.613638
4.157404,7.667040,3.779452,5.431553,4.613638,4.613638
3.779452,8.585907,5.102263,5.164346,4.519972,4.519972
5.102263,8.585907,3.779452,5.164346,4.519972,4.519972
3.779452,9.509870,6.047121,5.129992,4.504838,4.504838
6.047121,9.509870,3.779452,5.129992,4.504838,4.504838
4.535343,9.310369,5.102263,5.218496,5.114017,5.114017
5.102263,9.310369,4.535343,5.218496,5.114017,5.114017
4.535343,10.229361,6.047121,5.173853,5.088302,5.088302
6.047121,10.229361,4.535343,5.173853,5.088302,5.088302
5.291233,10.953756,6.047121,5.201378,5.159853,5.159853
6.047121,10.953756,5.291233,5.201378,5.159853,5.159853
