R1,R2,R3,ETriat,E,ENew
2.200005,3.816689,2.282033,22.304418,11.407841,11.407841
2.282033,3.816689,2.200005,22.304418,11.407841,11.407841
2.282033,3.987233,2.400010,19.794141,9.155769,9.155769
2.400010,3.987233,2.282033,19.794141,9.155769,9.155769
2.282033,4.160402,2.600015,16.441499,6.519751,6.519751
2.600015,4.160402,2.282033,16.441499,6.519751,6.519751
2.282033,4.335866,2.800012,13.552440,4.488316,4.488316
2.800012,4.335866,2.282033,13.552440,4.488316,4.488316
2.282033,4.513386,3.000017,11.244771,3.037613,3.037613
3.000017,4.513386,2.282033,11.244771,3.037613,3.037613
2.282033,4.692716,3.200022,9.463665,2.045355,2.045355
3.200022,4.692716,2.282033,9.463665,2.045355,2.045355
2.282033,4.873640,3.400018,8.099448,1.357991,1.357991
3.400018,4.873640,2.282033,8.099448,1.357991,1.357991
2.282033,5.056016,3.600024,7.093758,0.888227,0.888227
3.600024,5.056016,2.282033,7.093758,0.888227,0.888227
2.282033,5.239679,3.800029,6.386485,0.568460,0.568460
3.800029,5.239679,2.282033,6.386485,0.568460,0.568460
2.282033,5.424483,4.000025,5.916276,0.352724,0.352724
4.000025,5.424483,2.282033,5.916276,0.352724,0.352724
2.282033,5.610344,4.200030,5.621159,0.209275,0.209275
4.200030,5.610344,2.282033,5.621159,0.209275,0.209275
2.282033,5.797146,4.400035,5.446230,0.116780,0.116780
4.400035,5.797146,2.282033,5.446230,0.116780,0.116780
2.282033,5.984775,4.600015,5.345966,0.058108,0.058108
4.600015,5.984775,2.282033,5.345966,0.058108,0.058108
2.282033,6.173206,4.800020,5.290552,0.023200,0.023200
4.800020,6.173206,2.282033,5.290552,0.023200,0.023200
2.282033,6.362344,5.000025,5.260067,0.003729,0.003729
5.000025,6.362344,2.282033,5.260067,0.003729,0.003729
2.282033,6.552114,5.200022,5.242723,-0.006331,-0.006331
5.200022,6.552114,2.282033,5.242723,-0.006331,-0.006331
2.282033,6.742488,5.400027,5.232105,-0.011058,-0.011058
5.400027,6.742488,2.282033,5.232105,-0.011058,-0.011058
2.282033,6.933404,5.600032,5.224997,-0.012966,-0.012966
5.600032,6.933404,2.282033,5.224997,-0.012966,-0.012966
2.282033,7.124807,5.800028,5.219881,-0.013486,-0.013486
5.800028,7.124807,2.282033,5.219881,-0.013486,-0.013486
2.282033,7.316682,6.000034,5.216016,-0.013400,-0.013400
6.000034,7.316682,2.282033,5.216016,-0.013400,-0.013400
2.282033,7.798137,6.500029,5.210005,-0.012272,-0.012272
6.500029,7.798137,2.282033,5.210005,-0.012272,-0.012272
2.282033,8.281804,7.000042,5.207306,-0.010798,-0.010798
7.000042,8.281804,2.282033,5.207306,-0.010798,-0.010798
2.282033,8.767291,7.500038,5.206209,-0.009453,-0.009453
7.500038,8.767291,2.282033,5.206209,-0.009453,-0.009453
2.282033,9.254323,8.000033,5.205899,-0.008283,-0.008283
8.000033,9.254323,2.282033,5.205899,-0.008283,-0.008283
2.282033,9.742695,8.500055,5.205835,-0.007415,-0.007415
8.500055,9.742695,2.282033,5.205835,-0.007415,-0.007415
2.282033,10.232166,9.000050,5.205927,-0.006721,-0.006721
9.000050,10.232166,2.282033,5.205927,-0.006721,-0.006721
2.282033,10.722608,9.500046,5.206047,-0.006201,-0.006201
9.500046,10.722608,2.282033,5.206047,-0.006201,-0.006201
2.282033,11.213908,10.000059,5.206166,-0.005811,-0.005811
10.000059,11.213908,2.282033,5.206166,-0.005811,-0.005811
