R1,R2,R3,ETriat,E,ENew
1.511781,2.997695,1.511782,32.752943,58.810934,58.810934
1.511782,2.997695,1.511781,32.752943,58.810934,58.810934
1.511781,3.185141,1.700749,30.667229,45.915833,45.915833
1.700749,3.185141,1.511781,30.667229,45.915833,45.915833
1.511781,3.372776,1.889734,28.391365,38.879702,38.879702
1.889734,3.372776,1.511781,28.391365,38.879702,38.879702
1.511781,3.560534,2.078701,26.061020,34.858895,34.858895
2.078701,3.560534,1.511781,26.061020,34.858895,34.858895
1.511781,3.748415,2.267668,23.043558,31.665344,31.665344
2.267668,3.748415,1.511781,23.043558,31.665344,31.665344
1.511781,3.936399,2.456635,19.181582,28.323055,28.323055
2.456635,3.936399,1.511781,19.181582,28.323055,28.323055
1.511781,4.124495,2.645625,15.766705,25.694322,25.694322
2.645625,4.124495,1.511781,15.766705,25.694322,25.694322
1.511781,4.312647,2.834592,13.081238,23.854730,23.854730
2.834592,4.312647,1.511781,13.081238,23.854730,23.854730
1.511781,4.689148,3.212526,9.429833,21.761457,21.761457
3.212526,4.689148,1.511781,9.429833,21.761457,21.761457
1.511781,5.254307,3.779450,6.565589,20.420292,20.420292
3.779450,5.254307,1.511781,6.565589,20.420292,20.420292
1.511781,5.631281,4.157402,5.807932,20.077065,20.077065
4.157402,5.631281,1.511781,5.807932,20.077065,20.077065
1.511781,6.574183,5.102260,5.420915,19.874815,19.874815
5.102260,6.574183,1.511781,5.420915,19.874815,19.874815
1.511781,7.517576,6.047118,5.393883,19.871042,19.871042
6.047118,7.517576,1.511781,5.393883,19.871042,19.871042
1.889726,3.747127,1.889734,25.444876,19.914580,19.914580
1.889734,3.747127,1.889726,25.444876,19.914580,19.914580
1.889726,3.934554,2.078701,23.766144,16.294630,16.294630
2.078701,3.934554,1.889726,23.766144,16.294630,16.294630
1.889726,4.122123,2.267668,20.974064,13.105373,13.105373
2.267668,4.122123,1.889726,20.974064,13.105373,13.105373
1.889726,4.309814,2.456635,17.667469,10.147333,10.147333
2.456635,4.309814,1.889726,17.667469,10.147333,10.147333
1.889726,4.497633,2.645625,14.775501,7.924185,7.924185
2.645625,4.497633,1.889726,14.775501,7.924185,7.924185
1.889726,4.685524,2.834592,12.394157,6.317241,6.317241
2.834592,4.685524,1.889726,12.394157,6.317241,6.317241
1.889726,5.061548,3.212526,9.148658,4.572919,4.572919
3.212526,5.061548,1.889726,9.148658,4.572919,4.572919
1.889726,5.626085,3.779450,6.426715,3.362800,3.362800
3.779450,5.626085,1.889726,6.426715,3.362800,3.362800
1.889726,6.002697,4.157402,5.706845,3.055913,3.055913
4.157402,6.002697,1.889726,5.706845,3.055913,3.055913
1.889726,6.944840,5.102260,5.341956,2.871919,2.871919
5.102260,6.944840,1.889726,5.341956,2.871919,2.871919
1.889726,7.887632,6.047118,5.318136,2.869794,2.869794
6.047118,7.887632,1.889726,5.318136,2.869794,2.869794
2.267668,4.496540,2.267671,17.722585,7.226066,7.226066
2.267671,4.496540,2.267668,17.722585,7.226066,7.226066
2.267671,4.683955,2.456635,15.888276,5.668340,5.668340
2.456635,4.683955,2.267671,15.888276,5.668340,5.668340
2.267671,4.871512,2.645625,13.733877,4.143745,4.143745
2.645625,4.871512,2.267671,13.733877,4.143745,4.143745
2.267671,5.059154,2.834592,11.834081,2.999756,2.999756
2.834592,5.059154,2.267671,11.834081,2.999756,2.999756
2.267671,5.434713,3.212526,8.833280,1.489687,1.489687
3.212526,5.434713,2.267671,8.833280,1.489687,1.489687
2.267671,5.998634,3.779450,6.269233,0.434985,0.434985
3.779450,5.998634,2.267671,6.269233,0.434985,0.434985
2.267671,6.374880,4.157402,5.579919,0.156891,0.156891
4.157402,6.374880,2.267671,5.579919,0.156891,0.156891
2.267671,7.316242,5.102260,5.239258,-0.005854,-0.005854
5.102260,7.316242,2.267671,5.239258,-0.005854,-0.005854
2.267671,8.258403,6.047118,5.215397,-0.009020,-0.009020
6.047118,8.258403,2.267671,5.215397,-0.009020,-0.009020
2.645617,5.245974,2.645625,11.802568,3.092382,3.092382
2.645625,5.245974,2.645617,11.802568,3.092382,3.092382
2.645617,5.433381,2.834592,10.657847,2.700674,2.700674
2.834592,5.433381,2.645617,10.657847,2.700674,2.700674
2.645617,5.808497,3.212526,8.438981,1.970812,1.970812
3.212526,5.808497,2.645617,8.438981,1.970812,1.970812
2.645617,6.371818,3.779450,6.132746,1.171395,1.171395
3.779450,6.371818,2.645617,6.132746,1.171395,1.171395
2.645617,6.747705,4.157402,5.486735,0.935060,0.935060
4.157402,6.747705,2.645617,5.486735,0.935060,0.935060
2.645617,7.688283,5.102260,5.170617,0.794864,0.794864
5.102260,7.688283,2.645617,5.170617,0.794864,0.794864
2.645617,8.629796,6.047118,5.145888,0.790181,0.790181
6.047118,8.629796,2.645617,5.145888,0.790181,0.790181
3.023562,6.182787,3.212526,7.811367,2.862639,2.862639
3.212526,6.182787,3.023562,7.811367,2.862639,2.862639
3.023562,6.745532,3.779450,6.007560,2.563209,2.563209
3.779450,6.745532,3.023562,6.007560,2.563209,2.563209
3.023562,7.121069,4.157402,5.420733,2.384983,2.384983
4.157402,7.121069,3.023562,5.420733,2.384983,2.384983
3.023562,8.060872,5.102260,5.128046,2.266946,2.266946
5.102260,8.060872,3.023562,5.128046,2.266946,2.266946
3.023562,9.001735,6.047118,5.099934,2.258446,2.258446
6.047118,9.001735,3.023562,5.099934,2.258446,2.258446
3.779450,7.494234,3.779452,5.701771,4.476825,4.476825
3.779452,7.494234,3.779450,5.701771,4.476825,4.476825
3.779452,7.869109,4.157402,5.401880,4.584411,4.584411
4.157402,7.869109,3.779452,5.401880,4.584411,4.584411
3.779452,8.807421,5.102260,5.160455,4.516286,4.516286
5.102260,8.807421,3.779452,5.160455,4.516286,4.516286
3.779452,9.746998,6.047118,5.127854,4.502800,4.502800
6.047118,9.746998,3.779452,5.127854,4.502800,4.502800
4.535343,9.555439,5.102260,5.217074,5.112716,5.112716
5.102260,9.555439,4.535343,5.217074,5.112716,5.112716
4.535343,10.493782,6.047118,5.173833,5.088345,5.088345
6.047118,10.493782,4.535343,5.173833,5.088345,5.088345
5.291233,11.241783,6.047118,5.201424,5.159939,5.159939
6.047118,11.241783,5.291233,5.201424,5.159939,5.159939
