R1,R2,R3,ETriat,E,ENew
1.511781,3.012064,1.511788,32.925504,59.040286,59.040286
1.511788,3.012064,1.511781,32.925504,59.040286,59.040286
1.511781,3.200357,1.700758,30.851779,46.155290,46.155290
1.700758,3.200357,1.511781,30.851779,46.155290,46.155290
1.511781,3.388728,1.889731,28.574176,39.111570,39.111570
1.889731,3.388728,1.511781,28.574176,39.111570,39.111570
1.511781,3.577160,2.078700,26.193462,35.031137,35.031137
2.078700,3.577160,1.511781,26.193462,35.031137,35.031137
1.511781,3.765648,2.267673,22.990384,31.641624,31.641624
2.267673,3.765648,1.511781,22.990384,31.641624,31.641624
1.511781,3.954181,2.456643,19.061614,28.222927,28.222927
2.456643,3.954181,1.511781,19.061614,28.222927,28.222927
1.511781,4.142755,2.645616,15.676921,25.616614,25.616614
2.645616,4.142755,1.511781,15.676921,25.616614,25.616614
1.511781,4.331362,2.834585,13.015408,23.795625,23.795625
2.834585,4.331362,1.511781,13.015408,23.795625,23.795625
1.511781,4.708665,3.212528,9.399583,21.732924,21.732924
3.212528,4.708665,1.511781,9.399583,21.732924,21.732924
1.511781,5.274812,3.779462,6.550402,20.405592,20.405592
3.779462,5.274812,1.511781,6.550402,20.405592,20.405592
1.511781,5.652317,4.157404,5.797862,20.067395,20.067395
4.157404,5.652317,1.511781,5.797862,20.067395,20.067395
1.511781,6.596298,5.102259,5.418180,19.872256,19.872256
5.102259,6.596298,1.511781,5.418180,19.872256,19.872256
1.511781,7.540498,6.047113,5.393342,19.870565,19.870565
6.047113,7.540498,1.511781,5.393342,19.870565,19.870565
1.889726,3.765075,1.889731,25.494522,19.995020,19.995020
1.889731,3.765075,1.889726,25.494522,19.995020,19.995020
1.889726,3.953360,2.078700,23.706600,16.256123,16.256123
2.078700,3.953360,1.889726,23.706600,16.256123,16.256123
1.889726,4.141710,2.267673,20.820898,12.965263,12.965263
2.267673,4.141710,1.889726,20.820898,12.965263,12.965263
1.889726,4.330112,2.456643,17.539390,10.026651,10.026651
2.456643,4.330112,1.889726,17.539390,10.026651,10.026651
1.889726,4.518564,2.645616,14.693171,7.845653,7.845653
2.645616,4.518564,1.889726,14.693171,7.845653,7.845653
1.889726,4.707055,2.834585,12.337683,6.262646,6.262646
2.834585,4.707055,1.889726,12.337683,6.262646,6.262646
1.889726,5.084146,3.212528,9.119171,4.544082,4.544082
3.212528,5.084146,1.889726,9.119171,4.544082,4.544082
1.889726,5.650016,3.779462,6.414619,3.351179,3.351179
3.779462,5.650016,1.889726,6.414619,3.351179,3.351179
1.889726,6.027360,4.157404,5.700111,3.049538,3.049538
4.157404,6.027360,1.889726,5.700111,3.049538,3.049538
1.889726,6.971003,5.102259,5.340735,2.870835,2.870835
5.102259,6.971003,1.889726,5.340735,2.870835,2.870835
1.889726,7.914936,6.047113,5.317823,2.869534,2.869534
6.047113,7.914936,1.889726,5.317823,2.869534,2.869534
2.267671,4.518086,2.267673,17.578998,7.086434,7.086434
2.267673,4.518086,2.267671,17.578998,7.086434,7.086434
2.267671,4.706366,2.456643,15.762502,5.544579,5.544579
2.456643,4.706366,2.267671,15.762502,5.544579,5.544579
2.267671,4.894701,2.645616,13.642095,4.052984,4.052984
2.645616,4.894701,2.267671,13.642095,4.052984,4.052984
2.267671,5.083082,2.834585,11.772888,2.939220,2.939220
2.834585,5.083082,2.267671,11.772888,2.939220,2.939220
2.267671,5.459967,3.212528,8.804737,1.461674,1.461674
3.212528,5.459967,2.267671,8.804737,1.461674,1.461674
2.267671,6.025562,3.779462,6.258501,0.424665,0.424665
3.779462,6.025562,2.267671,6.258501,0.424665,0.424665
2.267671,6.402745,4.157404,5.574567,0.151818,0.151818
4.157404,6.402745,2.267671,5.574567,0.151818,0.151818
2.267671,7.346041,5.102259,5.238635,-0.006375,-0.006375
5.102259,7.346041,2.267671,5.238635,-0.006375,-0.006375
2.267671,8.289692,6.047113,5.215225,-0.009150,-0.009150
6.047113,8.289692,2.267671,5.215225,-0.009150,-0.009150
2.645616,5.271097,2.645617,11.727789,3.018142,3.018142
2.645617,5.271097,2.645616,11.727789,3.018142,3.018142
2.645617,5.459373,2.834585,10.597493,2.640831,2.640831
2.834585,5.459373,2.645617,10.597493,2.640831,2.640831
2.645617,5.836062,3.212528,8.408759,1.941065,1.941065
3.212528,5.836062,2.645617,8.408759,1.941065,1.941065
2.645617,6.401391,3.779462,6.122112,1.161074,1.161074
3.779462,6.401391,2.645617,6.122112,1.161074,1.161074
2.645617,6.778414,4.157404,5.481981,0.930507,0.930507
4.157404,6.778414,2.645617,5.481981,0.930507,0.930507
2.645617,7.721362,5.102259,5.170366,0.794691,0.794691
5.102259,7.721362,2.645617,5.170366,0.794691,0.794691
2.645617,8.664725,6.047113,5.145941,0.790268,0.790268
6.047113,8.664725,2.645617,5.145941,0.790268,0.790268
3.023562,6.212382,3.212528,7.783420,2.835059,2.835059
3.212528,6.212382,3.023562,7.783420,2.835059,2.835059
3.023562,6.777456,3.779462,5.996665,2.552542,2.552542
3.779462,6.777456,3.023562,5.996665,2.552542,2.552542
3.023562,7.154322,4.157404,5.416383,2.380777,2.380777
4.157404,7.154322,3.023562,5.416383,2.380777,2.380777
3.023562,8.096926,5.102259,5.128074,2.267033,2.267033
5.102259,8.096926,3.023562,5.128074,2.267033,2.267033
3.023562,9.040000,6.047113,5.099777,2.258316,2.258316
6.047113,9.040000,3.023562,5.099777,2.258316,2.258316
3.779452,7.530150,3.779462,5.699351,4.474526,4.474526
3.779462,7.530150,3.779452,5.699351,4.474526,4.474526
3.779452,7.906722,4.157404,5.398293,4.580898,4.580898
4.157404,7.906722,3.779452,5.398293,4.580898,4.580898
3.779452,8.848665,5.102259,5.160031,4.515896,4.515896
5.102259,8.848665,3.779452,5.160031,4.515896,4.515896
3.779452,9.791168,6.047113,5.127403,4.502366,4.502366
6.047113,9.791168,3.779452,5.127403,4.502366,4.502366
4.535343,9.601055,5.102259,5.216793,5.112456,5.112456
5.102259,9.601055,4.535343,5.216793,5.112456,5.112456
4.535343,10.543010,6.047113,5.173822,5.088345,5.088345
6.047113,10.543010,4.535343,5.173822,5.088345,5.088345
5.291233,11.295393,6.047113,5.201417,5.159939,5.159939
6.047113,11.295393,5.291233,5.201417,5.159939,5.159939
