R1,R2,R3,ETriat,E,ENew
1.511777,2.883619,1.511781,32.493622,58.090135,58.090135
1.511781,2.883619,1.511777,32.493622,58.090135,58.090135
1.511781,3.064382,1.700760,30.252073,45.043087,45.043087
1.700760,3.064382,1.511781,30.252073,45.043087,45.043087
1.511781,3.246064,1.889727,27.866950,37.937183,37.937183
1.889727,3.246064,1.511781,27.866950,37.937183,37.937183
1.511781,3.428544,2.078699,25.497738,33.943565,33.943565
2.078699,3.428544,1.511781,25.497738,33.943565,33.943565
1.511781,3.611682,2.267666,22.763096,31.113579,31.113579
2.267666,3.611682,1.511781,22.763096,31.113579,31.113579
1.511781,3.795408,2.456648,19.910555,28.861334,28.861334
2.456648,3.795408,1.511781,19.910555,28.861334,28.861334
1.511781,3.979610,2.645615,16.307688,26.113046,26.113046
2.645615,3.979610,1.511781,16.307688,26.113046,26.113046
1.511781,4.164248,2.834587,13.450157,24.152208,24.152208
2.834587,4.164248,1.511781,13.450157,24.152208,24.152208
1.511781,4.534595,3.212537,9.619635,21.932052,21.932052
3.212537,4.534595,1.511781,9.619635,21.932052,21.932052
1.511781,5.092193,3.779443,6.659399,20.510056,20.510056
3.779443,5.092193,1.511781,6.659399,20.510056,20.510056
1.511781,5.465001,4.157393,5.872167,20.137992,20.137992
4.157393,5.465001,1.511781,5.872167,20.137992,20.137992
1.511781,6.399659,5.102264,5.439254,19.891597,19.891597
5.102264,6.399659,1.511781,5.439254,19.891597,19.891597
1.511781,7.336925,6.047124,5.397007,19.873601,19.873601
6.047124,7.336925,1.511781,5.397007,19.873601,19.873601
1.889726,3.604526,1.889727,25.273652,19.458346,19.458346
1.889727,3.604526,1.889726,25.273652,19.458346,19.458346
1.889726,3.785183,2.078699,23.883510,16.207078,16.207078
2.078699,3.785183,1.889726,23.883510,16.207078,16.207078
1.889726,3.966603,2.267666,21.831698,13.828903,13.828903
2.267666,3.966603,1.889726,21.831698,13.828903,13.828903
1.889726,4.148715,2.456648,18.546998,10.946924,10.946924
2.456648,4.148715,1.889726,18.546998,10.946924,10.946924
1.889726,4.331398,2.645615,15.369421,8.474346,8.474346
2.645615,4.331398,1.889726,15.369421,8.474346,8.474346
1.889726,4.514609,2.834587,12.797958,6.698672,6.698672
2.834587,4.514609,1.889726,12.797958,6.698672,6.698672
1.889726,4.882346,3.212537,9.347091,4.764936,4.764936
3.212537,4.882346,1.889726,9.347091,4.764936,4.764936
1.889726,5.436562,3.779443,6.507446,3.439728,3.439728
3.779443,5.436562,1.889726,6.507446,3.439728,3.439728
1.889726,5.807411,4.157393,5.752505,3.098453,3.098453
4.157393,5.807411,1.889726,5.752505,3.098453,3.098453
1.889726,6.737988,5.102264,5.350822,2.879551,2.879551
5.102264,6.737988,1.889726,5.350822,2.879551,2.879551
1.889726,7.672051,6.047124,5.320167,2.871355,2.871355
6.047124,7.672051,1.889726,5.320167,2.871355,2.871355
2.267666,4.325428,2.267671,18.856645,8.314505,8.314505
2.267671,4.325428,2.267666,18.856645,8.314505,8.314505
2.267671,4.506022,2.456648,16.824516,6.580851,6.580851
2.456648,4.506022,2.267671,16.824516,6.580851,6.580851
2.267671,4.687261,2.645615,14.390837,4.788439,4.788439
2.645615,4.687261,2.267671,14.390837,4.788439,4.788439
2.267671,4.869098,2.834587,12.273054,3.431706,3.431706
2.834587,4.869098,2.267671,12.273054,3.431706,3.431706
2.267671,5.234285,3.212537,9.034508,1.686561,1.686561
3.212537,5.234285,2.267671,9.034508,1.686561,1.686561
2.267671,5.785124,3.779443,6.343455,0.505756,0.505756
3.779443,5.785124,2.267671,6.343455,0.505756,0.505756
2.267671,6.153983,4.157393,5.618259,0.192710,0.192710
4.157393,6.153983,2.267671,5.618259,0.192710,0.192710
2.267671,7.080326,5.102264,5.244150,-0.001908,-0.001908
5.102264,7.080326,2.267671,5.244150,-0.001908,-0.001908
2.267671,8.010990,6.047124,5.216387,-0.008413,-0.008413
6.047124,8.010990,2.267671,5.216387,-0.008413,-0.008413
2.645615,5.046335,2.645617,12.383986,3.668604,3.668604
2.645617,5.046335,2.645615,12.383986,3.668604,3.668604
2.645617,5.226875,2.834587,11.120722,3.158989,3.158989
2.834587,5.226875,2.645617,11.120722,3.158989,3.158989
2.645617,5.589621,3.212537,8.663297,2.191145,2.191145
3.212537,5.589621,2.645617,8.663297,2.191145,2.191145
2.645617,6.137166,3.779443,6.209698,1.245634,1.245634
3.779443,6.137166,2.645617,6.209698,1.245634,1.245634
2.645617,6.504050,4.157393,5.521992,0.968451,0.968451
4.157393,6.504050,2.645617,5.521992,0.968451,0.968451
2.645617,7.426118,5.102264,5.173416,0.796946,0.796946
5.102264,7.426118,2.645617,5.173416,0.796946,0.796946
2.645617,8.353276,6.047124,5.146066,0.790051,0.790051
6.047124,8.353276,2.645617,5.146066,0.790051,0.790051
3.023562,5.947745,3.212537,8.039955,3.088002,3.088002
3.212537,5.947745,3.023562,8.039955,3.088002,3.088002
3.023562,6.492121,3.779443,6.100587,2.654274,2.654274
3.779443,6.492121,3.023562,6.100587,2.654274,2.654274
3.023562,6.857078,4.157393,5.454597,2.417506,2.417506
4.157393,6.857078,3.023562,5.454597,2.417506,2.417506
3.023562,7.774904,5.102264,5.129502,2.267857,2.267857
5.102264,7.774904,3.023562,5.129502,2.267857,2.267857
3.023562,8.698516,6.047124,5.100787,2.259054,2.259054
6.047124,8.698516,3.023562,5.100787,2.259054,2.259054
3.779443,7.209046,3.779452,5.747851,4.521923,4.521923
3.779452,7.209046,3.779443,5.747851,4.521923,4.521923
3.779452,7.570354,4.157393,5.444557,4.626387,4.626387
4.157393,7.570354,3.779452,5.444557,4.626387,4.626387
3.779452,8.479976,5.102264,5.166584,4.522097,4.522097
5.102264,8.479976,3.779452,5.166584,4.522097,4.522097
3.779452,9.396550,6.047124,5.130872,4.505662,4.505662
6.047124,9.396550,3.779452,5.130872,4.505662,4.505662
4.535343,9.193128,5.102264,5.219171,5.114624,5.114624
5.102264,9.193128,4.535343,5.219171,5.114624,5.114624
4.535343,10.102914,6.047124,5.173845,5.088259,5.088259
6.047124,10.102914,4.535343,5.173845,5.088259,5.088259
5.291233,10.815975,6.047124,5.201315,5.159766,5.159766
6.047124,10.815975,5.291233,5.201315,5.159766,5.159766
