R1,R2,R3,ETriat,E,ENew
1.511781,2.740281,1.511787,32.000129,57.014575,57.014575
1.511787,2.740281,1.511781,32.000129,57.014575,57.014575
1.511781,2.912642,1.700755,29.884089,44.068002,44.068002
1.700755,2.912642,1.511781,29.884089,44.068002,44.068002
1.511781,3.086947,1.889723,27.621307,37.104419,37.104419
1.889723,3.086947,1.511781,27.621307,37.104419,37.104419
1.511781,3.262895,2.078705,25.318642,33.237077,33.237077
2.078705,3.262895,1.511781,25.318642,33.237077,33.237077
1.511781,3.440216,2.267672,22.956662,30.869613,30.869613
2.267672,3.440216,1.511781,22.956662,30.869613,30.869613
1.511781,3.618710,2.456642,20.155807,28.772958,28.772958
2.456642,3.618710,1.511781,20.155807,28.772958,28.772958
1.511781,3.798223,2.645610,16.592393,26.164780,26.164780
2.645610,3.798223,1.511781,16.592393,26.164780,26.164780
1.511781,3.978622,2.834592,13.693914,24.247219,24.247219
2.834592,3.978622,1.511781,13.693914,24.247219,24.247219
1.511781,4.341601,3.212542,9.704523,21.970169,21.970169
3.212542,4.341601,1.511781,9.704523,21.970169,21.970169
1.511781,4.890319,3.779460,6.685978,20.529700,20.529700
3.779460,4.890319,1.511781,6.685978,20.529700,20.529700
1.511781,5.258265,4.157397,5.883135,20.144496,20.144496
4.157397,5.258265,1.511781,5.883135,20.144496,20.144496
1.511781,6.183437,5.102265,5.415065,19.865014,19.865014
5.102265,6.183437,1.511781,5.415065,19.865014,19.865014
1.511781,7.113773,6.047120,5.360191,19.835917,19.835917
6.047120,7.113773,1.511781,5.360191,19.835917,19.835917
1.889723,3.425348,1.889726,25.091752,18.812090,18.812090
1.889726,3.425348,1.889723,25.091752,18.812090,18.812090
1.889726,3.597508,2.078705,23.743831,15.702406,15.702406
2.078705,3.597508,1.889726,23.743831,15.702406,15.702406
1.889726,3.771271,2.267672,22.397334,14.131585,14.131585
2.267672,3.771271,1.889726,22.397334,14.131585,14.131585
1.889726,3.946424,2.456642,19.093848,11.320246,11.320246
2.456642,3.946424,1.889726,19.093848,11.320246,11.320246
1.889726,4.122805,2.645610,15.577914,8.577942,8.577942
2.645610,4.122805,1.889726,15.577914,8.577942,8.577942
1.889726,4.300265,2.834592,13.019362,6.861764,6.861764
2.834592,4.300265,1.889726,13.019362,6.861764,6.861764
1.889726,4.657895,3.212542,9.413172,4.815455,4.815455
3.212542,4.657895,1.889726,9.413172,4.815455,4.815455
1.889726,5.199727,3.779460,6.519172,3.446233,3.446233
3.779460,5.199727,1.889726,6.519172,3.446233,3.446233
1.889726,5.563714,4.157397,5.753283,3.094723,3.094723
4.157397,5.563714,1.889726,5.753283,3.094723,3.094723
1.889726,6.480706,5.102265,5.331749,2.858476,2.858476
5.102265,6.480706,1.889726,5.331749,2.858476,2.858476
1.889726,7.404695,6.047120,5.292857,2.843298,2.843298
6.047120,7.404695,1.889726,5.292857,2.843298,2.843298
2.267671,4.110422,2.267672,20.150681,9.497132,9.497132
2.267672,4.110422,2.267671,20.150681,9.497132,9.497132
2.267671,4.282424,2.456642,17.457349,7.149745,7.149745
2.456642,4.282424,2.267671,17.457349,7.149745,7.149745
2.267671,4.455808,2.645610,14.748406,5.111719,5.111719
2.645610,4.455808,2.267671,14.748406,5.111719,5.111719
2.267671,4.630422,2.834592,12.473534,3.614269,3.614269
2.834592,4.630422,2.267671,12.473534,3.614269,3.614269
2.267671,4.982785,3.212542,9.120161,1.765310,1.765310
3.212542,4.982785,2.267671,9.120161,1.765310,1.765310
2.267671,5.517679,3.779460,6.371626,0.528912,0.528912
3.779460,5.517679,2.267671,6.371626,0.528912,0.528912
2.267671,5.877599,4.157397,5.635800,0.206240,0.206240
4.157397,5.877599,2.267671,5.635800,0.206240,0.206240
2.267671,6.786007,5.102265,5.242180,-0.005464,-0.005464
5.102265,6.786007,2.267671,5.242180,-0.005464,-0.005464
2.267671,7.703177,6.047120,5.208772,-0.016652,-0.016652
6.047120,7.703177,2.267671,5.208772,-0.016652,-0.016652
2.645610,4.795479,2.645617,12.757172,4.031172,4.031172
2.645617,4.795479,2.645610,12.757172,4.031172,4.031172
2.645617,4.967396,2.834592,11.399190,3.430188,3.430188
2.834592,4.967396,2.645617,11.399190,3.430188,3.430188
2.645617,5.314697,3.212542,8.780464,2.302635,2.302635
3.212542,5.314697,2.645617,8.780464,2.302635,2.302635
2.645617,5.842781,3.779460,6.272932,1.304523,1.304523
3.779460,5.842781,2.645617,6.272932,1.304523,1.304523
2.645617,6.198637,4.157397,5.571780,1.015067,1.015067
4.157397,6.198637,2.645617,5.571780,1.015067,1.015067
2.645617,7.098304,5.102265,5.205997,0.828298,0.828298
5.102265,7.098304,2.645617,5.205997,0.828298,0.828298
2.645617,8.008374,6.047120,5.174157,0.817630,0.817630
6.047120,8.008374,2.645617,5.174157,0.817630,0.817630
3.023562,5.652392,3.212542,8.155296,3.198277,3.198277
3.212542,5.652392,3.023562,8.155296,3.198277,3.198277
3.023562,6.173904,3.779460,6.175182,2.725521,2.725521
3.779460,6.173904,3.023562,6.175182,2.725521,2.725521
3.023562,6.525773,4.157397,5.527501,2.488059,2.488059
4.157397,6.525773,3.023562,5.527501,2.488059,2.488059
3.023562,7.416714,5.102265,5.183916,2.321324,2.321324
5.102265,7.416714,3.023562,5.183916,2.321324,2.321324
3.023562,8.319546,6.047120,5.151202,2.309052,2.309052
6.047120,8.319546,3.023562,5.151202,2.309052,2.309052
3.779452,6.850703,3.779460,5.776186,4.548549,4.548549
3.779460,6.850703,3.779452,5.776186,4.548549,4.548549
3.779452,7.194999,4.157397,5.458802,4.639397,4.639397
4.157397,7.194999,3.779452,5.458802,4.639397,4.639397
3.779452,8.068961,5.102265,5.210682,4.565634,4.565634
5.102265,8.068961,3.779452,5.210682,4.565634,4.565634
3.779452,8.957315,6.047120,5.169086,4.543605,4.543605
6.047120,8.957315,3.779452,5.169086,4.543605,4.543605
4.535343,8.737926,5.102265,5.219549,5.114667,5.114667
5.102265,8.737926,4.535343,5.219549,5.114667,5.114667
4.535343,9.612226,6.047120,5.232648,5.146887,5.146887
6.047120,9.612226,4.535343,5.232648,5.146887,5.146887
5.291233,10.281003,6.047120,5.201949,5.160286,5.160286
6.047120,10.281003,5.291233,5.201949,5.160286,5.160286
