R1,R2,R3,ETriat,E,ENew
1.511788,1.511781,1.943512,51.389354,77.077026,77.077026
1.943512,1.511781,1.511788,51.389354,77.077026,77.077026
1.511781,1.602032,2.078705,47.118055,64.921848,64.921848
2.078705,1.602032,1.511781,47.118055,64.921848,64.921848
1.511781,1.737974,2.267672,41.394389,52.215338,52.215338
2.267672,1.737974,1.511781,41.394389,52.215338,52.215338
1.511781,1.883106,2.456642,36.423695,43.650362,43.650362
2.456642,1.883106,1.511781,36.423695,43.650362,43.650362
1.511781,2.035429,2.645610,32.171712,38.002663,38.002663
2.645610,2.035429,1.511781,32.171712,38.002663,38.002663
1.511781,2.193480,2.834592,28.441156,34.224174,34.224174
2.834592,2.193480,1.511781,28.441156,34.224174,34.224174
1.511781,2.522363,3.212542,20.800320,28.414900,28.414900
3.212542,2.522363,1.511781,20.800320,28.414900,28.414900
1.511781,3.037165,3.779460,11.783969,22.894085,22.894085
3.779460,3.037165,1.511781,11.783969,22.894085,22.894085
1.511781,3.389619,4.157397,8.585886,21.354182,21.354182
4.157397,3.389619,1.511781,8.585886,21.354182,21.354182
1.511781,4.289788,5.102265,5.740233,20.064489,20.064489
5.102265,4.289788,1.511781,5.740233,20.064489,20.064489
1.511781,5.205815,6.047120,5.408651,19.859421,19.859421
6.047120,5.205815,1.511781,5.408651,19.859421,19.859421
1.889723,1.597256,1.889726,53.265831,56.646761,56.646761
1.889726,1.597256,1.889723,53.265831,56.646761,56.646761
1.889731,1.889726,2.429386,38.164126,28.274747,28.274747
2.429386,1.889726,1.889731,38.164126,28.274747,28.274747
1.889726,1.685851,2.078705,48.312134,44.835200,44.835200
2.078705,1.685851,1.889726,48.312134,44.835200,44.835200
1.889726,1.790062,2.267672,42.613706,34.845235,34.845235
2.267672,1.790062,1.889726,42.613706,34.845235,34.845235
1.414402,1.889726,2.456648,35.920050,52.973430,52.973430
2.456648,1.889726,1.414402,35.920050,52.973430,52.973430
1.743803,1.889726,2.456647,37.266734,31.207853,31.207853
2.456647,1.889726,1.743803,37.266734,31.207853,31.207853
1.889726,1.907367,2.456642,37.474052,27.341552,27.341552
2.456642,1.907367,1.889726,37.474052,27.341552,27.341552
1.889726,2.035464,2.645610,33.175604,22.079880,22.079880
2.645610,2.035464,1.889726,33.175604,22.079880,22.079880
1.889726,2.172482,2.834592,29.609842,18.519426,18.519426
2.834592,2.172482,1.889726,29.609842,18.519426,18.519426
1.889726,2.467185,3.212542,21.775219,12.302616,12.302616
3.212542,2.467185,1.889726,21.775219,12.302616,12.302616
1.889726,2.945098,3.779460,12.608744,6.423830,6.423830
3.779460,2.945098,1.889726,12.608744,6.423830,6.423830
1.889726,3.279500,4.157397,9.176965,4.664071,4.664071
4.157397,3.279500,1.889726,9.176965,4.664071,4.664071
1.889726,4.148348,5.102265,5.779009,3.104480,3.104480
5.102265,4.148348,1.889726,5.779009,3.104480,3.104480
1.889726,5.044595,6.047120,5.344205,2.864330,2.864330
6.047120,5.044595,1.889726,5.344205,2.864330,2.864330
2.267671,1.916709,2.267672,39.384338,26.070376,26.070376
2.267672,1.916709,2.267671,39.384338,26.070376,26.070376
2.267673,2.267671,2.915260,26.772747,13.091757,13.091757
2.915260,2.267671,2.267673,26.772747,13.091757,13.091757
2.267671,2.003921,2.456642,35.401823,21.206006,21.206006
2.456642,2.003921,2.267671,35.401823,21.206006,21.206006
2.267671,2.456638,3.194739,21.717794,9.376579,9.376579
3.194739,2.456638,2.267671,21.717794,9.376579,9.376579
2.267671,2.104505,2.645610,31.739363,17.396469,17.396469
2.645610,2.104505,2.267671,31.739363,17.396469,17.396469
2.267671,2.216684,2.834592,28.446462,14.482921,14.482921
2.834592,2.216684,2.267671,28.446462,14.482921,14.482921
2.267671,2.469286,3.212542,21.390691,9.147053,9.147053
3.212542,2.469286,2.267671,21.390691,9.147053,9.147053
2.267671,2.899744,3.779460,12.903573,3.757631,3.757631
3.779460,2.899744,2.267671,12.903573,3.757631,3.757631
2.267671,3.210359,4.157397,9.519618,1.988505,1.988505
4.157397,3.210359,2.267671,9.519618,1.988505,1.988505
2.267671,4.037448,5.102265,5.833987,0.299603,0.299603
5.102265,4.037448,2.267671,5.833987,0.299603,0.299603
2.267671,5.102258,6.252187,5.247523,-0.004770,-0.004770
6.252187,5.102258,2.267671,5.247523,-0.004770,-0.004770
2.267671,4.907244,6.047120,5.270051,0.008629,0.008629
6.047120,4.907244,2.267671,5.270051,0.008629,0.008629
2.645610,2.236170,2.645617,25.461320,11.591792,11.591792
2.645617,2.236170,2.645610,25.461320,11.591792,11.591792
2.645617,2.645616,3.401135,16.306485,6.138277,6.138277
3.401135,2.645616,2.645617,16.306485,6.138277,6.138277
2.645617,2.322366,2.834592,22.757557,9.629739,9.629739
2.834592,2.322366,2.645617,22.757557,9.629739,9.629739
2.834592,2.645617,3.339505,15.263149,5.652469,5.652469
3.339505,2.645617,2.834592,15.263149,5.652469,5.652469
2.645617,2.528523,3.212542,18.247259,7.046452,7.046452
3.212542,2.528523,2.645617,18.247259,7.046452,7.046452
2.645617,2.903293,3.779460,12.547533,4.284331,4.284331
3.779460,2.903293,2.645617,12.547533,4.284331,4.284331
2.645617,3.184867,4.157397,9.552680,2.797549,2.797549
4.157397,3.184867,2.645617,9.552680,2.797549,2.797549
2.645617,3.959654,5.102265,5.926897,1.185141,1.185141
5.102265,3.959654,2.645617,5.926897,1.185141,1.185141
2.645617,4.795815,6.047120,5.244150,0.845340,0.845340
6.047120,4.795815,2.645617,5.244150,0.845340,0.845340
3.023562,2.641054,3.212542,14.564877,5.270171,5.270171
3.212542,2.641054,3.023562,14.564877,5.270171,5.270171
3.023562,2.955570,3.779460,10.848646,4.311607,4.311607
3.779460,2.955570,3.023562,10.848646,4.311607,4.311607
3.023562,3.204066,4.157397,8.901132,3.729574,3.729574
4.157397,3.204066,3.023562,8.901132,3.729574,3.729574
3.023562,3.916941,5.102265,5.980062,2.703753,2.703753
5.102265,3.916941,3.023562,5.980062,2.703753,2.703753
3.023562,4.712146,6.047120,5.226737,2.335851,2.335851
6.047120,4.712146,3.023562,5.226737,2.335851,2.335851
3.779452,3.194529,3.779460,7.451668,4.055109,4.055109
3.779460,3.194529,3.779452,7.451668,4.055109,4.055109
3.779462,3.779452,4.858772,6.006754,4.744164,4.744164
4.858772,3.779452,3.779462,6.006754,4.744164,4.744164
3.779452,3.371708,4.157397,6.668692,4.277133,4.277133
4.157397,3.371708,3.779452,6.668692,4.277133,4.277133
3.779452,3.940381,5.102265,5.779802,4.746766,4.746766
5.102265,3.940381,3.779452,5.779802,4.746766,4.746766
3.779452,4.633610,6.047120,5.317241,4.634757,4.634757
6.047120,4.633610,3.779452,5.317241,4.634757,4.634757
4.535343,4.105305,5.102265,5.414914,5.072127,5.072127
5.102265,4.105305,4.535343,5.414914,5.072127,5.072127
4.535343,4.677510,6.047120,5.264267,5.125682,5.125682
6.047120,4.677510,4.535343,5.264267,5.125682,5.125682
4.535343,6.047118,7.868775,5.235333,5.147841,5.147841
7.868775,6.047118,4.535343,5.235333,5.147841,5.147841
5.291233,4.840516,6.047120,5.213823,5.130712,5.130712
6.047120,4.840516,5.291233,5.213823,5.130712,5.130712
