R1,R2,R3,ETriat,E,ENew
1.511781,1.511776,2.476758,35.522288,59.606492,59.606492
2.476758,1.511776,1.511781,35.522288,59.606492,59.606492
1.700749,1.511781,2.551270,34.356507,47.137921,47.137921
2.551270,1.511781,1.700749,34.356507,47.137921,47.137921
1.511781,1.495353,2.456648,35.874966,61.349469,61.349469
2.456648,1.495353,1.511781,35.874966,61.349469,61.349469
1.511781,1.652946,2.645615,32.765491,48.058281,48.058281
2.645615,1.652946,1.511781,32.765491,48.058281,48.058281
1.511781,1.816526,2.834587,29.960311,40.021132,40.021132
2.834587,1.816526,1.511781,29.960311,40.021132,40.021132
1.511781,2.156200,3.212537,24.883476,32.251931,32.251931
3.212537,2.156200,1.511781,24.883476,32.251931,32.251931
1.511781,2.684941,3.779443,16.039156,25.731572,25.731572
3.779443,2.684941,1.511781,16.039156,25.731572,25.731572
1.511781,3.045087,4.157393,11.240784,22.788667,22.788667
4.157393,3.045087,1.511781,11.240784,22.788667,22.788667
1.511781,3.959990,5.102264,6.212550,20.305941,20.305941
5.102264,3.959990,1.511781,6.212550,20.305941,20.305941
1.511781,4.886299,6.047124,5.442631,19.883358,19.883358
6.047124,4.886299,1.511781,5.442631,19.883358,19.883358
1.889726,1.889721,3.095943,26.996869,19.588308,19.588308
3.095943,1.889721,1.889726,26.996869,19.588308,19.588308
1.889726,1.301077,2.267666,40.505849,73.985685,73.985685
2.267666,1.301077,1.889726,40.505849,73.985685,73.985685
1.889726,1.414402,2.456648,35.920050,52.973430,52.973430
2.456648,1.414402,1.889726,35.920050,52.973430,52.973430
1.889726,1.542621,2.645615,32.607795,37.841348,37.841348
2.645615,1.542621,1.889726,32.607795,37.841348,37.841348
1.889726,1.682320,2.834587,29.983295,27.713009,27.713009
2.834587,1.682320,1.889726,29.983295,27.713009,27.713009
1.889726,1.986357,3.212537,25.838056,17.455097,17.455097
3.212537,1.986357,1.889726,25.838056,17.455097,17.455097
1.889726,2.480787,3.779443,19.113925,11.177708,11.177708
3.779443,2.480787,1.889726,19.113925,11.177708,11.177708
1.889726,2.825585,4.157393,13.294254,7.029063,7.029063
4.157393,2.825585,1.889726,13.294254,7.029063,7.029063
1.889726,4.157397,5.563714,5.753283,3.094723,3.094723
5.563714,4.157397,1.889726,5.753283,3.094723,3.094723
1.889726,3.715890,5.102264,6.728923,3.542761,3.542761
5.102264,3.715890,1.889726,6.728923,3.542761,3.542761
1.889726,4.627870,6.047124,5.418140,2.913461,2.913461
6.047124,4.627870,1.889726,5.418140,2.913461,2.913461
2.267666,1.363802,2.267671,37.750621,58.449537,58.449537
2.267671,1.363802,2.267666,37.750621,58.449537,58.449537
2.267671,2.267667,3.715128,21.669573,10.528460,10.528460
3.715128,2.267667,2.267671,21.669573,10.528460,10.528460
2.267671,1.432016,2.456648,34.109167,46.322589,46.322589
2.456648,1.432016,2.267671,34.109167,46.322589,46.322589
2.267671,1.520794,2.645615,30.841883,35.029619,35.029619
2.645615,1.520794,2.267671,30.841883,35.029619,35.029619
2.267671,1.626751,2.834587,28.286853,26.003378,26.003378
2.834587,1.626751,2.267671,28.286853,26.003378,26.003378
2.267671,1.878221,3.212537,24.900547,15.365467,15.365467
3.212537,1.878221,2.267671,24.900547,15.365467,15.365467
2.267671,2.320642,3.779443,20.972219,9.955794,9.955794
3.779443,2.320642,2.267671,20.972219,9.955794,9.955794
2.267671,3.779443,5.409088,6.387681,0.542702,0.542702
5.409088,3.779443,2.267671,6.387681,0.542702,0.542702
2.267671,2.642156,4.157393,15.321609,5.554510,5.554510
4.157393,2.642156,2.267671,15.321609,5.554510,5.554510
2.267671,3.495689,5.102264,7.484270,1.024390,1.024390
5.102264,3.495689,2.267671,7.484270,1.024390,1.024390
2.267671,4.386813,6.047124,5.433618,0.106589,0.106589
6.047124,4.386813,2.267671,5.433618,0.106589,0.106589
2.645615,1.591112,2.645617,24.612861,24.562172,24.562172
2.645617,1.591112,2.645615,24.612861,24.562172,24.562172
2.645618,2.645617,4.334328,13.516265,4.713809,4.713809
4.334328,2.645617,2.645618,13.516265,4.713809,4.713809
2.645617,1.657746,2.834587,22.166259,19.135630,19.135630
2.834587,1.657746,2.645617,22.166259,19.135630,19.135630
2.645617,1.842688,3.212537,18.789508,10.867828,10.867828
3.212537,1.842688,2.645617,18.789508,10.867828,10.867828
2.645617,2.214078,3.779443,16.089405,5.979261,5.979261
3.779443,2.214078,2.645617,16.089405,5.979261,5.979261
3.779452,2.645617,4.613409,6.421984,1.409984,1.409984
4.613409,2.645617,3.779452,6.421984,1.409984,1.409984
2.645617,2.502745,4.157393,14.499833,5.125335,5.125335
4.157393,2.502745,2.645617,14.499833,5.125335,5.125335
2.645617,3.304169,5.102264,8.359854,2.193444,2.193444
5.102264,3.304169,2.645617,8.359854,2.193444,2.193444
2.645617,4.166145,6.047124,5.572911,1.019534,1.019534
6.047124,4.166145,2.645617,5.572911,1.019534,1.019534
3.023562,1.883871,3.212537,14.296491,7.035914,7.035914
3.212537,1.883871,3.023562,14.296491,7.035914,7.035914
3.023562,2.169007,3.779443,11.715590,3.221737,3.221737
3.779443,2.169007,3.023562,11.715590,3.221737,3.221737
3.023562,2.414988,4.157393,10.953939,2.866368,2.866368
4.157393,2.414988,3.023562,10.953939,2.866368,2.866368
3.023562,3.146571,5.102264,8.552168,3.341379,3.341379
5.102264,3.146571,3.023562,8.552168,3.341379,3.341379
4.962088,3.023562,5.102258,5.214904,2.319243,2.319243
5.102258,3.023562,4.962088,5.214904,2.319243,2.319243
3.023562,5.102264,7.271327,5.184716,2.321628,2.321628
7.271327,5.102264,3.023562,5.184716,2.321628,2.321628
3.023562,3.969268,6.047124,5.814533,2.615463,2.615463
6.047124,3.969268,3.023562,5.814533,2.615463,2.615463
3.779443,2.273004,3.779452,7.386275,0.954184,0.954184
3.779452,2.273004,3.779443,7.386275,0.954184,0.954184
3.779461,3.779452,6.191897,5.816464,4.583067,4.583067
6.191897,3.779452,3.779461,5.816464,4.583067,4.583067
3.779452,2.413727,4.157393,6.700727,0.826520,0.826520
4.157393,2.413727,3.779452,6.700727,0.826520,0.826520
3.779452,2.953763,5.102264,6.317455,2.567763,2.567763
5.102264,2.953763,3.779452,6.317455,2.567763,2.567763
3.779452,5.102263,7.720175,5.211884,4.566155,4.566155
7.720175,5.102263,3.779452,5.211884,4.566155,4.566155
3.779452,3.661800,6.047124,5.908860,4.457267,4.457267
6.047124,3.661800,3.779452,5.908860,4.457267,4.457267
4.535343,2.948094,5.102264,5.321434,2.088156,2.088156
5.102264,2.948094,4.535343,5.321434,2.088156,2.088156
5.102260,4.535343,7.653808,5.220861,5.114320,5.114320
7.653808,4.535343,5.102260,5.220861,5.114320,5.114320
4.535343,3.493597,6.047124,5.277699,3.968380,3.968380
6.047124,3.493597,4.535343,5.277699,3.968380,3.968380
6.047118,4.535343,7.868775,5.235333,5.147841,5.147841
7.868775,4.535343,6.047118,5.235333,5.147841,5.147841
5.291233,3.484881,6.047124,5.134355,3.845486,3.845486
6.047124,3.484881,5.291233,5.134355,3.845486,3.845486
5.291233,6.047116,9.571291,5.203101,5.161197,5.161197
9.571291,6.047116,5.291233,5.203101,5.161197,5.161197
2.282033,4.200020,5.858092,5.589347,0.181912,0.181912
5.858092,4.200020,2.282033,5.589347,0.181912,0.181912
