R1,R2,R3,ETriat,E,ENew
1.511781,1.733438,1.700761,56.486934,75.642715,75.642715
1.700761,1.733438,1.511781,56.486934,75.642715,75.642715
1.511781,1.855220,1.889731,53.073207,63.387192,63.387192
1.889731,1.855220,1.511781,53.073207,63.387192,63.387192
1.511781,1.987534,2.078701,47.247529,53.245193,53.245193
2.078701,1.987534,1.511781,47.247529,53.245193,53.245193
1.511781,2.128418,2.267671,40.966566,45.343210,45.343210
2.267671,2.128418,1.511781,40.966566,45.343210,45.343210
1.511781,2.276281,2.456641,34.458487,38.783564,38.783564
2.456641,2.276281,1.511781,34.458487,38.783564,38.783564
1.511781,2.429846,2.645619,28.208286,33.338028,33.338028
2.645619,2.429846,1.511781,28.208286,33.338028,33.338028
1.511781,2.588104,2.834588,22.944803,29.296666,29.296666
2.834588,2.588104,1.511781,22.944803,29.296666,29.296666
1.511781,2.915614,3.212528,15.283959,24.406538,24.406538
3.212528,2.915614,1.511781,15.283959,24.406538,24.406538
1.511781,3.426422,3.779463,8.856042,21.327383,21.327383
3.779463,3.426422,1.511781,8.856042,21.327383,21.327383
1.511781,3.775858,4.157402,6.845903,20.518902,20.518902
4.157402,3.775858,1.511781,6.845903,20.518902,20.518902
1.511781,4.668918,5.102259,5.485265,19.892768,19.892768
5.102259,4.668918,1.511781,5.485265,19.892768,19.892768
1.511781,5.579068,6.047116,5.378898,19.837652,19.837652
6.047116,5.579068,1.511781,5.378898,19.837652,19.837652
1.597256,1.889723,1.889726,53.265831,56.646761,56.646761
1.889726,1.889723,1.597256,53.265831,56.646761,56.646761
1.889726,2.030700,1.889731,49.918355,40.771895,40.771895
1.889731,2.030700,1.889726,49.918355,40.771895,40.771895
1.889726,2.138184,2.078701,45.449403,33.425364,33.425364
2.078701,2.138184,1.889726,45.449403,33.425364,33.425364
1.889726,2.256399,2.267671,39.594978,26.749371,26.749371
2.267671,2.256399,1.889726,39.594978,26.749371,26.749371
1.889726,2.383750,2.456641,33.018395,20.511096,20.511096
2.456641,2.383750,1.889726,33.018395,20.511096,20.511096
1.889726,2.518845,2.645619,27.035577,15.481987,15.481987
2.645619,2.518845,1.889726,27.035577,15.481987,15.481987
1.889726,2.660516,2.834588,22.138009,11.829297,11.829297
2.834588,2.660516,1.889726,22.138009,11.829297,11.829297
1.889726,2.959753,3.212528,14.917527,7.292717,7.292717
3.212528,2.959753,1.889726,14.917527,7.292717,7.292717
1.889726,3.437817,3.779463,8.773394,4.351329,4.351329
3.779463,3.437817,1.889726,8.773394,4.351329,4.351329
1.889726,3.770224,4.157402,6.809360,3.546664,3.546664
4.157402,3.770224,1.889726,6.809360,3.546664,3.546664
1.889726,4.631894,5.102259,5.429573,2.906783,2.906783
5.102259,4.631894,1.889726,5.429573,2.906783,2.906783
1.889726,5.520852,6.047116,5.312468,2.843689,2.843689
6.047116,5.520852,1.889726,5.312468,2.843689,2.843689
1.916709,2.267671,2.267672,39.384338,26.070376,26.070376
2.267672,2.267671,1.916709,39.384338,26.070376,26.070376
2.267671,2.436841,2.267671,35.258732,19.833489,19.833489
2.267671,2.436841,2.267671,35.258732,19.833489,19.833489
2.267671,2.543375,2.456641,30.528284,15.658955,15.658955
2.456641,2.543375,2.267671,30.528284,15.658955,15.658955
2.267671,2.659077,2.645619,25.327037,11.487241,11.487241
2.645619,2.659077,2.267671,25.327037,11.487241,11.487241
2.267671,2.782821,2.834588,20.821238,8.218194,8.218194
2.834588,2.782821,2.267671,20.821238,8.218194,8.218194
2.267671,3.050435,3.212528,14.171051,4.131169,4.131169
3.212528,3.050435,2.267671,14.171051,4.131169,4.131169
2.267671,3.490343,3.779463,8.471572,1.418787,1.418787
3.779463,3.490343,2.267671,8.471572,1.418787,1.418787
2.267671,3.802337,4.157402,6.647497,0.659785,0.659785
4.157402,3.802337,2.267671,6.647497,0.659785,0.659785
2.267671,4.625557,5.102259,5.342180,0.041976,0.041976
5.102259,4.625557,2.267671,5.342180,0.041976,0.041976
2.267671,5.488106,6.047116,5.227438,-0.018690,-0.018690
6.047116,5.488106,2.267671,5.227438,-0.018690,-0.018690
2.236170,2.645610,2.645617,25.461320,11.591792,11.591792
2.645617,2.645610,2.236170,25.461320,11.591792,11.591792
2.645617,2.842972,2.645619,21.911472,9.672236,9.672236
2.645619,2.842972,2.645617,21.911472,9.672236,9.672236
2.645617,2.948817,2.834588,18.987808,7.928521,7.928521
2.834588,2.948817,2.645617,18.987808,7.928521,7.928521
2.645617,3.183686,3.212528,13.236921,4.571749,4.571749
3.212528,3.183686,2.645617,13.236921,4.571749,4.571749
2.645617,3.582190,3.779463,8.081926,2.128354,2.128354
3.779463,3.582190,2.645617,8.081926,2.128354,2.128354
2.645617,3.871257,4.157402,6.459697,1.439689,1.439689
4.157402,3.871257,2.645617,6.459697,1.439689,1.439689
2.645617,4.650032,5.102259,5.289770,0.860561,0.860561
5.102259,4.650032,2.645617,5.289770,0.860561,0.860561
2.645617,5.481285,6.047116,5.190243,0.812253,0.812253
6.047116,5.481285,2.645617,5.190243,0.812253,0.812253
3.023562,3.354436,3.212528,11.974771,5.407375,5.407375
3.212528,3.354436,3.023562,11.974771,5.407375,5.407375
3.023562,3.710440,3.779463,7.660066,3.490638,3.490638
3.779463,3.710440,3.023562,7.660066,3.490638,3.490638
3.023562,3.975069,4.157402,6.265902,2.882239,2.882239
4.157402,3.975069,3.023562,6.265902,2.882239,2.882239
3.023562,4.704838,5.102259,5.260626,2.350552,2.350552
5.102259,4.704838,3.023562,5.260626,2.350552,2.350552
3.023562,5.500486,6.047116,5.159256,2.295566,2.295566
6.047116,5.500486,3.023562,5.159256,2.295566,2.295566
3.194529,3.779452,3.779460,7.451668,4.055109,4.055109
3.779460,3.779452,3.194529,7.451668,4.055109,4.055109
3.779452,4.061400,3.779463,6.555530,5.061026,5.061026
3.779463,4.061400,3.779452,6.555530,5.061026,5.061026
3.779452,4.276368,4.157402,5.872453,4.914282,4.914282
4.157402,4.276368,3.779452,5.872453,4.914282,4.914282
3.779452,4.900813,5.102259,5.260555,4.578513,4.578513
5.102259,4.900813,3.779452,5.260555,4.578513,4.578513
3.779452,5.615526,6.047116,5.170465,4.525089,4.525089
6.047116,5.615526,3.779452,5.170465,4.525089,4.525089
4.535343,5.200305,5.102259,5.289027,5.155603,5.155603
5.102259,5.200305,4.535343,5.289027,5.155603,5.155603
4.535343,5.827148,6.047116,5.264473,5.162281,5.162281
6.047116,5.827148,4.535343,5.264473,5.162281,5.162281
5.291233,6.125351,6.047116,5.215335,5.161501,5.161501
6.047116,6.125351,5.291233,5.215335,5.161501,5.161501
