R1,R2,R3,ETriat,E,ENew
1.511776,2.977621,1.511781,32.255646,58.233627,58.233627
1.511781,2.977621,1.511776,32.255646,58.233627,58.233627
1.511781,3.163893,1.700749,30.263932,45.434405,45.434405
1.700749,3.163893,1.511781,30.263932,45.434405,45.434405
1.511781,3.350468,1.889721,28.082160,38.500786,38.500786
1.889721,3.350468,1.511781,28.082160,38.500786,38.500786
1.511781,3.537298,2.078694,25.863766,34.604347,34.604347
2.078694,3.537298,1.511781,25.863766,34.604347,34.604347
1.511781,3.724344,2.267667,22.972690,31.551600,31.551600
2.267667,3.724344,1.511781,22.972690,31.551600,31.551600
1.511781,3.911579,2.456646,19.253352,28.365682,28.365682
2.456646,3.911579,1.511781,19.253352,28.365682,28.365682
1.511781,4.098970,2.645618,15.815717,25.725241,25.725241
2.645618,4.098970,1.511781,15.815717,25.725241,25.725241
1.511781,4.286500,2.834591,13.115024,23.878320,23.878320
2.834591,4.286500,1.511781,13.115024,23.878320,23.878320
1.511781,4.661909,3.212536,9.391995,21.721042,21.721042
3.212536,4.661909,1.511781,9.391995,21.721042,21.721042
1.511781,5.225713,3.779461,6.534406,20.388463,20.388463
3.779461,5.225713,1.511781,6.534406,20.388463,20.388463
1.511781,5.601911,4.157388,5.780970,20.049529,20.049529
4.157388,5.601911,1.511781,5.780970,20.049529,20.049529
1.511781,6.543329,5.102258,5.380059,19.833706,19.833706
5.102258,6.543329,1.511781,5.380059,19.833706,19.833706
1.511781,7.485616,6.047127,5.347879,19.824946,19.824946
6.047127,7.485616,1.511781,5.347879,19.824946,19.824946
1.889721,3.722029,1.889726,25.299876,19.724948,19.724948
1.889726,3.722029,1.889721,25.299876,19.724948,19.724948
1.889726,3.908269,2.078694,23.765706,16.263148,16.263148
2.078694,3.908269,1.889726,23.765706,16.263148,16.263148
1.889726,4.094760,2.267667,21.064262,13.176013,13.176013
2.267667,4.094760,1.889726,21.064262,13.176013,13.176013
1.889726,4.281472,2.456646,17.757429,10.226126,10.226126
2.456646,4.281472,1.889726,17.757429,10.226126,10.226126
1.889726,4.468370,2.645618,14.804230,7.946994,7.946994
2.645618,4.468370,1.889726,14.804230,7.946994,7.946994
1.889726,4.655436,2.834591,12.513407,6.433544,6.433544
2.834591,4.655436,1.889726,12.513407,6.433544,6.433544
1.889726,5.029996,3.212536,9.106334,4.529685,4.529685
3.212536,5.029996,1.889726,9.106334,4.529685,4.529685
1.889726,5.592695,3.779461,6.393475,3.328933,3.328933
3.779461,5.592695,1.889726,6.393475,3.328933,3.328933
1.889726,5.968250,4.157388,5.680048,3.028593,3.028593
4.157388,5.968250,1.889726,5.680048,3.028593,3.028593
1.889726,6.908321,5.102258,5.314097,2.843862,2.843862
5.102258,6.908321,1.889726,5.314097,2.843862,2.843862
1.889726,7.849544,6.047127,5.287943,2.839526,2.839526
6.047127,7.849544,1.889726,5.287943,2.839526,2.839526
2.267667,4.466437,2.267671,18.199963,7.697347,7.697347
2.267671,4.466437,2.267667,18.199963,7.697347,7.697347
2.267671,4.652659,2.456646,15.973164,5.750168,5.750168
2.456646,4.652659,2.267671,15.973164,5.750168,5.750168
2.267671,4.839090,2.645618,13.765830,4.174056,4.174056
2.645618,4.839090,2.267671,13.765830,4.174056,4.174056
2.267671,5.025712,2.834591,11.826682,2.991343,2.991343
2.834591,5.025712,2.267671,11.826682,2.991343,2.991343
2.267671,5.399446,3.212536,8.811176,1.466878,1.466878
3.212536,5.399446,2.267671,8.811176,1.466878,1.466878
2.267671,5.961046,3.779461,6.254733,0.419938,0.419938
3.779461,5.961046,2.267671,6.254733,0.419938,0.419938
2.267671,6.335952,4.157388,5.573001,0.149563,0.149563
4.157388,6.335952,2.267671,5.573001,0.149563,0.149563
2.267671,7.274636,5.102258,5.231776,-0.013486,-0.013486
5.102258,7.274636,2.267671,5.231776,-0.013486,-0.013486
2.267671,8.214737,6.047127,5.206222,-0.018256,-0.018256
6.047127,8.214737,2.267671,5.206222,-0.018256,-0.018256
2.645617,5.210849,2.645618,11.851638,3.140603,3.140603
2.645618,5.210849,2.645617,11.851638,3.140603,3.140603
2.645617,5.397051,2.834591,10.690489,2.732546,2.732546
2.834591,5.397051,2.645617,10.690489,2.732546,2.732546
2.645617,5.769996,3.212536,8.443084,1.974281,1.974281
3.212536,5.769996,2.645617,8.443084,1.974281,1.974281
2.645617,6.330529,3.779461,6.146296,1.184534,1.184534
3.779461,6.330529,2.645617,6.146296,1.184534,1.184534
2.645617,6.704794,4.157388,5.512707,0.960732,0.960732
4.157388,6.704794,2.645617,5.512707,0.960732,0.960732
2.645617,7.642083,5.102258,5.199263,0.823398,0.823398
5.102258,7.642083,2.645617,5.199263,0.823398,0.823398
2.645617,8.581036,6.047127,5.172996,0.817240,0.817240
6.047127,8.581036,2.645617,5.172996,0.817240,0.817240
3.023562,6.141447,3.212536,7.841254,2.892040,2.892040
3.212536,6.141447,3.023562,7.841254,2.892040,2.892040
3.023562,6.700955,3.779461,6.040500,2.595863,2.595863
3.779461,6.700955,3.023562,6.040500,2.595863,2.595863
3.023562,7.074596,4.157388,5.458936,2.422970,2.422970
4.157388,7.074596,3.023562,5.458936,2.422970,2.422970
3.023562,8.010508,5.102258,5.177870,2.316684,2.316684
5.102258,8.010508,3.023562,5.177870,2.316684,2.316684
3.023562,8.948302,6.047127,5.150492,2.308966,2.308966
6.047127,8.948302,3.023562,5.150492,2.308966,2.308966
3.779452,7.444077,3.779461,5.709146,4.484066,4.484066
3.779461,7.444077,3.779452,5.709146,4.484066,4.484066
3.779452,7.816538,4.157388,5.424199,4.606613,4.606613
4.157388,7.816538,3.779452,5.424199,4.606613,4.606613
3.779452,8.749793,5.102258,5.206384,4.562165,4.562165
5.102258,8.749793,3.779452,5.206384,4.562165,4.562165
3.779452,9.685301,6.047127,5.174364,4.549286,4.549286
6.047127,9.685301,3.779452,5.174364,4.549286,4.549286
4.535343,9.491695,5.102258,5.229549,5.125161,5.125161
5.102258,9.491695,4.535343,5.229549,5.125161,5.125161
4.535343,10.425006,6.047127,5.209276,5.123774,5.123774
6.047127,10.425006,4.535343,5.209276,5.123774,5.123774
5.291233,11.166878,6.047127,5.200653,5.159159,5.159159
6.047127,11.166878,5.291233,5.200653,5.159159,5.159159
