R1,R2,R3,ETriat,E,ENew
1.511777,2.883619,1.511781,31.588830,57.185343,57.185343
1.511781,2.883619,1.511777,31.588830,57.185343,57.185343
1.511781,3.064382,1.700760,29.600917,44.391932,44.391932
1.700760,3.064382,1.511781,29.600917,44.391932,44.391932
1.511781,3.246064,1.889727,27.446795,37.517028,37.517028
1.889727,3.246064,1.511781,27.446795,37.517028,37.517028
1.511781,3.428544,2.078699,25.261187,33.707014,33.707014
2.078699,3.428544,1.511781,25.261187,33.707014,33.707014
1.511781,3.611682,2.267666,22.972458,31.322941,31.322941
2.267666,3.611682,1.511781,22.972458,31.322941,31.322941
1.511781,3.795408,2.456648,19.758477,28.709256,28.709256
2.456648,3.795408,1.511781,19.758477,28.709256,28.709256
1.511781,3.979610,2.645615,16.199321,26.004679,26.004679
2.645615,3.979610,1.511781,16.199321,26.004679,26.004679
1.511781,4.164248,2.834587,13.399985,24.102035,24.102035
2.834587,4.164248,1.511781,13.399985,24.102035,24.102035
1.511781,4.534595,3.212537,9.555977,21.868393,21.868393
3.212537,4.534595,1.511781,9.555977,21.868393,21.868393
1.511781,5.092193,3.779443,6.619374,20.470031,20.470031
3.779443,5.092193,1.511781,6.619374,20.470031,20.470031
1.511781,5.465001,4.157393,5.837475,20.103300,20.103300
4.157393,5.465001,1.511781,5.837475,20.103300,20.103300
1.511781,6.399659,5.102264,5.398536,19.850878,19.850878
5.102264,6.399659,1.511781,5.398536,19.850878,19.850878
1.511781,7.336925,6.047124,5.354076,19.830670,19.830670
6.047124,7.336925,1.511781,5.354076,19.830670,19.830670
1.889726,3.604526,1.889727,24.976218,19.160911,19.160911
1.889727,3.604526,1.889726,24.976218,19.160911,19.160911
1.889726,3.785183,2.078699,23.685770,16.009338,16.009338
2.078699,3.785183,1.889726,23.685770,16.009338,16.009338
1.889726,3.966603,2.267666,21.678753,13.675958,13.675958
2.267666,3.966603,1.889726,21.678753,13.675958,13.675958
1.889726,4.148715,2.456648,18.373282,10.773207,10.773207
2.456648,4.148715,1.889726,18.373282,10.773207,10.773207
1.889726,4.331398,2.645615,15.085560,8.190484,8.190484
2.645615,4.331398,1.889726,15.085560,8.190484,8.190484
1.889726,4.514609,2.834587,12.803248,6.703962,6.703962
2.834587,4.514609,1.889726,12.803248,6.703962,6.703962
1.889726,4.882346,3.212537,9.259149,4.676993,4.676993
3.212537,4.882346,1.889726,9.259149,4.676993,4.676993
1.889726,5.436562,3.779443,6.458315,3.390597,3.390597
3.779443,5.436562,1.889726,6.458315,3.390597,3.390597
1.889726,5.807411,4.157393,5.717770,3.063718,3.063718
4.157393,5.807411,1.889726,5.717770,3.063718,3.063718
1.889726,6.737988,5.102264,5.322635,2.851364,2.851364
5.102264,6.737988,1.889726,5.322635,2.851364,2.851364
1.889726,7.672051,6.047124,5.290246,2.841434,2.841434
6.047124,7.672051,1.889726,5.290246,2.841434,2.841434
2.267666,4.325428,2.267671,19.036389,8.494250,8.494250
2.267671,4.325428,2.267666,19.036389,8.494250,8.494250
2.267671,4.506022,2.456648,16.610428,6.366763,6.366763
2.456648,4.506022,2.267671,16.610428,6.366763,6.366763
2.267671,4.687261,2.645615,14.204458,4.602060,4.602060
2.645615,4.687261,2.267671,14.204458,4.602060,4.602060
2.267671,4.869098,2.834587,12.123838,3.282490,3.282490
2.834587,4.869098,2.267671,12.123838,3.282490,3.282490
2.267671,5.234285,3.212537,8.958708,1.610760,1.610760
3.212537,5.234285,2.267671,8.958708,1.610760,1.610760
2.267671,5.785124,3.779443,6.312493,0.474794,0.474794
3.779443,5.785124,2.267671,6.312493,0.474794,0.474794
2.267671,6.153983,4.157393,5.603602,0.178053,0.178053
4.157393,6.153983,2.267671,5.603602,0.178053,0.178053
2.267671,7.080326,5.102264,5.236604,-0.009453,-0.009453
5.102264,7.080326,2.267671,5.236604,-0.009453,-0.009453
2.267671,8.010990,6.047124,5.207411,-0.017389,-0.017389
6.047124,8.010990,2.267671,5.207411,-0.017389,-0.017389
2.645615,5.046335,2.645617,12.232255,3.516873,3.516873
2.645617,5.046335,2.645615,12.232255,3.516873,3.516873
2.645617,5.226875,2.834587,10.982217,3.020484,3.020484
2.834587,5.226875,2.645617,10.982217,3.020484,3.020484
2.645617,5.589621,3.212537,8.593090,2.120939,2.120939
3.212537,5.589621,2.645617,8.593090,2.120939,2.120939
2.645617,6.137166,3.779443,6.205882,1.241818,1.241818
3.779443,6.137166,2.645617,6.205882,1.241818,1.241818
2.645617,6.504050,4.157393,5.540292,0.986750,0.986750
4.157393,6.504050,2.645617,5.540292,0.986750,0.986750
2.645617,7.426118,5.102264,5.202427,0.825956,0.825956
5.102264,7.426118,2.645617,5.202427,0.825956,0.825956
2.645617,8.353276,6.047124,5.173559,0.817544,0.817544
6.047124,8.353276,2.645617,5.173559,0.817544,0.817544
3.023562,5.947745,3.212537,7.965152,3.013199,3.013199
3.212537,5.947745,3.023562,7.965152,3.013199,3.013199
3.023562,6.492121,3.779443,6.100804,2.654491,2.654491
3.779443,6.492121,3.023562,6.100804,2.654491,2.654491
3.023562,6.857078,4.157393,5.495272,2.458182,2.458182
4.157393,6.857078,3.023562,5.495272,2.458182,2.458182
3.023562,7.774904,5.102264,5.180802,2.319156,2.319156
5.102264,7.774904,3.023562,5.180802,2.319156,2.319156
3.023562,8.698516,6.047124,5.150872,2.309139,2.309139
6.047124,8.698516,3.023562,5.150872,2.309139,2.309139
3.779443,7.209046,3.779452,5.722830,4.496902,4.496902
3.779452,7.209046,3.779443,5.722830,4.496902,4.496902
3.779452,7.570354,4.157393,5.451538,4.633369,4.633369
4.157393,7.570354,3.779452,5.451538,4.633369,4.633369
3.779452,8.479976,5.102264,5.208604,4.564117,4.564117
5.102264,8.479976,3.779452,5.208604,4.564117,4.564117
3.779452,9.396550,6.047124,5.175580,4.550370,4.550370
6.047124,9.396550,3.779452,5.175580,4.550370,4.550370
4.535343,9.193128,5.102264,5.223290,5.118744,5.118744
5.102264,9.193128,4.535343,5.223290,5.118744,5.118744
4.535343,10.102914,6.047124,5.230696,5.145109,5.145109
6.047124,10.102914,4.535343,5.230696,5.145109,5.145109
5.291233,10.815975,6.047124,5.201098,5.159549,5.159549
6.047124,10.815975,5.291233,5.201098,5.159549,5.159549
