R1,R2,R3,ETriat,E,ENew
2.200020,4.006940,2.282033,20.922263,10.257131,10.257131
2.282033,4.006940,2.200020,20.922263,10.257131,10.257131
2.282033,4.185889,2.400014,18.419084,7.933422,7.933422
2.400014,4.185889,2.282033,18.419084,7.933422,7.933422
2.282033,4.366682,2.600019,15.438246,5.608628,5.608628
2.600019,4.366682,2.282033,15.438246,5.608628,5.608628
2.282033,4.549067,2.800013,12.898861,3.885815,3.885815
2.800013,4.549067,2.282033,12.898861,3.885815,3.885815
2.282033,4.732875,3.000007,10.855938,2.675306,2.675306
3.000007,4.732875,2.282033,10.855938,2.675306,2.675306
2.282033,4.917962,3.200013,9.232321,1.827754,1.827754
3.200013,4.917962,2.282033,9.232321,1.827754,1.827754
2.282033,5.104169,3.400022,7.955484,1.222087,1.222087
3.400022,5.104169,2.282033,7.955484,1.222087,1.222087
2.282033,5.291389,3.600027,6.997520,0.797900,0.797900
3.600027,5.291389,2.282033,6.997520,0.797900,0.797900
2.282033,5.479497,3.800021,6.319424,0.506580,0.506580
3.800021,5.479497,2.282033,6.319424,0.506580,0.506580
2.282033,5.668435,4.000026,5.869844,0.311138,0.311138
4.000026,5.668435,2.282033,5.869844,0.311138,0.311138
2.282033,5.858092,4.200020,5.589347,0.181912,0.181912
4.200020,5.858092,2.282033,5.589347,0.181912,0.181912
2.282033,6.048414,4.400014,5.423987,0.098480,0.098480
4.400014,6.048414,2.282033,5.423987,0.098480,0.098480
2.282033,6.239357,4.600019,5.330138,0.045662,0.045662
4.600019,6.239357,2.282033,5.330138,0.045662,0.045662
2.282033,6.430848,4.800028,5.278667,0.014137,0.014137
4.800028,6.430848,2.282033,5.278667,0.014137,0.014137
2.282033,6.622845,5.000034,5.250467,-0.003556,-0.003556
5.000034,6.622845,2.282033,5.250467,-0.003556,-0.003556
2.282033,6.815288,5.200027,5.234250,-0.012923,-0.012923
5.200027,6.815288,2.282033,5.234250,-0.012923,-0.012923
2.282033,7.008169,5.400033,5.224073,-0.017562,-0.017562
5.400033,7.008169,2.282033,5.224073,-0.017562,-0.017562
2.282033,7.201423,5.600027,5.217078,-0.019644,-0.019644
5.600027,7.201423,2.282033,5.217078,-0.019644,-0.019644
2.282033,7.395036,5.800021,5.211842,-0.020511,-0.020511
5.800021,7.395036,2.282033,5.211842,-0.020511,-0.020511
2.282033,7.588995,6.000026,5.207899,-0.020685,-0.020685
6.000026,7.588995,2.282033,5.207899,-0.020685,-0.020685
2.282033,8.075173,6.500037,5.201724,-0.020034,-0.020034
6.500037,8.075173,2.282033,5.201724,-0.020034,-0.020034
2.282033,8.562932,7.000033,5.198907,-0.018863,-0.018863
7.000033,8.562932,2.282033,5.198907,-0.018863,-0.018863
2.282033,9.052038,7.500045,5.197794,-0.017649,-0.017649
7.500045,9.052038,2.282033,5.197794,-0.017649,-0.017649
2.282033,9.542263,8.000041,5.197382,-0.016652,-0.016652
8.000041,9.542263,2.282033,5.197382,-0.016652,-0.016652
2.282033,10.033452,8.500037,5.195848,-0.017302,-0.017302
8.500037,10.033452,2.282033,5.195848,-0.017302,-0.017302
2.282033,10.525483,9.000048,5.195840,-0.016739,-0.016739
9.000048,10.525483,2.282033,5.195840,-0.016739,-0.016739
2.282033,11.018220,9.500044,5.195894,-0.016305,-0.016305
9.500044,11.018220,2.282033,5.195894,-0.016305,-0.016305
2.282033,11.511582,10.000041,5.195983,-0.015958,-0.015958
10.000041,11.511582,2.282033,5.195983,-0.015958,-0.015958
