R1,R2,R3,ETriat,E,ENew
1.511781,2.137981,1.511781,44.544964,68.584641,68.584641
1.511781,2.137981,1.511781,44.544964,68.584641,68.584641
1.511781,2.275532,1.700754,41.069637,53.316310,53.316310
1.700754,2.275532,1.511781,41.069637,53.316310,53.316310
1.511781,2.420030,1.889726,37.319242,44.335341,44.335341
1.889726,2.420030,1.511781,37.319242,44.335341,44.335341
1.511781,2.570305,2.078699,33.532708,38.772116,38.772116
2.078699,2.570305,1.511781,33.532708,38.772116,38.772116
1.511781,2.725402,2.267671,29.387774,34.640556,34.640556
2.267671,2.725402,1.511781,29.387774,34.640556,34.640556
1.511781,2.884542,2.456644,24.691605,30.839561,30.839561
2.456644,2.884542,1.511781,24.691605,30.839561,30.839561
1.511781,3.047092,2.645617,19.984218,27.403476,27.403476
2.645617,3.047092,1.511781,19.984218,27.403476,27.403476
1.511781,3.212534,2.834589,16.209969,25.002144,25.002144
2.834589,3.212534,1.511781,16.209969,25.002144,25.002144
1.511781,3.550473,3.212534,10.907032,22.212878,22.212878
3.212534,3.550473,1.511781,10.907032,22.212878,22.212878
1.511781,4.070595,3.779452,6.914863,20.532605,20.532605
3.779452,4.070595,1.511781,6.914863,20.532605,20.532605
1.511781,4.423735,4.157397,5.918431,20.113751,20.113751
4.157397,4.423735,1.511781,5.918431,20.113751,20.113751
1.511781,5.321517,5.102261,5.388456,19.823298,19.823298
5.102261,5.321517,1.511781,5.388456,19.823298,19.823298
1.511781,6.233232,6.047124,5.363067,19.832188,19.832188
6.047124,6.233232,1.511781,5.363067,19.832188,19.832188
1.889726,2.672476,1.889726,32.739761,23.636218,23.636218
1.889726,2.672476,1.889726,32.739761,23.636218,23.636218
1.889726,2.809280,2.078699,30.230624,19.460861,19.460861
2.078699,2.809280,1.889726,30.230624,19.460861,19.460861
1.889726,2.951847,2.267671,27.262645,16.506811,16.506811
2.267671,2.951847,1.889726,27.262645,16.506811,16.506811
1.889726,3.099381,2.456644,22.813033,12.891978,12.891978
2.456644,3.099381,1.889726,22.813033,12.891978,12.891978
1.889726,3.251208,2.645617,18.523535,9.776917,9.776917
2.645617,3.251208,1.889726,18.523535,9.776917,9.776917
1.889726,3.406752,2.834589,15.151502,7.657452,7.657452
2.834589,3.406752,1.889726,15.151502,7.657452,7.657452
1.889726,3.727123,3.212534,10.337916,5.094590,5.094590
3.212534,3.727123,1.889726,10.337916,5.094590,5.094590
1.889726,3.779451,3.273100,9.773265,4.832020,4.832020
3.273100,3.779451,1.889726,9.773265,4.832020,4.832020
1.889726,4.225556,3.779452,6.725385,3.515789,3.515789
3.779452,4.225556,1.889726,6.725385,3.515789,3.515789
1.889726,4.566730,4.157397,5.807663,3.104394,3.104394
4.157397,4.566730,1.889726,5.807663,3.104394,3.104394
1.889726,5.440968,5.102261,5.342820,2.853836,2.853836
5.102261,5.440968,1.889726,5.342820,2.853836,2.853836
1.889726,6.335516,6.047124,5.297637,2.841520,2.841520
6.047124,6.335516,1.889726,5.297637,2.841520,2.841520
2.267671,3.206972,2.267671,24.081236,11.533163,11.533163
2.267671,3.206972,2.267671,24.081236,11.533163,11.533163
2.267671,3.343267,2.456644,20.669558,8.836479,8.836479
2.456644,3.343267,2.267671,20.669558,8.836479,8.836479
2.267671,3.484483,2.645617,17.081350,6.282810,6.282810
2.645617,3.484483,2.267671,17.081350,6.282810,6.282810
2.267671,3.630045,2.834589,14.080589,4.385630,4.385630
2.834589,3.630045,2.267671,14.080589,4.385630,4.385630
2.267671,3.212530,2.271605,24.007948,11.478785,11.478785
2.271605,3.212530,2.267671,24.007948,11.478785,11.478785
2.267671,3.932265,3.212534,9.803743,2.085467,2.085467
3.212534,3.932265,2.267671,9.803743,2.085467,2.085467
2.267671,4.407561,3.779452,6.533219,0.614730,0.614730
3.779452,4.407561,2.267671,6.533219,0.614730,0.614730
2.267671,4.735640,4.157397,5.686893,0.225060,0.225060
4.157397,4.735640,2.267671,5.686893,0.225060,0.225060
2.267671,5.583493,5.102261,5.253557,-0.009237,-0.009237
5.102261,5.583493,2.267671,5.253557,-0.009237,-0.009237
2.267671,6.458331,6.047124,5.212121,-0.019470,-0.019470
6.047124,6.458331,2.267671,5.212121,-0.019470,-0.019470
2.645617,3.741467,2.645617,14.940626,5.583737,5.583737
2.645617,3.741467,2.645617,14.940626,5.583737,5.583737
2.645617,3.877394,2.834589,12.671694,4.272233,4.272233
2.834589,3.877394,2.645617,12.671694,4.272233,4.272233
2.645617,4.161690,3.212534,9.358934,2.706528,2.706528
3.212534,4.161690,2.645617,9.358934,2.706528,2.706528
2.645617,4.613409,3.779452,6.421984,1.409984,1.409984
3.779452,4.613409,2.645617,6.421984,1.409984,1.409984
2.645617,4.927803,4.157397,5.631479,1.048544,1.048544
4.157397,4.927803,2.645617,5.631479,1.048544,1.048544
2.645617,5.747378,5.102261,5.209857,0.818411,0.818411
5.102261,5.747378,2.645617,5.209857,0.818411,0.818411
2.645617,6.600530,6.047124,5.175442,0.813337,0.813337
6.047124,6.600530,2.645617,5.175442,0.813337,0.813337
3.023562,4.411610,3.212534,8.616549,3.582179,3.582179
3.212534,4.411610,3.023562,8.616549,3.582179,3.582179
3.023562,4.840060,3.779452,6.336726,2.857131,2.857131
3.779452,4.840060,3.023562,6.336726,2.857131,2.857131
3.023562,5.140611,4.157397,5.595902,2.533548,2.533548
4.157397,5.140611,3.023562,5.595902,2.533548,2.533548
3.023562,5.930851,5.102261,5.173149,2.298688,2.298688
5.102261,5.930851,3.023562,5.173149,2.298688,2.298688
3.023562,6.047121,5.236960,5.166023,2.296650,2.296650
5.236960,6.047121,3.023562,5.166023,2.296650,2.296650
3.023562,6.760890,6.047124,5.150246,2.303198,2.303198
6.047124,6.760890,3.023562,5.150246,2.303198,2.303198
3.779452,5.344953,3.779452,5.946308,4.698198,4.698198
3.779452,5.344953,3.779452,5.946308,4.698198,4.698198
3.779452,5.618560,4.157397,5.538703,4.702752,4.702752
4.157397,5.618560,3.779452,5.538703,4.702752,4.702752
3.779452,6.349592,5.102261,5.193137,4.540136,4.540136
5.102261,6.349592,3.779452,5.193137,4.540136,4.540136
3.779452,7.131056,6.047124,5.162885,4.533848,4.533848
6.047124,7.131056,3.779452,5.162885,4.533848,4.533848
4.535343,6.826595,5.102261,5.229994,5.120175,5.120175
5.102261,6.826595,4.535343,5.229994,5.120175,5.120175
4.535343,7.558904,6.047124,5.235797,5.147581,5.147581
6.047124,7.558904,4.535343,5.235797,5.147581,5.147581
5.291233,8.035226,6.047124,5.205765,5.162455,5.162455
6.047124,8.035226,5.291233,5.205765,5.162455,5.162455
