R1,R2,R3,ETriat,E,ENew
1.511776,2.476758,1.511781,35.522288,59.606492,59.606492
1.511781,2.476758,1.511776,35.522288,59.606492,59.606492
1.511781,2.633784,1.700749,32.909503,45.982224,45.982224
1.700749,2.633784,1.511781,32.909503,45.982224,45.982224
1.511781,2.794768,1.889721,30.192371,38.500309,38.500309
1.889721,2.794768,1.511781,30.192371,38.500309,38.500309
1.511781,2.959064,2.078694,27.457874,34.224174,34.224174
2.078694,2.959064,1.511781,27.457874,34.224174,34.224174
1.511781,3.126150,2.267667,24.672826,31.529181,31.529181
2.267667,3.126150,1.511781,24.672826,31.529181,31.529181
1.511781,3.295614,2.456646,21.367895,29.081970,29.081970
2.456646,3.295614,1.511781,21.367895,29.081970,29.081970
1.511781,3.467084,2.645618,17.515365,26.372277,26.372277
2.645618,3.467084,1.511781,17.515365,26.372277,26.372277
1.511781,2.834592,1.937769,29.519065,37.203592,37.203592
1.937769,2.834592,1.511781,29.519065,37.203592,37.203592
1.511781,3.640287,2.834591,14.332896,24.363001,24.363001
2.834591,3.640287,1.511781,14.332896,24.363001,24.363001
1.511781,3.990988,3.212536,9.945483,21.993108,21.993108
3.212536,3.990988,1.511781,9.945483,21.993108,21.993108
1.511781,4.525285,3.779461,6.711123,20.521114,20.521114
3.779461,4.525285,1.511781,6.711123,20.521114,20.521114
1.511781,4.157397,3.389619,8.585886,21.354182,21.354182
3.389619,4.157397,1.511781,8.585886,21.354182,21.354182
1.511781,4.885548,4.157388,5.886768,20.136821,20.136821
4.157388,4.885548,1.511781,5.886768,20.136821,20.136821
1.511781,5.796105,5.102258,5.417436,19.861632,19.861632
5.102258,5.796105,1.511781,5.417436,19.861632,19.861632
1.511781,6.716148,6.047127,5.363472,19.837001,19.837001
6.047127,6.716148,1.511781,5.363472,19.837001,19.837001
1.889721,3.095943,1.889726,26.996869,19.588308,19.588308
1.889726,3.095943,1.889721,26.996869,19.588308,19.588308
1.889726,3.252544,2.078694,25.284700,16.241032,16.241032
2.078694,3.252544,1.889726,25.284700,16.241032,16.241032
1.889726,3.412426,2.267667,23.566177,14.471776,14.471776
2.267667,3.412426,1.889726,23.566177,14.471776,14.471776
1.889726,3.575161,2.456646,20.164181,11.755274,11.755274
2.456646,3.575161,1.889726,20.164181,11.755274,11.755274
1.889726,3.740351,2.645618,16.452964,9.002520,9.002520
2.645618,3.740351,1.889726,16.452964,9.002520,9.002520
1.889726,3.907697,2.834591,13.618362,7.165747,7.165747
2.834591,3.907697,1.889726,13.618362,7.165747,7.165747
1.889726,4.247835,3.212536,9.602329,4.904308,4.904308
3.212536,4.247835,1.889726,9.602329,4.904308,4.904308
1.889726,4.768741,3.779461,6.561663,3.472338,3.472338
3.779461,4.768741,1.889726,6.561663,3.472338,3.472338
1.889726,5.121422,4.157388,5.767463,3.099103,3.099103
4.157388,5.121422,1.889726,5.767463,3.099103,3.099103
1.889726,6.016602,5.102258,5.338663,2.859993,2.859993
5.102258,6.016602,1.889726,5.338663,2.859993,2.859993
1.889726,6.924997,6.047127,5.295347,2.843775,2.843775
6.047127,6.924997,1.889726,5.295347,2.843775,2.843775
2.267667,3.715128,2.267671,21.669573,10.528460,10.528460
2.267671,3.715128,2.267667,21.669573,10.528460,10.528460
2.267671,3.871455,2.456646,18.419968,7.778221,7.778221
2.456646,3.871455,2.267671,18.419968,7.778221,7.778221
2.267671,4.030567,2.645618,15.486926,5.637899,5.637899
2.645618,4.030567,2.267671,15.486926,5.637899,5.637899
2.267671,4.192158,2.834591,12.924513,3.939673,3.939673
2.834591,4.192158,2.267671,12.924513,3.939673,3.939673
2.267671,4.521714,3.212536,9.293179,1.900346,1.900346
3.212536,4.521714,2.267671,9.293179,1.900346,1.900346
2.267671,5.028843,3.779461,6.421342,0.567116,0.567116
3.779461,5.028843,2.267671,6.421342,0.567116,0.567116
2.267671,5.373550,4.157388,5.657283,0.218122,0.218122
4.157388,5.373550,2.267671,5.657283,0.218122,0.218122
2.267671,6.252187,5.102258,5.247523,-0.004770,-0.004770
5.102258,6.252187,2.267671,5.247523,-0.004770,-0.004770
2.267671,7.147742,6.047127,5.210192,-0.016999,-0.016999
6.047127,7.147742,2.267671,5.210192,-0.016999,-0.016999
2.645617,4.334328,2.645618,13.516265,4.713809,4.713809
2.645618,4.334328,2.645617,13.516265,4.713809,4.713809
2.645617,4.490431,2.834591,11.810984,3.798783,3.798783
2.834591,4.490431,2.645617,11.810984,3.798783,3.798783
2.645617,4.809718,3.212536,9.001319,2.507010,2.507010
3.212536,4.809718,2.645617,9.001319,2.507010,2.507010
2.645617,5.303142,3.779461,6.338905,1.359942,1.359942
3.779461,5.303142,2.645617,6.338905,1.359942,1.359942
2.645617,5.639751,4.157388,5.596873,1.031372,1.031372
4.157388,5.639751,2.645617,5.596873,1.031372,1.031372
2.645617,6.501221,5.102258,5.208714,0.827214,0.827214
5.102258,6.501221,2.645617,5.208714,0.827214,0.827214
2.645617,7.383124,6.047127,5.174540,0.816503,0.816503
6.047127,7.383124,2.645617,5.174540,0.816503,0.816503
3.023562,5.109457,3.212536,8.318614,3.349748,3.349748
3.212536,5.109457,3.023562,8.318614,3.349748,3.349748
3.023562,5.589548,3.779461,6.260901,2.801799,2.801799
3.779461,5.589548,3.023562,6.260901,2.801799,2.801799
3.023562,5.918128,4.157388,5.561111,2.514381,2.514381
4.157388,5.918128,3.023562,5.561111,2.514381,2.514381
3.023562,6.762218,5.102258,5.186285,2.320674,2.320674
5.102258,6.762218,3.023562,5.186285,2.320674,2.320674
3.023562,7.629975,6.047127,5.151124,2.307708,2.307708
6.047127,7.629975,3.023562,5.151124,2.307708,2.307708
3.779452,6.191897,3.779461,5.816464,4.583067,4.583067
3.779461,6.191897,3.779452,5.816464,4.583067,4.583067
3.779452,6.505089,4.157388,5.499279,4.675692,4.675692
4.157388,6.505089,3.779452,5.499279,4.675692,4.675692
3.779452,7.314922,5.102258,5.212699,4.565808,4.565808
5.102258,7.314922,3.779452,5.212699,4.565808,4.565808
3.779452,8.153868,6.047127,5.174978,4.548636,4.548636
6.047127,8.153868,3.779452,5.174978,4.548636,4.548636
4.535343,7.901350,5.102258,5.220016,5.114017,5.114017
5.102258,7.901350,4.535343,5.220016,5.114017,5.114017
4.535343,8.711908,6.047127,5.235172,5.148838,5.148838
6.047127,8.711908,4.535343,5.235172,5.148838,5.148838
5.291233,9.297950,6.047127,5.203584,5.161544,5.161544
6.047127,9.297950,5.291233,5.203584,5.161544,5.161544
