R1,R2,R3,ETriat,E,ENew
1.511781,3.020692,1.511788,33.020745,59.169858,59.169858
1.511788,3.020692,1.511781,33.020745,59.169858,59.169858
1.511781,3.209496,1.700762,30.949396,46.285642,46.285642
1.700762,3.209496,1.511781,30.949396,46.285642,46.285642
1.511781,3.398301,1.889718,28.689354,39.255972,39.255972
1.889718,3.398301,1.511781,28.689354,39.255972,39.255972
1.511781,3.587140,2.078691,26.330887,35.192018,35.192018
2.078691,3.587140,1.511781,26.330887,35.192018,35.192018
1.511781,3.775992,2.267665,22.816433,31.484863,31.484863
2.267665,3.775992,1.511781,22.816433,31.484863,31.484863
1.511781,3.964856,2.456638,18.916892,28.089669,28.089669
2.456638,3.964856,1.511781,18.916892,28.089669,28.089669
1.511781,4.153730,2.645612,15.566851,25.513494,25.513494
2.645612,4.153730,1.511781,15.566851,25.513494,25.513494
1.511781,4.342612,2.834585,12.932244,23.716312,23.716312
2.834585,4.342612,1.511781,12.932244,23.716312,23.716312
1.511781,4.720399,3.212532,9.287935,21.622259,21.622259
3.212532,4.720399,1.511781,9.287935,21.622259,21.622259
1.511781,5.287123,3.779453,6.482144,20.337597,20.337597
3.779453,5.287123,1.511781,6.482144,20.337597,20.337597
1.511781,5.664961,4.157400,5.747194,20.016962,20.016962
4.157400,5.664961,1.511781,5.747194,20.016962,20.016962
1.511781,6.609610,5.102269,5.369551,19.823732,19.823732
5.102269,6.609610,1.511781,5.369551,19.823732,19.823732
1.511781,7.554295,6.047118,5.344389,19.821650,19.821650
6.047118,7.554295,1.511781,5.344389,19.821650,19.821650
1.889718,3.775847,1.889726,25.509201,20.027847,20.027847
1.889726,3.775847,1.889718,25.509201,20.027847,20.027847
1.889726,3.964648,2.078691,23.651585,16.213322,16.213322
2.078691,3.964648,1.889726,23.651585,16.213322,16.213322
1.889726,4.153467,2.267665,20.664595,12.816438,12.816438
2.267665,4.153467,1.889726,20.664595,12.816438,12.816438
1.889726,4.342298,2.456638,17.561280,10.052713,10.052713
2.456638,4.342298,1.889726,17.561280,10.052713,10.052713
1.889726,4.531141,2.645612,14.674721,7.829348,7.829348
2.645612,4.531141,1.889726,14.674721,7.829348,7.829348
1.889726,4.719995,2.834585,12.353525,6.279558,6.279558
2.834585,4.719995,1.889726,12.353525,6.279558,6.279558
1.889726,5.097729,3.212532,9.019999,4.445299,4.445299
3.212532,5.097729,1.889726,9.019999,4.445299,4.445299
1.889726,5.664383,3.779453,6.356385,3.293201,3.293201
3.779453,5.664383,1.889726,6.356385,3.293201,3.293201
1.889726,6.042181,4.157400,5.658879,3.008516,3.008516
4.157400,6.042181,1.889726,5.658879,3.008516,3.008516
1.889726,6.986745,5.102269,5.309563,2.839742,2.839742
5.102269,6.986745,1.889726,5.309563,2.839742,2.839742
1.889726,7.931363,6.047118,5.286700,2.838442,2.838442
6.047118,7.931363,1.889726,5.286700,2.838442,2.838442
2.267665,4.531019,2.267671,17.799316,7.308978,7.308978
2.267671,4.531019,2.267665,17.799316,7.308978,7.308978
2.267671,4.719820,2.456638,15.663092,5.446273,5.446273
2.456638,4.719820,2.267671,15.663092,5.446273,5.446273
2.267671,4.908635,2.645612,13.545025,3.956499,3.956499
2.645612,4.908635,2.267671,13.545025,3.956499,3.956499
2.267671,5.097460,2.834585,11.673016,2.839742,2.839742
2.834585,5.097460,2.267671,11.673016,2.839742,2.839742
2.267671,5.475143,3.212532,8.732123,1.389386,1.389386
3.212532,5.475143,2.267671,8.732123,1.389386,1.389386
2.267671,6.041729,3.779453,6.222986,0.389366,0.389366
3.779453,6.041729,2.267671,6.222986,0.389366,0.389366
2.267671,6.419486,4.157400,5.556715,0.134125,0.134125
4.157400,6.419486,2.267671,5.556715,0.134125,0.134125
2.267671,7.363964,5.102269,5.229381,-0.015568,-0.015568
5.102269,7.363964,2.267671,5.229381,-0.015568,-0.015568
2.267671,8.308511,6.047118,5.205617,-0.018733,-0.018733
6.047118,8.308511,2.267671,5.205617,-0.018733,-0.018733
2.645612,5.286192,2.645617,11.673084,2.963764,2.963764
2.645617,5.286192,2.645612,11.673084,2.963764,2.963764
2.645617,5.474992,2.834585,10.551729,2.595386,2.595386
2.834585,5.474992,2.645617,10.551729,2.595386,2.595386
2.645617,5.852625,3.212532,8.368530,1.901126,1.901126
3.212532,5.852625,2.645617,8.368530,1.901126,1.901126
2.645617,6.419145,3.779453,6.115102,1.154223,1.154223
3.779453,6.419145,2.645617,6.115102,1.154223,1.154223
2.645617,6.796862,4.157400,5.498518,0.947159,0.947159
4.157400,6.796862,2.645617,5.498518,0.947159,0.947159
2.645617,7.741253,5.102269,5.197726,0.822097,0.822097
5.102269,7.741253,2.645617,5.197726,0.822097,0.822097
2.645617,8.685728,6.047118,5.172677,0.817023,0.817023
6.047118,8.685728,2.645617,5.172677,0.817023,0.817023
3.023562,6.230164,3.212532,7.779596,2.831460,2.831460
3.212532,6.230164,3.023562,7.779596,2.831460,2.831460
3.023562,6.796620,3.779453,6.012169,2.568153,2.568153
3.779453,6.796620,3.023562,6.012169,2.568153,2.568153
3.023562,7.174298,4.157400,5.444707,2.409180,2.409180
4.157400,7.174298,3.023562,5.444707,2.409180,2.409180
3.023562,8.118603,5.102269,5.176694,2.315687,2.315687
5.102269,8.118603,3.023562,5.176694,2.315687,2.315687
3.023562,9.063006,6.047118,5.150671,2.309226,2.309226
6.047118,9.063006,3.023562,5.150671,2.309226,2.309226
3.779452,7.551711,3.779453,5.706634,4.481855,4.481855
3.779453,7.551711,3.779452,5.706634,4.481855,4.481855
3.779452,7.929316,4.157400,5.419067,4.601713,4.601713
4.157400,7.929316,3.779452,5.419067,4.601713,4.601713
3.779452,8.873455,5.102269,5.200383,4.556268,4.556268
5.102269,8.873455,3.779452,5.200383,4.556268,4.556268
3.779452,9.817716,6.047118,5.176135,4.551107,4.551107
6.047118,9.817716,3.779452,5.176135,4.551107,4.551107
4.535343,9.628470,5.102269,5.234214,5.129888,5.129888
5.102269,9.628470,4.535343,5.234214,5.129888,5.129888
4.535343,10.572594,6.047118,5.209895,5.124424,5.124424
6.047118,10.572594,4.535343,5.209895,5.124424,5.124424
5.291233,11.327608,6.047118,5.200459,5.158985,5.158985
6.047118,11.327608,5.291233,5.200459,5.158985,5.158985
