R1,R2,R3,ETriat,E,ENew
1.511781,2.550043,1.511784,34.229265,58.536699,58.536699
1.511784,2.550043,1.511781,34.229265,58.536699,58.536699
1.511781,2.711335,1.700761,31.779295,45.148765,45.148765
1.700761,2.711335,1.511781,31.779295,45.148765,45.148765
1.511781,2.875985,1.889731,29.221379,37.859952,37.859952
1.889731,2.875985,1.511781,29.221379,37.859952,37.859952
1.511781,3.043463,2.078701,26.637425,33.740664,33.740664
2.078701,3.043463,1.511781,26.637425,33.740664,33.740664
1.511781,3.213325,2.267671,23.998015,31.175807,31.175807
2.267671,3.213325,1.511781,23.998015,31.175807,31.175807
1.511781,3.385214,2.456641,20.889343,28.890475,28.890475
2.456641,3.385214,1.511781,20.889343,28.890475,28.890475
1.511781,3.558849,2.645619,17.190884,26.286416,26.286416
2.645619,3.558849,1.511781,17.190884,26.286416,26.286416
1.511781,3.733961,2.834588,14.107397,24.320894,24.320894
2.834588,3.733961,1.511781,14.107397,24.320894,24.320894
1.511781,4.087888,3.212528,9.858648,21.990680,21.990680
3.212528,4.087888,1.511781,9.858648,21.990680,21.990680
1.511781,4.625935,3.779463,6.706707,20.531001,20.531001
3.779463,4.625935,1.511781,6.706707,20.531001,20.531001
1.511781,4.988171,4.157402,5.891292,20.145364,20.145364
4.157402,4.988171,1.511781,5.891292,20.145364,20.145364
1.511781,5.902395,5.102259,5.419612,19.865578,19.865578
5.102259,5.902395,1.511781,5.419612,19.865578,19.865578
1.511781,6.824969,6.047116,5.363290,19.837522,19.837522
6.047116,6.824969,1.511781,5.363290,19.837522,19.837522
1.889726,3.187563,1.889731,26.260861,19.195776,19.195776
1.889731,3.187563,1.889726,26.260861,19.195776,19.195776
1.889726,3.348477,2.078701,24.668690,15.944378,15.944378
2.078701,3.348477,1.889726,24.668690,15.944378,15.944378
1.889726,3.512187,2.267671,23.079528,14.262935,14.262935
2.267671,3.512187,1.889726,23.079528,14.262935,14.262935
1.889726,3.678320,2.456641,19.833523,11.649379,11.649379
2.456641,3.678320,1.889726,19.833523,11.649379,11.649379
1.889726,3.846576,2.645619,16.210459,8.928498,8.928498
2.645619,3.846576,1.889726,16.210459,8.928498,8.928498
1.889726,4.016661,2.834588,13.457859,7.121819,7.121819
2.834588,4.016661,1.889726,13.457859,7.121819,7.121819
1.889726,4.361498,3.212528,9.544391,4.890085,4.890085
3.212528,4.361498,1.889726,9.544391,4.890085,4.890085
1.889726,4.887966,3.779463,6.553230,3.470474,3.470474
3.779463,4.887966,1.889726,6.553230,3.470474,3.470474
1.889726,5.243618,4.157402,5.767879,3.102529,3.102529
4.157402,5.243618,1.889726,5.767879,3.102529,3.102529
1.889726,6.144411,5.102259,5.337694,2.860774,2.860774
5.102259,6.144411,1.889726,5.337694,2.860774,2.860774
1.889726,7.056738,6.047116,5.294858,2.843949,2.843949
6.047116,7.056738,1.889726,5.294858,2.843949,2.843949
2.267671,3.825067,2.267671,21.175686,10.217670,10.217670
2.267671,3.825067,2.267671,21.175686,10.217670,10.217670
2.267671,3.985735,2.456641,18.254159,7.745438,7.745438
2.456641,3.985735,2.267671,18.254159,7.745438,7.745438
2.267671,4.148804,2.645619,15.289675,5.530182,5.530182
2.645619,4.148804,2.267671,15.289675,5.530182,5.530182
2.267671,4.313972,2.834588,12.802333,3.873239,3.873239
2.834588,4.313972,2.267671,12.802333,3.873239,3.873239
2.267671,4.649751,3.212528,9.250367,1.875064,1.875064
3.212528,4.649751,2.267671,9.250367,1.875064,1.875064
2.267671,5.164383,3.779463,6.411921,0.561435,0.561435
3.779463,5.164383,2.267671,6.411921,0.561435,0.561435
2.267671,5.513156,4.157402,5.654893,0.218642,0.218642
4.157402,5.513156,2.267671,5.654893,0.218642,0.218642
2.267671,6.399608,5.102259,5.246472,-0.004250,-0.004250
5.102259,6.399608,2.267671,5.246472,-0.004250,-0.004250
2.267671,7.300726,6.047116,5.209858,-0.016739,-0.016739
6.047116,7.300726,2.267671,5.209858,-0.016739,-0.016739
2.645617,4.462587,2.645619,13.228967,4.462081,4.462081
2.645619,4.462587,2.645617,13.228967,4.462081,4.462081
2.645617,4.623076,2.834588,11.778973,3.787118,3.787118
2.834588,4.623076,2.645617,11.778973,3.787118,3.787118
2.645617,4.950090,3.212528,8.952441,2.464643,2.464643
3.212528,4.950090,2.645617,8.952441,2.464643,2.464643
2.645617,5.452996,3.779463,6.325374,1.349621,1.349621
3.779463,5.452996,2.645617,6.325374,1.349621,1.349621
2.645617,5.794820,4.157402,5.593220,1.030548,1.030548
4.157402,5.794820,2.645617,5.593220,1.030548,1.030548
2.645617,6.666474,5.102259,5.208433,0.828255,0.828255
5.102259,6.666474,2.645617,5.208433,0.828255,0.828255
2.645617,7.555748,6.047116,5.174500,0.816980,0.816980
6.047116,7.555748,2.645617,5.174500,0.816980,0.816980
3.023562,5.260445,3.212528,8.402706,3.437517,3.437517
3.212528,5.260445,3.023562,8.402706,3.437517,3.437517
3.023562,5.751971,3.779463,6.243034,2.786968,2.786968
3.779463,5.751971,3.023562,6.243034,2.786968,2.786968
3.023562,6.086926,4.157402,5.554285,2.510045,2.510045
4.157402,6.086926,3.023562,5.554285,2.510045,2.510045
3.023562,6.943662,5.102259,5.185911,2.321368,2.321368
5.102259,6.943662,3.023562,5.185911,2.321368,2.321368
3.023562,7.820725,6.047116,5.151205,2.308228,2.308228
6.047116,7.820725,3.023562,5.151205,2.308228,2.308228
3.779452,6.375125,3.779463,5.786706,4.555357,4.555357
3.779463,6.375125,3.779452,5.786706,4.555357,4.555357
3.779452,6.696953,4.157402,5.498328,4.676256,4.676256
4.157402,6.696953,3.779452,5.498328,4.676256,4.676256
3.779452,7.524404,5.102259,5.212341,4.566111,4.566111
5.102259,7.524404,3.779452,5.212341,4.566111,4.566111
3.779452,8.376731,6.047116,5.175107,4.549069,4.549069
6.047116,8.376731,3.779452,5.175107,4.549069,4.549069
4.535343,8.133978,5.102259,5.219397,5.113800,5.113800
5.102259,8.133978,4.535343,5.219397,5.113800,5.113800
4.535343,8.962045,6.047116,5.235098,5.148968,5.148968
6.047116,8.962045,4.535343,5.235098,5.148968,5.148968
5.291233,9.571291,6.047116,5.203101,5.161197,5.161197
6.047116,9.571291,5.291233,5.203101,5.161197,5.161197
