R1,R2,R3,ETriat,E,ENew
1.511781,1.731971,1.889734,53.692227,67.505569,67.505569
1.889734,1.731971,1.511781,53.692227,67.505569,67.505569
1.511781,1.861168,2.078702,47.594281,55.572285,55.572285
2.078702,1.861168,1.511781,47.594281,55.572285,55.572285
1.511781,1.999897,2.267671,41.411901,46.709570,46.709570
2.267671,1.999897,1.511781,41.411901,46.709570,46.709570
1.511781,2.146311,2.456639,35.847127,40.402606,40.402606
2.456639,2.146311,1.511781,35.847127,40.402606,40.402606
1.511781,2.298959,2.645624,30.517587,35.462480,35.462480
2.645624,2.298959,1.511781,30.517587,35.462480,35.462480
1.511781,2.456648,2.834592,25.238661,31.182832,31.182832
2.834592,2.456648,1.511781,25.238661,31.182832,31.182832
1.511781,2.783734,3.212529,16.845014,25.430582,25.430582
3.212529,2.783734,1.511781,16.845014,25.430582,25.430582
1.511781,3.294849,3.779451,9.667056,21.725725,21.725725
3.779451,3.294849,1.511781,9.667056,21.725725,21.725725
1.511781,3.644779,4.157404,7.305487,20.732687,20.732687
4.157404,3.644779,1.511781,7.305487,20.732687,20.732687
1.511781,4.539281,5.102263,5.551870,19.942810,19.942810
5.102263,4.539281,1.511781,5.551870,19.942810,19.942810
1.511781,5.450801,6.047121,5.387207,19.843376,19.843376
6.047121,5.450801,1.511781,5.387207,19.843376,19.843376
1.889734,1.889726,1.889734,53.892761,46.595349,46.595349
1.889734,1.889726,1.889734,53.892761,46.595349,46.595349
1.889726,1.990954,2.078702,47.940745,36.974196,36.974196
2.078702,1.990954,1.889726,47.940745,36.974196,36.974196
1.889726,2.104309,2.267671,42.026438,29.593017,29.593017
2.267671,2.104309,1.889726,42.026438,29.593017,29.593017
1.889726,2.227949,2.456639,35.877323,23.308472,23.308472
2.456639,2.227949,1.889726,35.877323,23.308472,23.308472
1.889726,2.360275,2.645624,30.028937,18.102090,18.102090
2.645624,2.360275,1.889726,30.028937,18.102090,18.102090
1.889726,2.499876,2.834592,24.724206,13.862033,13.862033
2.834592,2.499876,1.889726,24.724206,13.862033,13.862033
1.889726,2.796533,3.212529,16.761424,8.472437,8.472437
3.212529,2.796533,1.889726,16.761424,8.472437,8.472437
1.889726,3.273100,3.779451,9.773265,4.832020,4.832020
3.779451,3.273100,1.889726,9.773265,4.832020,4.832020
1.889726,3.605375,4.157404,7.391769,3.806502,3.806502
4.157404,3.605375,1.889726,7.391769,3.806502,3.806502
1.889726,4.467916,5.102263,5.498044,2.949280,2.949280
5.102263,4.467916,1.889726,5.498044,2.949280,2.949280
1.889726,5.358296,6.047121,5.319972,2.847808,2.847808
6.047121,5.358296,1.889726,5.319972,2.847808,2.847808
2.267671,2.267671,2.267671,39.294287,23.667093,23.667093
2.267671,2.267671,2.267671,39.294287,23.667093,23.667093
2.003921,2.267671,2.456642,35.401823,21.206006,21.206006
2.456642,2.267671,2.003921,35.401823,21.206006,21.206006
2.267671,2.367815,2.456639,33.730001,18.420166,18.420166
2.456639,2.367815,2.267671,33.730001,18.420166,18.420166
2.267671,2.478360,2.645624,28.214392,13.764811,13.764811
2.645624,2.478360,2.267671,28.214392,13.764811,13.764811
2.267671,2.597947,2.834592,23.419004,10.102668,10.102668
2.834592,2.597947,2.267671,23.419004,10.102668,10.102668
2.267671,2.859669,3.212529,16.097897,5.289295,5.289295
3.212529,2.859669,2.267671,16.097897,5.289295,5.289295
2.267671,3.294849,3.779451,9.573490,1.929096,1.929096
3.779451,3.294849,2.267671,9.573490,1.929096,1.929096
2.267671,3.605375,4.157404,7.308765,0.946812,0.946812
4.157404,3.605375,2.267671,7.308765,0.946812,0.946812
2.267671,4.427773,5.102263,5.425349,0.090674,0.090674
5.102263,4.427773,2.267671,5.425349,0.090674,0.090674
2.267671,5.291231,6.047121,5.235969,-0.014354,-0.014354
6.047121,5.291231,2.267671,5.235969,-0.014354,-0.014354
2.645624,2.645617,2.645624,24.651305,11.628998,11.628998
2.645624,2.645617,2.645624,24.651305,11.628998,11.628998
2.645617,2.744989,2.834592,21.281289,9.394445,9.394445
2.834592,2.744989,2.645617,21.281289,9.394445,9.394445
2.645617,2.969932,3.212529,15.035909,5.543755,5.543755
3.212529,2.969932,2.645617,15.035909,5.543755,5.543755
2.645617,3.359249,3.779451,9.179797,2.612818,2.612818
3.779451,3.359249,2.645617,9.179797,2.612818,2.612818
2.645617,3.644779,4.157404,7.132697,1.725111,1.725111
4.157404,3.644779,2.645617,7.132697,1.725111,1.725111
2.645617,4.419700,5.102263,5.387873,0.919449,0.919449
5.102263,4.419700,2.645617,5.387873,0.919449,0.919449
2.645617,5.250580,6.047121,5.199340,0.816373,0.816373
6.047121,5.250580,2.645617,5.199340,0.816373,0.816373
3.023562,3.122335,3.212529,13.470882,6.090967,6.090967
3.212529,3.122335,3.023562,13.470882,6.090967,6.090967
3.023562,3.463924,3.779451,8.633550,3.890759,3.890759
3.779451,3.463924,3.023562,8.633550,3.890759,3.890759
3.023562,3.722336,4.157404,6.877326,3.136483,3.136483
4.157404,3.722336,3.023562,6.877326,3.136483,3.136483
3.023562,4.443874,5.102263,5.360751,2.412129,2.412129
5.102263,4.443874,3.023562,5.360751,2.412129,2.412129
3.023562,5.236960,6.047121,5.166023,2.296650,2.296650
6.047121,5.236960,3.023562,5.166023,2.296650,2.296650
3.779451,3.779451,3.779452,7.098876,5.266355,5.266355
3.779452,3.779451,3.779451,7.098876,5.266355,5.266355
3.779452,3.981907,4.157404,6.188343,5.027722,5.027722
4.157404,3.981907,3.779452,6.188343,5.027722,5.027722
3.779452,4.586240,5.102263,5.372768,4.665849,4.665849
5.102263,4.586240,3.779452,5.372768,4.665849,4.665849
3.779452,5.102259,5.798287,5.201997,4.541394,4.541394
5.798287,5.102259,3.779452,5.201997,4.541394,4.541394
3.779452,5.291231,6.047121,5.183516,4.531420,4.531420
6.047121,5.291231,3.779452,5.183516,4.531420,4.531420
4.535343,4.843751,5.102263,5.320159,5.174770,5.174770
5.102263,4.843751,4.535343,5.320159,5.174770,5.174770
4.535343,5.450801,6.047121,5.280232,5.170911,5.170911
6.047121,5.450801,4.535343,5.280232,5.170911,5.170911
5.291233,5.706846,6.047121,5.221244,5.160807,5.160807
6.047121,5.706846,5.291233,5.221244,5.160807,5.160807
