R1,R2,R3,ETriat,E,ENew
1.511780,2.920536,1.511781,33.675858,59.422498,59.422498
1.511781,2.920536,1.511780,33.675858,59.422498,59.422498
1.511781,3.103450,1.700749,31.333268,46.275886,46.275886
1.700749,3.103450,1.511781,31.333268,46.275886,46.275886
1.511781,3.287068,1.889734,28.895606,39.106453,39.106453
1.889734,3.287068,1.511781,28.895606,39.106453,39.106453
1.511781,3.471243,2.078702,26.497972,35.064614,35.064614
2.078702,3.471243,1.511781,26.497972,35.064614,35.064614
1.511781,3.655908,2.267671,24.135122,32.580804,32.580804
2.267671,3.655908,1.511781,24.135122,32.580804,32.580804
1.511781,3.840992,2.456639,20.481788,29.501041,29.501041
2.456639,3.840992,1.511781,20.481788,29.501041,29.501041
1.511781,4.026454,2.645624,18.067620,27.917991,27.917991
2.645624,4.026454,1.511781,18.067620,27.917991,27.917991
1.511781,4.212211,2.834592,15.869341,26.598334,26.598334
2.834592,4.212211,1.511781,15.869341,26.598334,26.598334
1.511781,4.584514,3.212529,11.256214,23.576115,23.576115
3.212529,4.584514,1.511781,11.256214,23.576115,23.576115
1.511781,5.144526,3.779451,7.260369,21.112427,21.112427
3.779451,5.144526,1.511781,7.260369,21.112427,21.112427
1.511781,5.518658,4.157404,6.181901,20.448826,20.448826
4.157404,5.518658,1.511781,6.181901,20.448826,20.448826
1.511781,6.455908,5.102263,5.493054,19.945932,19.945932
5.102263,6.455908,1.511781,5.493054,19.945932,19.945932
1.511781,7.395095,6.047121,5.407697,19.884485,19.884485
6.047121,7.395095,1.511781,5.407697,19.884485,19.884485
1.889726,3.650679,1.889734,26.388263,20.673235,20.673235
1.889734,3.650679,1.889726,26.388263,20.673235,20.673235
1.889726,3.833520,2.078702,25.086861,17.484455,17.484455
2.078702,3.833520,1.889726,25.086861,17.484455,17.484455
1.889726,4.016928,2.267671,22.916185,14.963178,14.963178
2.267671,4.016928,1.889726,22.916185,14.963178,14.963178
1.889726,4.200829,2.456639,20.944167,13.374577,13.374577
2.456639,4.200829,1.889726,20.944167,13.374577,13.374577
1.889726,4.385179,2.645624,18.748556,11.870623,11.870623
2.645624,4.385179,1.889726,18.748556,11.870623,11.870623
1.889726,4.569890,2.834592,15.522369,9.431999,9.431999
2.834592,4.569890,1.889726,15.522369,9.431999,9.431999
1.889726,4.940277,3.212529,10.880520,6.300763,6.300763
3.212529,4.940277,1.889726,10.880520,6.300763,6.300763
1.889726,5.497803,3.779451,7.079447,4.013002,4.013002
3.779451,5.497803,1.889726,7.079447,4.013002,4.013002
1.889726,5.870493,4.157404,6.049394,3.396408,3.396408
4.157404,5.870493,1.889726,6.049394,3.396408,3.396408
1.889726,6.804732,5.102263,5.414267,2.943426,2.943426
5.102263,6.804732,1.889726,5.414267,2.943426,2.943426
1.889726,7.741549,6.047121,5.336786,2.888137,2.888137
6.047121,7.741549,1.889726,5.336786,2.888137,2.888137
2.267671,4.380804,2.267671,21.227544,10.703348,10.703348
2.267671,4.380804,2.267671,21.227544,10.703348,10.703348
2.267671,4.563595,2.456639,19.538143,9.303988,9.303988
2.456639,4.563595,2.267671,19.538143,9.303988,9.303988
2.267671,4.746888,2.645624,16.820076,7.222597,7.222597
2.645624,4.746888,2.267671,16.820076,7.222597,7.222597
2.267671,4.930592,2.834592,14.394125,5.555464,5.555464
2.834592,4.930592,2.267671,14.394125,5.555464,5.555464
2.267671,5.299112,3.212529,10.328996,2.982497,2.982497
3.212529,5.299112,2.267671,10.328996,2.982497,2.982497
2.267671,5.854162,3.779451,6.837789,1.001277,1.001277
3.779451,5.854162,2.267671,6.837789,1.001277,1.001277
2.267671,6.225390,4.157404,5.874741,0.450076,0.450076
4.157404,6.225390,2.267671,5.874741,0.450076,0.450076
2.267671,7.156514,5.102263,5.295507,0.049782,0.049782
5.102263,7.156514,2.267671,5.295507,0.049782,0.049782
2.267671,8.090823,6.047121,5.227529,0.002862,0.002862
6.047121,8.090823,2.267671,5.227529,0.002862,0.002862
2.645617,5.110947,2.645624,13.922596,5.209071,5.209071
2.645624,5.110947,2.645617,13.922596,5.209071,5.209071
2.645617,5.293702,2.834592,12.413461,4.453278,4.453278
2.834592,5.293702,2.645617,12.413461,4.453278,4.453278
2.645617,5.660436,3.212529,9.610602,3.139779,3.139779
3.212529,5.660436,2.645617,9.610602,3.139779,3.139779
2.645617,6.213073,3.779451,6.614496,1.651392,1.651392
3.779451,6.213073,2.645617,6.614496,1.651392,1.651392
2.645617,6.582853,4.157404,5.742526,1.189651,1.189651
4.157404,6.582853,2.645617,5.742526,1.189651,1.189651
2.645617,7.510838,5.102263,5.225113,0.848896,0.848896
5.102263,7.510838,2.645617,5.225113,0.848896,0.848896
2.645617,8.442567,6.047121,5.165819,0.809912,0.809912
6.047121,8.442567,2.645617,5.165819,0.809912,0.809912
3.023562,6.023799,3.212529,8.546209,3.595362,3.595362
3.212529,6.023799,3.023562,8.546209,3.595362,3.595362
3.023562,6.574117,3.779451,6.388945,2.943339,2.943339
3.779451,6.574117,3.023562,6.388945,2.943339,2.943339
3.023562,6.942486,4.157404,5.632947,2.596340,2.596340
4.157404,6.942486,3.023562,5.632947,2.596340,2.596340
3.023562,7.867361,5.102263,5.179611,2.318159,2.318159
5.102263,7.867361,3.023562,5.179611,2.318159,2.318159
3.023562,8.796485,6.047121,5.128757,2.287110,2.287110
6.047121,8.796485,3.023562,5.128757,2.287110,2.287110
3.779451,7.301340,3.779452,5.868651,4.643083,4.643083
3.779452,7.301340,3.779451,5.868651,4.643083,4.643083
3.779452,7.667040,4.157404,5.517717,4.699803,4.699803
4.157404,7.667040,3.779452,5.517717,4.699803,4.699803
3.779452,8.585907,5.102263,5.203287,4.558913,4.558913
5.102263,8.585907,3.779452,5.203287,4.558913,4.558913
3.779452,9.509870,6.047121,5.163990,4.538835,4.538835
6.047121,9.509870,3.779452,5.163990,4.538835,4.538835
4.535343,9.310369,5.102263,5.224654,5.120175,5.120175
5.102263,9.310369,4.535343,5.224654,5.120175,5.120175
4.535343,10.229361,6.047121,5.210019,5.124468,5.124468
6.047121,10.229361,4.535343,5.210019,5.124468,5.124468
5.291233,10.953756,6.047121,5.216599,5.175074,5.175074
6.047121,10.953756,5.291233,5.216599,5.175074,5.175074
