R1,R2,R3,ETriat,E,ENew
1.511781,3.012064,1.511788,34.879621,60.994403,60.994403
1.511788,3.012064,1.511781,34.879621,60.994403,60.994403
1.511781,3.200357,1.700758,32.483484,47.786995,47.786995
1.700758,3.200357,1.511781,32.483484,47.786995,47.786995
1.511781,3.388728,1.889731,30.169715,40.707109,40.707109
1.889731,3.388728,1.511781,30.169715,40.707109,40.707109
1.511781,3.577160,2.078700,27.953481,36.791156,36.791156
2.078700,3.577160,1.511781,27.953481,36.791156,36.791156
1.511781,3.765648,2.267673,24.917355,33.568595,33.568595
2.267673,3.765648,1.511781,24.917355,33.568595,33.568595
1.511781,3.954181,2.456643,21.603054,30.764368,30.764368
2.456643,3.954181,1.511781,21.603054,30.764368,30.764368
1.511781,4.142755,2.645616,18.616574,28.556267,28.556267
2.645616,4.142755,1.511781,18.616574,28.556267,28.556267
1.511781,4.331362,2.834585,16.173920,26.954137,26.954137
2.834585,4.331362,1.511781,16.173920,26.954137,26.954137
1.511781,4.708665,3.212528,11.333926,23.667267,23.667267
3.212528,4.708665,1.511781,11.333926,23.667267,23.667267
1.511781,5.274812,3.779462,7.244531,21.099721,21.099721
3.779462,5.274812,1.511781,7.244531,21.099721,21.099721
1.511781,5.652317,4.157404,6.160993,20.430526,20.430526
4.157404,5.652317,1.511781,6.160993,20.430526,20.430526
1.511781,6.596298,5.102259,5.477849,19.931925,19.931925
5.102259,6.596298,1.511781,5.477849,19.931925,19.931925
1.511781,7.540498,6.047113,5.399716,19.876940,19.876940
6.047113,7.540498,1.511781,5.399716,19.876940,19.876940
1.889726,3.765075,1.889731,27.376525,21.877023,21.877023
1.889731,3.765075,1.889726,27.376525,21.877023,21.877023
1.889726,3.953360,2.078700,26.038896,18.588418,18.588418
2.078700,3.953360,1.889726,26.038896,18.588418,18.588418
1.889726,4.141710,2.267673,23.925856,16.070221,16.070221
2.267673,4.141710,1.889726,23.925856,16.070221,16.070221
1.889726,4.330112,2.456643,22.165864,14.653125,14.653125
2.456643,4.330112,1.889726,22.165864,14.653125,14.653125
1.889726,4.518564,2.645616,19.660357,12.812839,12.812839
2.645616,4.518564,1.889726,19.660357,12.812839,12.812839
1.889726,4.707055,2.834585,16.013398,9.938361,9.938361
2.834585,4.707055,1.889726,16.013398,9.938361,9.938361
1.889726,5.084146,3.212528,10.985866,6.410777,6.410777
3.212528,5.084146,1.889726,10.985866,6.410777,6.410777
1.889726,5.650016,3.779462,7.077569,4.014129,4.014129
3.779462,5.650016,1.889726,7.077569,4.014129,4.014129
1.889726,6.027360,4.157404,6.039608,3.389036,3.389036
4.157404,6.027360,1.889726,6.039608,3.389036,3.389036
1.889726,6.971003,5.102259,5.410205,2.940304,2.940304
5.102259,6.971003,1.889726,5.410205,2.940304,2.940304
1.889726,7.914936,6.047113,5.334995,2.886706,2.886706
6.047113,7.914936,1.889726,5.334995,2.886706,2.886706
2.267671,4.518086,2.267673,22.249790,11.757226,11.757226
2.267673,4.518086,2.267671,22.249790,11.757226,11.757226
2.267671,4.706366,2.456643,20.118991,9.901068,9.901068
2.456643,4.706366,2.267671,20.118991,9.901068,9.901068
2.267671,4.894701,2.645616,17.674090,8.084979,8.084979
2.645616,4.894701,2.267671,17.674090,8.084979,8.084979
2.267671,5.083082,2.834585,15.028363,6.194694,6.194694
2.834585,5.083082,2.267671,15.028363,6.194694,6.194694
2.267671,5.459967,3.212528,10.463068,3.120005,3.120005
3.212528,5.459967,2.267671,10.463068,3.120005,3.120005
2.267671,6.025562,3.779462,6.837412,1.003576,1.003576
3.779462,6.025562,2.267671,6.837412,1.003576,1.003576
2.267671,6.402745,4.157404,5.867101,0.444352,0.444352
4.157404,6.402745,2.267671,5.867101,0.444352,0.444352
2.267671,7.346041,5.102259,5.292450,0.047440,0.047440
5.102259,7.346041,2.267671,5.292450,0.047440,0.047440
2.267671,8.289692,6.047113,5.225676,0.001301,0.001301
6.047113,8.289692,2.267671,5.225676,0.001301,0.001301
2.645616,5.271097,2.645617,14.426729,5.717082,5.717082
2.645617,5.271097,2.645616,14.426729,5.717082,5.717082
2.645617,5.459373,2.834585,12.908887,4.952225,4.952225
2.834585,5.459373,2.645617,12.908887,4.952225,4.952225
2.645617,5.836062,3.212528,9.757557,3.289862,3.289862
3.212528,5.836062,2.645617,9.757557,3.289862,3.289862
2.645617,6.401391,3.779462,6.604190,1.643153,1.643153
3.779462,6.401391,2.645617,6.604190,1.643153,1.643153
2.645617,6.778414,4.157404,5.729156,1.177683,1.177683
4.157404,6.778414,2.645617,5.729156,1.177683,1.177683
2.645617,7.721362,5.102259,5.219974,0.844299,0.844299
5.102259,7.721362,2.645617,5.219974,0.844299,0.844299
2.645617,8.664725,6.047113,5.162984,0.807310,0.807310
6.047113,8.664725,2.645617,5.162984,0.807310,0.807310
3.023562,6.212382,3.212528,8.730796,3.782435,3.782435
3.212528,6.212382,3.023562,8.730796,3.782435,3.782435
3.023562,6.777456,3.779462,6.369076,2.924953,2.924953
3.779462,6.777456,3.023562,6.369076,2.924953,2.924953
3.023562,7.154322,4.157404,5.610958,2.575351,2.575351
4.157404,7.154322,3.023562,5.610958,2.575351,2.575351
3.023562,8.096926,5.102259,5.171091,2.310050,2.310050
5.102259,8.096926,3.023562,5.171091,2.310050,2.310050
3.023562,9.040000,6.047113,5.126013,2.284552,2.284552
6.047113,9.040000,3.023562,5.126013,2.284552,2.284552
3.779452,7.530150,3.779462,6.014175,4.789350,4.789350
3.779462,7.530150,3.779452,6.014175,4.789350,4.789350
3.779452,7.906722,4.157404,5.509305,4.691911,4.691911
4.157404,7.906722,3.779452,5.509305,4.691911,4.691911
3.779452,8.848665,5.102259,5.192944,4.548809,4.548809
5.102259,8.848665,3.779452,5.192944,4.548809,4.548809
3.779452,9.791168,6.047113,5.162615,4.537578,4.537578
6.047113,9.791168,3.779452,5.162615,4.537578,4.537578
4.535343,9.601055,5.102259,5.225510,5.121172,5.121172
5.102259,9.601055,4.535343,5.225510,5.121172,5.121172
4.535343,10.543010,6.047113,5.209771,5.124294,5.124294
6.047113,10.543010,4.535343,5.209771,5.124294,5.124294
5.291233,11.295393,6.047113,5.216594,5.175117,5.175117
6.047113,11.295393,5.291233,5.216594,5.175117,5.175117
