R1,R2,R3,ETriat,E,ENew
1.511777,2.681929,1.511781,36.022692,60.808632,60.808632
1.511781,2.681929,1.511777,36.022692,60.808632,60.808632
1.511781,2.850893,1.700760,33.128247,47.060126,47.060126
1.700760,2.850893,1.511781,33.128247,47.060126,47.060126
1.511781,3.022220,1.889727,30.132808,39.362215,39.362215
1.889727,3.022220,1.511781,30.132808,39.362215,39.362215
1.511781,3.195531,2.078699,27.268953,34.949179,34.949179
2.078699,3.195531,1.511781,27.268953,34.949179,34.949179
1.511781,3.370530,2.267666,25.174227,32.879063,32.879063
2.267666,3.370530,1.511781,25.174227,32.879063,32.879063
1.511781,3.546974,2.456648,20.960133,29.409326,29.409326
2.456648,3.546974,1.511781,20.960133,29.409326,29.409326
1.511781,3.724637,2.645615,18.230601,27.678317,27.678317
2.645615,3.724637,1.511781,18.230601,27.678317,27.678317
1.511781,3.903359,2.834587,15.945884,26.414297,26.414297
2.834587,3.903359,1.511781,15.945884,26.414297,26.414297
1.511781,4.263472,3.212537,11.044780,23.280199,23.280199
3.212537,4.263472,1.511781,11.044780,23.280199,23.280199
1.511781,4.808757,3.779443,7.208626,21.048161,21.048161
3.779443,4.808757,1.511781,7.208626,21.048161,21.048161
1.511781,5.174876,4.157393,6.169106,20.428488,20.428488
4.157393,5.174876,1.511781,6.169106,20.428488,20.428488
1.511781,6.096488,5.102264,5.504478,19.953304,19.953304
5.102264,6.096488,1.511781,5.504478,19.953304,19.953304
1.511781,7.024269,6.047124,5.418234,19.893548,19.893548
6.047124,7.024269,1.511781,5.418234,19.893548,19.893548
1.889726,3.352419,1.889727,27.082234,20.580566,20.580566
1.889727,3.352419,1.889726,27.082234,20.580566,20.580566
1.889726,3.521113,2.078699,25.417827,17.190880,17.190880
2.078699,3.521113,1.889726,25.417827,17.190880,17.190880
1.889726,3.691779,2.267666,24.819121,16.410369,16.410369
2.267666,3.691779,1.889726,24.819121,16.410369,16.410369
1.889726,3.864158,2.456648,20.818572,12.943711,12.943711
2.456648,3.864158,1.889726,20.818572,12.943711,12.943711
1.889726,4.038013,2.645615,18.018172,10.952388,10.952388
2.645615,4.038013,1.889726,18.018172,10.952388,10.952388
1.889726,4.213164,2.834587,14.973113,8.776203,8.776203
2.834587,4.213164,1.889726,14.973113,8.776203,8.776203
1.889726,4.566794,3.212537,10.679841,6.070889,6.070889
3.212537,4.566794,1.889726,10.679841,6.070889,6.070889
1.889726,5.103758,3.779443,7.054236,3.978831,3.978831
3.779443,5.103758,1.889726,7.054236,3.978831,3.978831
1.889726,5.465109,4.157393,6.050844,3.390293,3.390293
4.157393,5.465109,1.889726,6.050844,3.390293,3.390293
1.889726,6.376903,5.102264,5.416560,2.942299,2.942299
5.102264,6.376903,1.889726,5.416560,2.942299,2.942299
1.889726,7.297104,6.047124,5.337887,2.887963,2.887963
6.047124,7.297104,1.889726,5.337887,2.887963,2.887963
2.267666,4.022893,2.267671,21.525960,10.801741,10.801741
2.267671,4.022893,2.267666,21.525960,10.801741,10.801741
2.267671,4.191430,2.456648,19.317055,8.965661,8.965661
2.456648,4.191430,2.267671,19.317055,8.965661,8.965661
2.267671,4.361635,2.645615,16.306903,6.645160,6.645160
2.645615,4.361635,2.267671,16.306903,6.645160,6.645160
2.267671,4.533319,2.834587,13.842449,4.969701,4.969701
2.834587,4.533319,2.267671,13.842449,4.969701,4.969701
2.267671,4.880543,3.212537,10.110550,2.751627,2.751627
3.212537,4.880543,2.267671,10.110550,2.751627,2.751627
2.267671,5.409088,3.779443,6.828738,0.983758,0.983758
3.779443,5.409088,2.267671,6.828738,0.983758,0.983758
2.267671,5.765516,4.157393,5.886270,0.454803,0.454803
4.157393,5.765516,2.267671,5.886270,0.454803,0.454803
2.267671,6.666956,5.102264,5.299622,0.051170,0.051170
5.102264,6.666956,2.267671,5.299622,0.051170,0.051170
2.267671,7.578970,6.047124,5.229594,0.003859,0.003859
6.047124,7.578970,2.267671,5.229594,0.003859,0.003859
2.645615,4.693384,2.645617,13.792337,5.058771,5.058771
2.645617,4.693384,2.645615,13.792337,5.058771,5.058771
2.645617,4.861779,2.834587,12.243965,4.270541,4.270541
2.834587,4.861779,2.645617,12.243965,4.270541,4.270541
2.645617,5.202835,3.212537,9.429477,2.949063,2.949063
3.212537,5.202835,2.645617,9.429477,2.949063,2.949063
2.645617,5.723094,3.779443,6.627642,1.657116,1.657116
3.779443,5.723094,2.645617,6.627642,1.657116,1.657116
2.645617,6.074588,4.157393,5.768746,1.210423,1.210423
4.157393,6.074588,2.645617,5.768746,1.210423,1.210423
2.645617,6.965444,5.102264,5.233825,0.855487,0.855487
5.102264,6.965444,2.645617,5.233825,0.855487,0.855487
2.645617,7.868896,6.047124,5.169561,0.812774,0.812774
6.047124,7.868896,2.645617,5.169561,0.812774,0.812774
3.023562,5.532175,3.212537,8.493466,3.534089,3.534089
3.212537,5.532175,3.023562,8.493466,3.534089,3.534089
3.023562,6.044424,3.779443,6.422331,2.970919,2.970919
3.779443,6.044424,3.023562,6.422331,2.970919,2.970919
3.023562,6.391067,4.157393,5.673841,2.633156,2.633156
4.157393,6.391067,3.023562,5.673841,2.633156,2.633156
3.023562,7.271327,5.102264,5.193605,2.330518,2.330518
5.102264,7.271327,3.023562,5.193605,2.330518,2.330518
3.023562,8.166024,6.047124,5.133550,2.291186,2.291186
6.047124,8.166024,3.023562,5.133550,2.291186,2.291186
3.779443,6.704822,3.779452,5.835256,4.606657,4.606657
3.779452,6.704822,3.779443,5.835256,4.606657,4.606657
3.779452,7.042233,4.157393,5.513460,4.693385,4.693385
4.157393,7.042233,3.779452,5.513460,4.693385,4.693385
3.779452,7.901824,5.102264,5.218178,4.572833,4.572833
5.102264,7.901824,3.779452,5.218178,4.572833,4.572833
3.779452,8.778945,6.047124,5.167493,4.541871,4.541871
6.047124,8.778945,3.779452,5.167493,4.541871,4.541871
4.535343,8.552671,5.102264,5.223371,5.118310,5.118310
5.102264,8.552671,4.535343,5.223371,5.118310,5.118310
4.535343,9.412679,6.047124,5.210886,5.125031,5.125031
6.047124,9.412679,4.535343,5.210886,5.125031,5.125031
5.291233,10.063296,6.047124,5.216493,5.174770,5.174770
6.047124,10.063296,5.291233,5.216493,5.174770,5.174770
