R1,R2,R3,ETriat,E,ENew
1.511777,2.883619,1.511781,33.705432,59.301945,59.301945
1.511781,2.883619,1.511777,33.705432,59.301945,59.301945
1.511781,3.064382,1.700760,31.313886,46.104901,46.104901
1.700760,3.064382,1.511781,31.313886,46.104901,46.104901
1.511781,3.246064,1.889727,28.820484,38.890717,38.890717
1.889727,3.246064,1.511781,28.820484,38.890717,38.890717
1.511781,3.428544,2.078699,26.370137,34.815964,34.815964
2.078699,3.428544,1.511781,26.370137,34.815964,34.815964
1.511781,3.611682,2.267666,24.200963,32.551447,32.551447
2.267666,3.611682,1.511781,24.200963,32.551447,32.551447
1.511781,3.795408,2.456648,20.327024,29.277803,29.277803
2.456648,3.795408,1.511781,20.327024,29.277803,29.277803
1.511781,3.979610,2.645615,17.966496,27.771854,27.771854
2.645615,3.979610,1.511781,17.966496,27.771854,27.771854
1.511781,4.164248,2.834587,15.807517,26.509568,26.509568
2.834587,4.164248,1.511781,15.807517,26.509568,26.509568
1.511781,4.534595,3.212537,11.220985,23.533402,23.533402
3.212537,4.534595,1.511781,11.220985,23.533402,23.533402
1.511781,5.092193,3.779443,7.259819,21.110475,21.110475
3.779443,5.092193,1.511781,7.259819,21.110475,21.110475
1.511781,5.465001,4.157393,6.185646,20.451471,20.451471
4.157393,5.465001,1.511781,6.185646,20.451471,20.451471
1.511781,6.399659,5.102264,5.497146,19.949488,19.949488
5.102264,6.399659,1.511781,5.497146,19.949488,19.949488
1.511781,7.336925,6.047124,5.410190,19.886783,19.886783
6.047124,7.336925,1.511781,5.410190,19.886783,19.886783
1.889726,3.604526,1.889727,26.277358,20.462052,20.462052
1.889727,3.604526,1.889726,26.277358,20.462052,20.462052
1.889726,3.785183,2.078699,24.946538,17.270106,17.270106
2.078699,3.785183,1.889726,24.946538,17.270106,17.270106
1.889726,3.966603,2.267666,22.911074,14.908279,14.908279
2.267666,3.966603,1.889726,22.911074,14.908279,14.908279
1.889726,4.148715,2.456648,20.755012,13.154938,13.154938
2.456648,4.148715,1.889726,20.755012,13.154938,13.154938
1.889726,4.331398,2.645615,18.566658,11.671582,11.671582
2.645615,4.331398,1.889726,18.566658,11.671582,11.671582
1.889726,4.514609,2.834587,15.395728,9.296442,9.296442
2.834587,4.514609,1.889726,15.395728,9.296442,9.296442
1.889726,4.882346,3.212537,10.843587,6.261431,6.261431
3.212537,4.882346,1.889726,10.843587,6.261431,6.261431
1.889726,5.436562,3.779443,7.078118,4.010400,4.010400
3.779443,5.436562,1.889726,7.078118,4.010400,4.010400
1.889726,5.807411,4.157393,6.051848,3.397795,3.397795
4.157393,5.807411,1.889726,6.051848,3.397795,3.397795
1.889726,6.737988,5.102264,5.415348,2.944077,2.944077
5.102264,6.737988,1.889726,5.415348,2.944077,2.944077
1.889726,7.672051,6.047124,5.337253,2.888440,2.888440
6.047124,7.672051,1.889726,5.337253,2.888440,2.888440
2.267666,4.325428,2.267671,21.039291,10.497151,10.497151
2.267671,4.325428,2.267666,21.039291,10.497151,10.497151
2.267671,4.506022,2.456648,19.448566,9.204901,9.204901
2.456648,4.506022,2.267671,19.448566,9.204901,9.204901
2.267671,4.687261,2.645615,16.685796,7.083398,7.083398
2.645615,4.687261,2.267671,16.685796,7.083398,7.083398
2.267671,4.869098,2.834587,14.262470,5.421122,5.421122
2.834587,4.869098,2.267671,14.262470,5.421122,5.421122
2.267671,5.234285,3.212537,10.286257,2.938309,2.938309
3.212537,5.234285,2.267671,10.286257,2.938309,2.938309
2.267671,5.785124,3.779443,6.837329,0.999630,0.999630
3.779443,5.785124,2.267671,6.837329,0.999630,0.999630
2.267671,6.153983,4.157393,5.877273,0.451724,0.451724
4.157393,6.153983,2.267671,5.877273,0.451724,0.451724
2.267671,7.080326,5.102264,5.296490,0.050432,0.050432
5.102264,7.080326,2.267671,5.296490,0.050432,0.050432
2.267671,8.010990,6.047124,5.228052,0.003252,0.003252
6.047124,8.010990,2.267671,5.228052,0.003252,0.003252
2.645615,5.046335,2.645617,13.861098,5.145716,5.145716
2.645617,5.046335,2.645615,13.861098,5.145716,5.145716
2.645617,5.226875,2.834587,12.349010,4.387278,4.387278
2.834587,5.226875,2.645617,12.349010,4.387278,4.387278
2.645617,5.589621,3.212537,9.571125,3.098973,3.098973
3.212537,5.589621,2.645617,9.571125,3.098973,3.098973
2.645617,6.137166,3.779443,6.617755,1.653691,1.653691
3.779443,6.137166,2.645617,6.617755,1.653691,1.653691
2.645617,6.504050,4.157393,5.747312,1.193771,1.193771
4.157393,6.504050,2.645617,5.747312,1.193771,1.193771
2.645617,7.426118,5.102264,5.226884,0.850414,0.850414
5.102264,7.426118,2.645617,5.226884,0.850414,0.850414
2.645617,8.353276,6.047124,5.166620,0.810605,0.810605
6.047124,8.353276,2.645617,5.166620,0.810605,0.810605
3.023562,5.947745,3.212537,8.519476,3.567522,3.567522
3.212537,5.947745,3.023562,8.519476,3.567522,3.567522
3.023562,6.492121,3.779443,6.395680,2.949367,2.949367
3.779443,6.492121,3.023562,6.395680,2.949367,2.949367
3.023562,6.857078,4.157393,5.640629,2.603538,2.603538
4.157393,6.857078,3.023562,5.640629,2.603538,2.603538
3.023562,7.774904,5.102264,5.182406,2.320761,2.320761
5.102264,7.774904,3.023562,5.182406,2.320761,2.320761
3.023562,8.698516,6.047124,5.129711,2.287977,2.287977
6.047124,8.698516,3.023562,5.129711,2.287977,2.287977
3.779443,7.209046,3.779452,5.851275,4.625347,4.625347
3.779452,7.209046,3.779443,5.851275,4.625347,4.625347
3.779452,7.570354,4.157393,5.517235,4.699066,4.699066
4.157393,7.570354,3.779452,5.517235,4.699066,4.699066
3.779452,8.479976,5.102264,5.206392,4.561905,4.561905
5.102264,8.479976,3.779452,5.206392,4.561905,4.561905
3.779452,9.396550,6.047124,5.164522,4.539312,4.539312
6.047124,9.396550,3.779452,5.164522,4.539312,4.539312
4.535343,9.193128,5.102264,5.224331,5.119784,5.119784
5.102264,9.193128,4.535343,5.224331,5.119784,5.119784
4.535343,10.102914,6.047124,5.210141,5.124554,5.124554
6.047124,10.102914,4.535343,5.210141,5.124554,5.124554
5.291233,10.815975,6.047124,5.216579,5.175030,5.175030
6.047124,10.815975,5.291233,5.216579,5.175030,5.175030
