# R1,R2,R3,ETriat,E
2.300000,10.000000,9.864187,9.350203,0.668377
10.000000,2.300000,9.864187,9.350203,0.668377
2.150000,10.000000,9.856755,9.279795,0.001896
10.000000,2.150000,9.856755,9.279795,0.001896
2.000000,10.000000,9.851603,9.212165,0.039991
10.000000,2.000000,9.851603,9.212165,0.039991
2.150000,8.000000,7.915112,9.282982,0.000126
8.000000,2.150000,7.915112,9.282982,0.000126
2.000000,8.000000,7.902105,9.215495,0.038330
8.000000,2.000000,7.902105,9.215495,0.038330
1.900000,4.000000,4.119532,11.175686,1.840185
4.000000,1.900000,4.119532,11.175686,1.840185
1.900000,8.000000,7.895004,9.171192,0.716449
8.000000,1.900000,7.895004,9.171192,0.716449
2.000000,2.800000,3.145654,23.598386,6.254567
2.800000,2.000000,3.145654,23.598386,6.254567
2.000000,4.000000,4.149895,11.184421,1.151637
4.000000,2.000000,4.149895,11.184421,1.151637
2.300000,3.000000,3.448718,18.537940,4.333654
3.000000,2.300000,3.448718,18.537940,4.333654
2.500000,4.000000,4.333248,11.172107,3.054776
4.000000,2.500000,4.333248,11.172107,3.054776
2.800000,3.000000,3.731315,15.408088,5.480338
3.000000,2.800000,3.731315,15.408088,5.480338
1.900000,3.500000,3.681098,14.286309,3.292398
3.500000,1.900000,3.681098,14.286309,3.292398
2.000000,2.150000,2.670042,36.474009,11.912175
2.150000,2.000000,2.670042,36.474009,11.912175
2.000000,3.500000,3.717382,14.187359,2.550081
3.500000,2.000000,3.717382,14.187359,2.550081
2.000000,6.000000,5.986021,9.271490,0.058490
6.000000,2.000000,5.986021,9.271490,0.058490
2.150000,2.500000,3.000964,27.178251,6.696429
2.500000,2.150000,3.000964,27.178251,6.696429
2.150000,6.000000,6.011853,9.338950,0.020816
6.000000,2.150000,6.011853,9.338950,0.020816
2.300000,2.800000,3.300517,20.960350,4.850791
2.800000,2.300000,3.300517,20.960350,4.850791
2.300000,5.000000,5.127972,9.659486,0.846748
5.000000,2.300000,5.127972,9.659486,0.846748
2.500000,2.800000,3.414517,19.241003,4.892002
2.800000,2.500000,3.414517,19.241003,4.892002
2.500000,5.000000,5.187369,9.746649,2.245593
5.000000,2.500000,5.187369,9.746649,2.245593
1.900000,5.000000,5.030973,9.484527,0.894952
5.000000,1.900000,5.030973,9.484527,0.894952
2.000000,2.300000,2.773524,33.218703,10.010157
2.300000,2.000000,2.773524,33.218703,10.010157
2.000000,3.000000,3.303971,20.315877,5.061444
3.000000,2.000000,3.303971,20.315877,5.061444
2.150000,2.800000,3.220524,22.292991,5.221697
2.800000,2.150000,3.220524,22.292991,5.221697
2.300000,2.500000,3.089182,25.250440,5.884122
2.500000,2.300000,3.089182,25.250440,5.884122
2.300000,3.500000,3.839826,13.806024,2.886447
3.500000,2.300000,3.839826,13.806024,2.886447
2.300000,8.000000,7.930936,9.353254,0.666511
8.000000,2.300000,7.930936,9.353254,0.666511
2.500000,3.000000,3.556020,17.243995,4.684388
3.000000,2.500000,3.556020,17.243995,4.684388
2.500000,8.000000,7.956386,16.281103,8.901399
8.000000,2.500000,7.956386,16.281103,8.901399
1.900000,6.000000,5.970831,9.227046,0.736131
6.000000,1.900000,5.970831,9.227046,0.736131
1.900000,10.000000,9.849435,9.167765,0.718033
10.000000,1.900000,9.849435,9.167765,0.718033
2.000000,2.500000,2.917793,29.116783,8.211183
2.500000,2.000000,2.917793,29.116783,8.211183
2.000000,5.000000,5.052429,9.528466,0.218574
5.000000,2.000000,5.052429,9.528466,0.218574
2.150000,2.300000,2.862712,30.865226,8.177097
2.300000,2.150000,2.862712,30.865226,8.177097
2.300000,4.000000,4.253807,11.187009,1.717939
4.000000,2.300000,4.253807,11.187009,1.717939
2.300000,6.000000,6.041300,9.408919,0.687507
6.000000,2.300000,6.041300,9.408919,0.687507
2.500000,3.500000,3.932068,13.462823,3.986160
3.500000,2.500000,3.932068,13.462823,3.986160
2.500000,10.000000,9.877631,9.446200,2.071350
10.000000,2.500000,9.877631,9.446200,2.071350
1.600000,5.000000,4.978115,9.408130,9.124025
5.000000,1.600000,4.978115,9.408130,9.124025
1.700000,3.000000,3.181004,21.619174,10.643780
3.000000,1.700000,3.181004,21.619174,10.643780
1.700000,5.000000,4.993794,9.401593,4.940596
5.000000,1.700000,4.993794,9.401593,4.940596
1.800000,2.500000,2.815522,31.636355,12.266636
2.500000,1.800000,2.815522,31.636355,12.266636
1.800000,5.000000,5.011420,9.441187,2.360367
5.000000,1.800000,5.011420,9.441187,2.360367
1.600000,4.000000,4.041943,11.160643,10.063063
4.000000,1.600000,4.041943,11.160643,10.063063
1.600000,10.000000,9.849023,9.101966,8.963348
10.000000,1.600000,9.849023,9.101966,8.963348
1.700000,3.500000,3.615742,14.446929,7.428103
3.500000,1.700000,3.615742,14.446929,7.428103
1.700000,8.000000,7.884591,9.090827,4.768539
8.000000,1.700000,7.884591,9.090827,4.768539
1.800000,3.000000,3.219410,21.220617,7.813462
3.000000,1.800000,3.219410,21.220617,7.813462
1.800000,8.000000,7.889166,9.128553,2.184567
8.000000,1.800000,7.889166,9.128553,2.184567
1.600000,3.500000,3.586801,14.515169,11.598779
3.500000,1.600000,3.586801,14.515169,11.598779
1.600000,8.000000,7.881282,9.105164,8.961497
8.000000,1.600000,7.881282,9.105164,8.961497
1.700000,4.000000,4.065512,11.148378,5.895836
4.000000,1.700000,4.065512,11.148378,5.895836
1.700000,10.000000,9.848145,9.087225,4.769977
10.000000,1.700000,9.848145,9.087225,4.769977
1.800000,3.500000,3.647195,14.372154,4.809845
3.500000,1.800000,3.647195,14.372154,4.809845
1.800000,6.000000,5.957281,9.184127,2.203660
6.000000,1.800000,5.957281,9.184127,2.203660
1.600000,6.000000,5.935146,9.158228,8.977560
6.000000,1.600000,5.935146,9.158228,8.977560
1.700000,2.800000,3.012784,25.774533,12.530262
2.800000,1.700000,3.012784,25.774533,12.530262
1.700000,6.000000,5.945383,9.145960,4.786914
6.000000,1.700000,5.945383,9.145960,4.786914
1.800000,2.800000,3.054444,25.193269,9.575399
2.800000,1.800000,3.054444,25.193269,9.575399
1.800000,4.000000,4.091389,11.162863,3.313126
4.000000,1.800000,4.091389,11.162863,3.313126
