R1,R2,R3,ETriat,E,ENew
1.511781,2.229203,1.511788,41.643566,65.450934,65.450934
1.511788,2.229203,1.511781,41.643566,65.450934,65.450934
1.511781,2.371973,1.700762,38.390799,50.711558,50.711558
1.700762,2.371973,1.511781,38.390799,50.711558,50.711558
1.511781,2.520818,1.889718,34.953469,42.240941,42.240941
1.889718,2.520818,1.511781,34.953469,42.240941,42.240941
1.511781,2.674735,2.078691,31.505450,37.126881,37.126881
2.078691,2.674735,1.511781,31.505450,37.126881,37.126881
1.511781,2.832911,2.267665,28.008929,33.695175,33.695175
2.267665,2.832911,1.511781,28.008929,33.695175,33.695175
1.511781,2.994647,2.456638,23.612222,30.206098,30.206098
2.456638,2.994647,1.511781,23.612222,30.206098,30.206098
1.511781,3.159419,2.645612,19.141516,26.990909,26.990909
2.645612,3.159419,1.511781,19.141516,26.990909,26.990909
1.511781,3.326756,2.834585,15.546602,24.729514,24.729514
2.834585,3.326756,1.511781,15.546602,24.729514,24.729514
1.511781,3.667749,3.212532,10.531189,22.100218,22.100218
3.212532,3.667749,1.511781,10.531189,22.100218,22.100218
1.511781,4.191146,3.779453,6.810958,20.509622,20.509622
3.779453,4.191146,1.511781,6.810958,20.509622,20.509622
1.511781,4.545878,4.157400,5.890519,20.110455,20.110455
4.157400,4.545878,1.511781,5.890519,20.110455,20.110455
1.511781,5.446391,5.102269,5.393598,19.831104,19.831104
5.102269,5.446391,1.511781,5.393598,19.831104,19.831104
1.511781,6.359770,6.047118,5.362889,19.833402,19.833402
6.047118,6.359770,1.511781,5.362889,19.833402,19.833402
1.889718,2.786504,1.889726,30.774869,22.123027,22.123027
1.889726,2.786504,1.889718,30.774869,22.123027,22.123027
1.889726,2.928606,2.078691,28.524688,18.241245,18.241245
2.078691,2.928606,1.889726,28.524688,18.241245,18.241245
1.889726,3.075771,2.267665,26.088353,15.825040,15.825040
2.267665,3.075771,1.889726,26.088353,15.825040,15.825040
1.414402,2.456648,1.889726,35.920050,52.973430,52.973430
1.889726,2.456648,1.414402,35.920050,52.973430,52.973430
1.889726,3.227280,2.456638,21.869879,12.422041,12.422041
2.456638,3.227280,1.889726,21.869879,12.422041,12.422041
1.889726,3.382575,2.645612,17.766113,9.449995,9.449995
2.645612,3.382575,1.889726,17.766113,9.449995,9.449995
1.889726,3.541133,2.834585,14.566903,7.441326,7.441326
2.834585,3.541133,1.889726,14.566903,7.441326,7.441326
1.889726,3.866472,3.212532,10.025431,5.001704,5.001704
3.212532,3.866472,1.889726,10.025431,5.001704,5.001704
1.889726,4.370386,3.779453,6.642384,3.489987,3.489987
3.779453,4.370386,1.889726,6.642384,3.489987,3.489987
1.889726,4.714284,4.157400,5.779874,3.093032,3.093032
4.157400,4.714284,1.889726,5.779874,3.093032,3.093032
1.889726,5.593290,5.102269,5.340750,2.854833,2.854833
5.102269,5.593290,1.889726,5.340750,2.854833,2.854833
1.889726,6.490812,6.047118,5.296783,2.842171,2.842171
6.047118,6.490812,1.889726,5.296783,2.842171,2.842171
2.267665,3.343805,2.267671,23.346248,11.263829,11.263829
2.267671,3.343805,2.267665,23.346248,11.263829,11.263829
2.267671,3.485462,2.456638,19.713363,8.300239,8.300239
2.456638,3.485462,2.267671,19.713363,8.300239,8.300239
2.267671,3.631443,2.645612,16.472406,6.031515,6.031515
2.645612,3.631443,2.267671,16.472406,6.031515,6.031515
2.267671,3.781221,2.834585,13.613559,4.204671,4.204671
2.834585,3.781221,2.267671,13.613559,4.204671,4.204671
2.267671,4.090539,3.212532,9.573521,2.004506,2.004506
3.212532,4.090539,2.267671,9.573521,2.004506,2.004506
2.267671,4.573897,3.779453,6.476493,0.591010,0.591010
3.779453,4.573897,2.267671,6.476493,0.591010,0.591010
2.267671,4.906081,4.157400,5.668490,0.216387,0.216387
4.157400,4.906081,2.267671,5.668490,0.216387,0.216387
2.267671,5.761276,5.102269,5.250977,-0.008499,-0.008499
5.102269,5.761276,2.267671,5.250977,-0.008499,-0.008499
2.267671,6.640806,6.047118,5.211341,-0.018733,-0.018733
6.047118,6.640806,2.267671,5.211341,-0.018733,-0.018733
2.645612,3.901106,2.645617,14.694520,5.576408,5.576408
2.645617,3.901106,2.645612,14.694520,5.576408,5.576408
2.645617,4.042440,2.834585,12.350946,4.129521,4.129521
2.834585,4.042440,2.645617,12.350946,4.129521,4.129521
2.645617,4.336023,3.212532,9.204361,2.633286,2.633286
3.212532,4.336023,2.645617,9.204361,2.633286,2.633286
2.645617,4.798591,3.779453,6.385658,1.389820,1.389820
3.779453,4.798591,2.645617,6.385658,1.389820,1.389820
2.645617,5.118639,4.157400,5.616749,1.039915,1.039915
4.157400,5.118639,2.645617,5.616749,1.039915,1.039915
2.645617,5.948562,5.102269,5.208631,0.820536,0.820536
5.102269,5.948562,2.645617,5.208631,0.820536,0.820536
2.645617,6.808498,6.047118,5.174903,0.814248,0.814248
6.047118,6.808498,2.645617,5.174903,0.814248,0.814248
3.023562,4.599497,3.212532,8.513208,3.514228,3.514228
3.212532,4.599497,3.023562,8.513208,3.514228,3.514228
3.023562,5.041637,3.779453,6.310188,2.838528,2.838528
3.779453,5.041637,3.023562,6.310188,2.838528,2.838528
3.023562,5.349485,4.157400,5.584486,2.527000,2.527000
4.157400,5.349485,3.023562,5.584486,2.527000,2.527000
3.023562,6.153387,5.102269,5.172942,2.301637,2.301637
5.102269,6.153387,3.023562,5.172942,2.301637,2.301637
3.023562,6.992615,6.047118,5.150175,2.304456,2.304456
6.047118,6.992615,3.023562,5.150175,2.304456,2.304456
3.779452,5.573008,3.779453,5.904998,4.661599,4.661599
3.779453,5.573008,3.779452,5.904998,4.661599,4.661599
3.779452,5.857226,4.157400,5.514255,4.682587,4.682587
4.157400,5.857226,3.779452,5.514255,4.682587,4.682587
3.779452,6.608992,5.102269,5.191362,4.540700,4.540700
5.102269,6.608992,3.779452,5.191362,4.540700,4.540700
3.779452,7.405118,6.047118,5.163514,4.535496,4.535496
6.047118,7.405118,3.779452,5.163514,4.535496,4.535496
4.535343,7.115906,5.102269,5.227937,5.119611,5.119611
5.102269,7.115906,4.535343,5.227937,5.119611,5.119611
4.535343,7.868775,6.047118,5.235333,5.147841,5.147841
6.047118,7.868775,4.535343,5.235333,5.147841,5.147841
5.291233,8.375095,6.047118,5.205185,5.162368,5.162368
6.047118,8.375095,5.291233,5.205185,5.162368,5.162368
