R1,R2,R3,ETriat,E,ENew
1.511781,2.951896,1.511784,31.968131,57.841702,57.841702
1.511784,2.951896,1.511781,31.968131,57.841702,57.841702
1.511781,3.136658,1.700761,29.990446,45.058698,45.058698
1.700761,3.136658,1.511781,29.990446,45.058698,45.058698
1.511781,3.321890,1.889731,27.826853,38.153310,38.153310
1.889731,3.321890,1.511781,27.826853,38.153310,38.153310
1.511781,3.507520,2.078701,25.636147,34.300278,34.300278
2.078701,3.507520,1.511781,25.636147,34.300278,34.300278
1.511781,3.693490,2.267671,22.915400,31.436338,31.436338
2.267671,3.693490,1.511781,22.915400,31.436338,31.436338
1.511781,3.879749,2.456641,19.417151,28.489400,28.489400
2.456641,3.879749,1.511781,19.417151,28.489400,28.489400
1.511781,4.066263,2.645619,15.937052,25.821379,25.821379
2.645619,4.066263,1.511781,15.937052,25.821379,25.821379
1.511781,4.252990,2.834588,13.204584,23.953427,23.953427
2.834588,4.252990,1.511781,13.204584,23.953427,23.953427
1.511781,4.626990,3.212528,9.444110,21.769350,21.769350
3.212528,4.626990,1.511781,9.444110,21.769350,21.769350
1.511781,5.189084,3.779463,6.561426,20.414611,20.414611
3.779463,5.189084,1.511781,6.561426,20.414611,20.414611
1.511781,5.564343,4.157402,5.798738,20.066571,20.066571
4.157402,5.564343,1.511781,5.798738,20.066571,20.066571
1.511781,6.503855,5.102259,5.385774,19.839083,19.839083
5.102259,6.503855,1.511781,5.385774,19.839083,19.839083
1.511781,7.444721,6.047116,5.349737,19.826681,19.826681
6.047116,7.444721,1.511781,5.349737,19.826681,19.826681
1.889726,3.689869,1.889731,25.188798,19.552923,19.552923
1.889731,3.689869,1.889726,25.188798,19.552923,19.552923
1.889726,3.874576,2.078701,23.760635,16.215187,16.215187
2.078701,3.874576,1.889726,23.760635,16.215187,16.215187
1.889726,4.059675,2.267671,21.274493,13.358793,13.358793
2.267671,4.059675,1.889726,21.274493,13.358793,13.358793
1.889726,4.245116,2.456641,17.936026,10.388698,10.388698
2.456641,4.245116,1.889726,17.936026,10.388698,10.388698
1.889726,4.430859,2.645619,14.909364,8.043566,8.043566
2.645619,4.430859,1.889726,14.909364,8.043566,8.043566
1.889726,4.616860,2.834588,12.600598,6.516412,6.516412
2.834588,4.616860,1.889726,12.600598,6.516412,6.516412
1.889726,4.989531,3.212528,9.152944,4.574958,4.574958
3.212528,4.989531,1.889726,9.152944,4.574958,4.574958
1.889726,5.549898,3.779463,6.413393,3.348013,3.348013
3.779463,5.549898,1.889726,6.413393,3.348013,3.348013
1.889726,5.924155,4.157402,5.691561,3.039434,3.039434
4.157402,5.924155,1.889726,5.691561,3.039434,3.039434
1.889726,6.861568,5.102259,5.316616,2.846117,2.846117
5.102259,6.861568,1.889726,5.316616,2.846117,2.846117
1.889726,7.800778,6.047116,5.288609,2.840089,2.840089
6.047116,7.800778,1.889726,5.288609,2.840089,2.840089
2.267671,4.427837,2.267671,18.434438,7.922927,7.922927
2.267671,4.427837,2.267671,18.434438,7.922927,7.922927
2.267671,4.612510,2.456641,16.153352,5.925793,5.925793
2.456641,4.612510,2.267671,16.153352,5.925793,5.925793
2.267671,4.797521,2.645619,13.892113,4.297991,4.297991
2.645619,4.797521,2.267671,13.892113,4.297991,4.297991
2.267671,4.982826,2.834588,11.913481,3.076727,3.076727
2.834588,4.982826,2.267671,11.913481,3.076727,3.076727
2.267671,5.354204,3.212528,8.855060,1.509765,1.509765
3.212528,5.354204,2.267671,8.855060,1.509765,1.509765
2.267671,5.912853,3.779463,6.272130,0.436590,0.436590
3.779463,5.912853,2.267671,6.272130,0.436590,0.436590
2.267671,6.286095,4.157402,5.582074,0.158106,0.158106
4.157402,6.286095,2.267671,5.582074,0.158106,0.158106
2.267671,7.221343,5.102259,5.233192,-0.012272,-0.012272
5.102259,7.221343,2.267671,5.233192,-0.012272,-0.012272
2.267671,8.158805,6.047116,5.206565,-0.017996,-0.017996
6.047116,8.158805,2.267671,5.206565,-0.017996,-0.017996
2.645617,5.165810,2.645619,11.956937,3.244807,3.244807
2.645619,5.165810,2.645617,11.956937,3.244807,3.244807
2.645617,5.350457,2.834588,10.771591,2.812640,2.812640
2.834588,5.350457,2.645617,10.771591,2.812640,2.812640
2.645617,5.720599,3.212528,8.486753,2.017038,2.017038
3.212528,5.720599,2.645617,8.486753,2.017038,2.017038
2.645617,6.277577,3.779463,6.163782,1.201446,1.201446
3.779463,6.277577,2.645617,6.163782,1.201446,1.201446
2.645617,6.649816,4.157402,5.520768,0.968407,0.968407
4.157402,6.649816,2.645617,5.520768,0.968407,0.968407
2.645617,7.582885,5.102259,5.200153,0.824135,0.824135
5.102259,7.582885,2.645617,5.200153,0.824135,0.824135
2.645617,8.518553,6.047116,5.173149,0.817327,0.817327
6.047116,8.518553,2.645617,5.173149,0.817327,0.817327
3.023562,6.088407,3.212528,7.875246,2.925300,2.925300
3.212528,6.088407,3.023562,7.875246,2.925300,2.925300
3.023562,6.643780,3.779463,6.057127,2.612081,2.612081
3.779463,6.643780,3.023562,6.057127,2.612081,2.612081
3.023562,7.015041,4.157402,5.466971,2.430732,2.430732
4.157402,7.015041,3.023562,5.466971,2.430732,2.430732
3.023562,7.945954,5.102259,5.178550,2.317248,2.317248
5.102259,7.945954,3.023562,5.178550,2.317248,2.317248
3.023562,8.879813,6.047116,5.150805,2.309226,2.309226
6.047116,8.879813,3.023562,5.150805,2.309226,2.309226
3.779452,7.379738,3.779463,5.713380,4.488099,4.488099
3.779463,7.379738,3.779452,5.713380,4.488099,4.488099
3.779452,7.749152,4.157402,5.446409,4.628686,4.628686
4.157402,7.749152,3.779452,5.446409,4.628686,4.628686
3.779452,8.675905,5.102259,5.207275,4.562989,4.562989
5.102259,8.675905,3.779452,5.207275,4.562989,4.562989
3.779452,9.606185,6.047116,5.175699,4.550587,4.550587
6.047116,9.606185,3.779452,5.175699,4.550587,4.550587
4.535343,9.409952,5.102259,5.227377,5.122950,5.122950
5.102259,9.409952,4.535343,5.227377,5.122950,5.122950
4.535343,10.336791,6.047116,5.208560,5.123037,5.123037
6.047116,10.336791,4.535343,5.208560,5.123037,5.123037
5.291233,11.070793,6.047116,5.200754,5.159246,5.159246
6.047116,11.070793,5.291233,5.200754,5.159246,5.159246
