R1,R2,R3,ETriat,E,ENew
1.511781,2.398759,1.511782,37.161764,61.060274,61.060274
1.511782,2.398759,1.511781,37.161764,61.060274,61.060274
1.511781,2.551270,1.700749,34.356507,47.137921,47.137921
1.700749,2.551270,1.511781,34.356507,47.137921,47.137921
1.511781,2.708394,1.889734,31.441012,39.403237,39.403237
1.889734,2.708394,1.511781,31.441012,39.403237,39.403237
1.511781,2.869350,2.078701,28.516255,34.917696,34.917696
2.078701,2.869350,1.511781,28.516255,34.917696,34.917696
1.511781,3.033540,2.267668,25.548391,32.045951,32.045951
2.267668,3.033540,1.511781,25.548391,32.045951,32.045951
1.511781,3.200464,2.456635,21.976107,29.358677,29.358677
2.456635,3.200464,1.511781,21.976107,29.358677,29.358677
1.511781,3.369744,2.645625,17.933880,26.504581,26.504581
2.645625,3.369744,1.511781,17.933880,26.504581,26.504581
1.511781,3.540992,2.834592,14.633076,24.433554,24.433554
2.834592,3.540992,1.511781,14.633076,24.433554,24.433554
1.511781,3.888416,3.212526,10.073437,22.004903,22.004903
3.212526,3.888416,1.511781,10.073437,22.004903,22.004903
1.511781,4.418978,3.779450,6.723288,20.510836,20.510836
3.779450,4.418978,1.511781,6.723288,20.510836,20.510836
1.511781,4.777328,4.157402,5.882020,20.126197,20.126197
4.157402,4.777328,1.511781,5.882020,20.126197,20.126197
1.511781,5.684306,5.102260,5.412893,19.855084,19.855084
5.102260,5.684306,1.511781,5.412893,19.855084,19.855084
1.511781,6.601918,6.047118,5.363356,19.836047,19.836047
6.047118,6.601918,1.511781,5.363356,19.836047,19.836047
1.889726,2.998447,1.889734,27.963883,20.172076,20.172076
1.889734,2.998447,1.889726,27.963883,20.172076,20.172076
1.889726,3.150465,2.078701,26.105067,16.693016,16.693016
2.078701,3.150465,1.889726,26.105067,16.693016,16.693016
1.889726,3.306295,2.267668,24.230794,14.802991,14.802991
2.267668,3.306295,1.889726,24.230794,14.802991,14.802991
1.889726,3.465424,2.456635,20.589339,11.898029,11.898029
2.456635,3.465424,1.889726,20.589339,11.898029,11.898029
1.889726,3.627444,2.645625,16.770403,9.097575,9.097575
2.645625,3.627444,1.889726,16.770403,9.097575,9.097575
1.889726,3.791934,2.834592,13.836459,7.221513,7.221513
2.834592,3.791934,1.889726,13.836459,7.221513,7.221513
1.889726,4.127209,3.212526,9.687345,4.921177,4.921177
3.212526,4.127209,1.889726,9.687345,4.921177,4.921177
1.889726,4.642452,3.779450,6.574101,3.473856,3.473856
3.779450,4.642452,1.889726,6.574101,3.473856,3.473856
1.889726,4.992173,4.157402,5.766590,3.094420,3.094420
4.157402,4.992173,1.889726,5.766590,3.094420,3.094420
1.889726,5.881761,5.102260,5.339263,2.858519,2.858519
5.102260,5.881761,1.889726,5.339263,2.858519,2.858519
1.889726,6.786307,6.047118,5.295814,2.843428,2.843428
6.047118,6.786307,1.889726,5.295814,2.843428,2.843428
2.267668,3.598124,2.267671,22.221122,10.837907,10.837907
2.267671,3.598124,2.267668,22.221122,10.837907,10.837907
2.267671,3.749805,2.456635,18.743205,7.915382,7.915382
2.456635,3.749805,2.267671,18.743205,7.915382,7.915382
2.267671,3.904767,2.645625,15.724347,5.742536,5.742536
2.645625,3.904767,2.267671,15.724347,5.742536,5.742536
2.267671,4.062585,2.834592,13.079230,4.006454,4.006454
2.834592,4.062585,2.267671,13.079230,4.006454,4.006454
2.267671,4.385615,3.212526,9.348801,1.925063,1.925063
3.212526,4.385615,2.267671,9.348801,1.925063,1.925063
2.267671,4.884981,3.779450,6.431700,0.572103,0.572103
3.779450,4.884981,2.267671,6.431700,0.572103,0.572103
2.267671,5.225553,4.157402,5.658714,0.216257,0.216257
4.157402,5.225553,2.267671,5.658714,0.216257,0.216257
2.267671,6.096276,5.102260,5.248429,-0.005811,-0.005811
5.102260,6.096276,2.267671,5.248429,-0.005811,-0.005811
2.267671,6.986292,6.047118,5.210462,-0.017476,-0.017476
6.047118,6.986292,2.267671,5.210462,-0.017476,-0.017476
2.645617,4.197827,2.645625,13.848673,4.986310,4.986310
2.645625,4.197827,2.645617,13.848673,4.986310,4.986310
2.645617,4.349265,2.834592,11.952161,3.903681,3.903681
2.834592,4.349265,2.645617,11.952161,3.903681,3.903681
2.645617,4.660372,3.212526,9.051100,2.545170,2.545170
3.212526,4.660372,2.645617,9.051100,2.545170,2.545170
2.645617,5.143870,3.779450,6.351448,1.368702,1.368702
3.779450,5.143870,2.645617,6.351448,1.368702,1.368702
2.645617,5.475098,4.157402,5.601897,1.033150,1.033150
4.157402,5.475098,2.645617,5.601897,1.033150,1.033150
2.645617,5.102265,3.733958,6.489245,1.427590,1.427590
3.733958,5.102265,2.645617,6.489245,1.427590,1.427590
2.645617,6.326115,5.102260,5.208198,0.825002,0.825002
5.102260,6.326115,2.645617,5.208198,0.825002,0.825002
2.645617,6.047120,4.795815,5.244150,0.845340,0.845340
4.795815,6.047120,2.645617,5.244150,0.845340,0.845340
2.645617,7.200575,6.047118,5.174593,0.815896,0.815896
6.047118,7.200575,2.645617,5.174593,0.815896,0.815896
3.023562,4.948757,3.212526,8.357734,3.383789,3.383789
3.212526,4.948757,3.023562,8.357734,3.383789,3.383789
3.023562,5.416775,3.779450,6.276993,2.814374,2.814374
3.779450,5.416775,3.023562,6.276993,2.814374,2.814374
3.023562,5.738701,4.157402,5.567126,2.517374,2.517374
4.157402,5.738701,3.023562,5.567126,2.517374,2.517374
3.023562,6.569671,5.102260,5.186603,2.319590,2.319590
5.102260,6.569671,3.023562,5.186603,2.319590,2.319590
3.023562,7.427918,6.047118,5.151043,2.307058,2.307058
6.047118,7.427918,3.023562,5.151043,2.307058,2.307058
3.779450,5.996883,3.779452,5.848516,4.612467,4.612467
3.779452,5.996883,3.779450,5.848516,4.612467,4.612467
3.779452,6.300929,4.157402,5.516146,4.690566,4.690566
4.157402,6.300929,3.779452,5.516146,4.690566,4.690566
3.779452,7.092200,5.102260,5.213022,4.565244,4.565244
5.102260,7.092200,3.779452,5.213022,4.565244,4.565244
3.779452,7.917222,6.047118,5.174903,4.548159,4.548159
6.047118,7.917222,3.779452,5.174903,4.548159,4.548159
4.535343,7.653808,5.102260,5.220861,5.114320,5.114320
5.102260,7.653808,4.535343,5.220861,5.114320,5.114320
4.535343,8.445921,6.047118,5.235142,5.148535,5.148535
6.047118,8.445921,4.535343,5.235142,5.148535,5.148535
5.291233,9.007081,6.047118,5.204113,5.161891,5.161891
6.047118,9.007081,5.291233,5.204113,5.161891,5.161891
1.322810,2.922993,2.286569,25.382066,54.359954,54.359954
2.286569,2.922993,1.322810,25.382066,54.359954,54.359954
1.228318,2.861992,2.286569,25.996544,72.835669,72.835669
2.286569,2.861992,1.228318,25.996544,72.835669,72.835669
