R1,R2,R3,ETriat,E,ENew
1.511781,2.316189,1.511788,39.189477,62.977184,62.977184
1.511788,2.316189,1.511781,39.189477,62.977184,62.977184
1.511781,2.463939,1.700758,36.167471,48.685846,48.685846
1.700758,2.463939,1.511781,36.167471,48.685846,48.685846
1.511781,2.617011,1.889731,33.011306,40.626148,40.626148
1.889731,2.617011,1.511781,33.011306,40.626148,40.626148
1.511781,2.774500,2.078700,29.850409,35.866156,35.866156
2.078700,2.774500,1.511781,29.850409,35.866156,35.866156
1.511781,2.935719,2.267673,26.652049,32.757253,32.757253
2.267673,2.935719,1.511781,26.652049,32.757253,32.757253
1.511781,3.100063,2.456643,22.718556,29.726491,29.726491
2.456643,3.100063,1.511781,22.718556,29.726491,29.726491
1.511781,3.267082,2.645616,18.467865,26.702451,26.702451
2.645616,3.267082,1.511781,18.467865,26.702451,26.702451
1.511781,3.436365,2.834585,15.029765,24.548859,24.548859
2.834585,3.436365,1.511781,15.029765,24.548859,24.548859
1.511781,3.780543,3.212528,10.261318,22.036256,22.036256
3.212528,3.780543,1.511781,10.261318,22.036256,22.036256
1.511781,4.307457,3.779462,6.752342,20.504895,20.504895
3.779462,4.307457,1.511781,6.752342,20.504895,20.504895
1.511781,4.663936,4.157404,5.881273,20.116223,20.116223
4.157404,4.663936,1.511781,5.881273,20.116223,20.116223
1.511781,5.567531,5.102259,5.404851,19.844807,19.844807
5.102259,5.567531,1.511781,5.404851,19.844807,19.844807
1.511781,6.482900,6.047113,5.363052,19.834746,19.834746
6.047113,6.482900,1.511781,5.363052,19.834746,19.834746
1.889726,2.895234,1.889731,29.205274,20.995994,20.995994
1.889731,2.895234,1.889726,29.205274,20.995994,20.995994
1.889726,3.042413,2.078700,27.169098,17.341830,17.341830
2.078700,3.042413,1.889726,27.169098,17.341830,17.341830
1.889726,3.194008,2.267673,25.051915,15.233684,15.233684
2.267673,3.194008,1.889726,25.051915,15.233684,15.233684
1.889726,3.349392,2.456643,21.144404,12.107521,12.107521
2.456643,3.349392,1.889726,21.144404,12.107521,12.107521
1.889726,3.508087,2.645616,17.195712,9.236687,9.236687
2.645616,3.508087,1.889726,17.195712,9.236687,9.236687
1.889726,3.669639,2.834585,14.141258,7.305856,7.305856
2.834585,3.669639,1.889726,14.141258,7.305856,7.305856
1.889726,3.999970,3.212528,9.819523,4.949537,4.949537
3.212528,3.999970,1.889726,9.819523,4.949537,4.949537
1.889726,4.509530,3.779462,6.597361,3.478192,3.478192
3.779462,4.509530,1.889726,6.597361,3.478192,3.478192
1.889726,4.856293,4.157404,5.768824,3.091124,3.091124
4.157404,4.856293,1.889726,5.768824,3.091124,3.091124
1.889726,5.740444,5.102259,5.339817,2.856654,2.856654
5.102259,5.740444,1.889726,5.339817,2.856654,2.856654
1.889726,6.641334,6.047113,5.296249,2.842865,2.842865
6.047113,6.641334,1.889726,5.296249,2.842865,2.842865
2.267671,3.474278,2.267673,22.823840,11.129227,11.129227
2.267673,3.474278,2.267671,22.823840,11.129227,11.129227
2.267671,3.621070,2.456643,19.154631,8.073921,8.073921
2.456643,3.621070,2.267671,19.154631,8.073921,8.073921
2.267671,3.771632,2.645616,16.037344,5.863782,5.863782
2.645616,3.771632,2.267671,16.037344,5.863782,5.863782
2.267671,3.925504,2.834585,13.295733,4.087718,4.087718
2.834585,3.925504,2.267671,13.295733,4.087718,4.087718
2.267671,4.241780,3.212528,9.433725,1.956155,1.956155
3.212528,4.241780,2.267671,9.433725,1.956155,1.956155
2.267671,4.733204,3.779462,6.447306,0.578737,0.578737
3.779462,4.733204,2.267671,6.447306,0.578737,0.578737
2.267671,5.069571,4.157404,5.661198,0.214739,0.214739
4.157404,5.069571,2.267671,5.661198,0.214739,0.214739
2.267671,5.932426,5.102259,5.249468,-0.007155,-0.007155
5.102259,5.932426,2.267671,5.249468,-0.007155,-0.007155
2.267671,6.817060,6.047113,5.210840,-0.018039,-0.018039
6.047113,6.817060,2.267671,5.210840,-0.018039,-0.018039
2.645616,4.053322,2.645617,14.243720,5.282617,5.282617
2.645617,4.053322,2.645616,14.243720,5.282617,5.282617
2.645617,4.199833,2.834585,12.128509,4.016124,4.016124
2.834585,4.199833,2.645617,12.128509,4.016124,4.016124
2.645617,4.502368,3.212528,9.112359,2.584284,2.584284
3.212528,4.502368,2.645617,9.112359,2.584284,2.584284
2.645617,4.975567,3.779462,6.365291,1.377591,1.377591
3.779462,4.975567,2.645617,6.365291,1.377591,1.377591
2.645617,5.301246,4.157404,5.608073,1.035622,1.035622
4.157404,5.301246,2.645617,5.608073,1.035622,1.035622
2.645617,6.141690,5.102259,5.208198,0.822834,0.822834
5.102259,6.141690,2.645617,5.208198,0.822834,0.822834
2.645617,7.008780,6.047113,5.174663,0.815115,0.815115
6.047113,7.008780,2.645617,5.174663,0.815115,0.815115
3.023562,4.778664,3.212528,8.432303,3.449962,3.449962
3.212528,4.778664,3.023562,8.432303,3.449962,3.449962
3.023562,5.234023,3.779462,6.292403,2.825779,2.825779
3.779462,5.234023,3.023562,6.292403,2.825779,2.825779
3.023562,5.549013,4.157404,5.573321,2.519975,2.519975
4.157404,5.549013,3.023562,5.573321,2.519975,2.519975
3.023562,6.366530,5.102259,5.173799,2.304933,2.304933
5.102259,6.366530,3.023562,5.173799,2.304933,2.304933
3.023562,7.215218,6.047113,5.150357,2.305627,2.305627
6.047113,7.215218,3.023562,5.150357,2.305627,2.305627
3.779452,5.790468,3.779462,5.868036,4.628686,4.628686
3.779462,5.790468,3.779452,5.868036,4.628686,4.628686
3.779452,6.084841,4.157404,5.518794,4.690566,4.690566
4.157404,6.084841,3.779452,5.518794,4.690566,4.690566
3.779452,6.856710,5.102259,5.190425,4.541437,4.541437
5.102259,6.856710,3.779452,5.190425,4.541437,4.541437
3.779452,7.667410,6.047113,5.174835,4.547551,4.547551
6.047113,7.667410,3.779452,5.174835,4.547551,4.547551
4.535343,7.391819,5.102259,5.221952,5.114667,5.114667
5.102259,7.391819,4.535343,5.221952,5.114667,5.114667
4.535343,8.164662,6.047113,5.235167,5.148188,5.148188
6.047113,8.164662,4.535343,5.235167,5.148188,5.148188
5.291233,8.699253,6.047113,5.204622,5.162151,5.162151
6.047113,8.699253,5.291233,5.204622,5.162151,5.162151
