R1,R2,R3,ETriat,E,ENew
1.511781,1.606015,1.889727,53.656083,73.429541,73.429541
1.889727,1.606015,1.511781,53.656083,73.429541,73.429541
1.511781,1.732490,2.078699,47.567702,59.152166,59.152166
2.078699,1.732490,1.511781,47.567702,59.152166,59.152166
1.511781,1.869520,2.267666,41.537266,48.777605,48.777605
2.267666,1.869520,1.511781,41.537266,48.777605,48.777605
1.511781,2.014989,2.456648,36.260880,41.658821,41.658821
2.456648,2.014989,1.511781,36.260880,41.658821,41.658821
1.511781,2.167164,2.645615,31.694116,36.796707,36.796707
2.645615,2.167164,1.511781,31.694116,36.796707,36.796707
1.511781,2.324763,2.834587,27.276057,32.984914,32.984914
2.834587,2.324763,1.511781,27.276057,32.984914,32.984914
1.511781,2.652274,3.212537,18.692203,26.760516,26.760516
3.212537,2.652274,1.511781,18.692203,26.760516,26.760516
1.511781,3.164679,3.779443,10.643653,22.242495,22.242495
3.779443,3.164679,1.511781,10.643653,22.242495,22.242495
1.511781,3.515600,4.157393,7.885785,21.009220,21.009220
4.157393,3.515600,1.511781,7.885785,21.009220,21.009220
1.511781,4.412481,5.102264,5.634294,19.998793,19.998793
5.102264,4.412481,1.511781,5.634294,19.998793,19.998793
1.511781,5.325977,6.047124,5.397324,19.850834,19.850834
6.047124,5.325977,1.511781,5.397324,19.850834,19.850834
1.889726,1.745150,1.889727,53.924211,50.344350,50.344350
1.889727,1.745150,1.889726,53.924211,50.344350,50.344350
1.889726,1.889721,2.167801,45.811760,35.894560,35.894560
2.167801,1.889721,1.889726,45.811760,35.894560,35.894560
1.889726,1.840073,2.078699,48.614966,40.128849,40.128849
2.078699,1.840073,1.889726,48.614966,40.128849,40.128849
1.889726,1.948722,2.267666,42.691959,31.678440,31.678440
2.267666,1.948722,1.889726,42.691959,31.678440,31.678440
1.889726,2.068975,2.456648,37.286813,25.318182,25.318182
2.456648,2.068975,1.889726,37.286813,25.318182,25.318182
1.889726,2.198896,2.645615,32.594672,20.690841,20.690841
2.645615,2.198896,1.889726,32.594672,20.690841,20.690841
1.889726,2.336910,2.834587,27.736539,16.530227,16.530227
2.834587,2.336910,1.889726,27.736539,16.530227,16.530227
1.889726,2.631978,3.212537,18.989669,10.055661,10.055661
3.212537,2.631978,1.889726,18.989669,10.055661,10.055661
1.889726,3.108401,3.779443,11.044073,5.504728,5.504728
3.779443,3.108401,1.889726,11.044073,5.504728,5.504728
1.889726,3.441299,4.157393,8.175953,4.170414,4.170414
4.157393,3.441299,1.889726,8.175953,4.170414,4.170414
1.889726,4.306208,5.102264,5.609277,3.013589,3.013589
5.102264,4.306208,1.889726,5.609277,3.013589,3.013589
1.889726,5.199021,6.047124,5.330300,2.854530,2.854530
6.047124,5.199021,1.889726,5.330300,2.854530,2.854530
2.267666,2.094186,2.267671,39.553034,24.398689,24.398689
2.267671,2.094186,2.267666,39.553034,24.398689,24.398689
2.267671,2.267667,2.601368,31.826975,16.905630,16.905630
2.601368,2.267667,2.267671,31.826975,16.905630,16.905630
2.267671,2.187880,2.456648,35.553484,20.280096,20.280096
2.456648,2.187880,2.267671,35.553484,20.280096,20.280096
2.267671,2.293332,2.645615,30.743346,15.983536,15.983536
2.645615,2.293332,2.267671,30.743346,15.983536,15.983536
2.267671,2.409036,2.834587,26.272418,12.402614,12.402614
2.834587,2.409036,2.267671,26.272418,12.402614,12.402614
2.267671,2.665661,3.212537,18.497449,6.913541,6.913541
3.212537,2.665661,2.267671,18.497449,6.913541,6.913541
2.267671,3.097549,3.779443,11.036149,2.678515,2.678515
3.779443,3.097549,2.267671,11.036149,2.678515,2.678515
2.267671,3.407539,4.157393,8.254077,1.373255,1.373255
4.157393,3.407539,2.267671,8.254077,1.373255,1.373255
2.267671,4.231141,5.102264,5.577618,0.172719,0.172719
5.102264,4.231141,2.267671,5.577618,0.172719,0.172719
2.267671,5.096989,6.047124,5.249164,-0.005898,-0.005898
6.047124,5.096989,2.267671,5.249164,-0.005898,-0.005898
2.645615,2.443212,2.645617,25.776213,12.102881,12.102881
2.645617,2.443212,2.645615,25.776213,12.102881,12.102881
2.645618,2.645617,3.034925,19.440427,7.976959,7.976959
3.034925,2.645617,2.645618,19.440427,7.976959,7.976959
2.645617,2.536030,2.834587,22.603504,9.944779,9.944779
2.834587,2.536030,2.645617,22.603504,9.944779,9.944779
2.645617,2.834592,3.339505,15.263149,5.652469,5.652469
3.339505,2.834592,2.645617,15.263149,5.652469,5.652469
2.645617,2.751340,3.212537,16.880765,6.501192,6.501192
3.212537,2.751340,2.645617,16.880765,6.501192,6.501192
2.645617,3.132594,3.779443,10.664286,3.308422,3.308422
3.779443,3.132594,2.645617,10.664286,3.308422,3.308422
2.645617,3.779452,4.613409,6.421984,1.409984,1.409984
4.613409,3.779452,2.645617,6.421984,1.409984,1.409984
2.645617,3.415521,4.157393,8.150875,2.162005,2.162005
4.157393,3.415521,2.645617,8.150875,2.162005,2.162005
2.645617,4.188957,5.102264,5.580809,1.022092,1.022092
5.102264,4.188957,2.645617,5.580809,1.022092,1.022092
2.645617,5.021401,6.047124,5.214953,0.825956,0.825956
6.047124,5.021401,2.645617,5.214953,0.825956,0.825956
3.023562,2.884386,3.212537,14.379802,6.054281,6.054281
3.212537,2.884386,3.023562,14.379802,6.054281,6.054281
3.023562,3.212034,3.779443,9.824248,4.274748,4.274748
3.779443,3.212034,3.023562,9.824248,4.274748,4.274748
3.023562,3.464958,4.157393,7.833316,3.499961,3.499961
4.157393,3.464958,3.023562,7.833316,3.499961,3.499961
3.023562,4.180652,5.102264,5.571920,2.522404,2.522404
5.102264,4.180652,3.023562,5.571920,2.522404,2.522404
3.023562,4.973461,6.047124,5.183524,2.306841,2.306841
6.047124,4.973461,3.023562,5.183524,2.306841,2.306841
3.779443,3.490309,3.779452,7.408772,4.954090,4.954090
3.779452,3.490309,3.779443,7.408772,4.954090,4.954090
3.779461,3.779452,4.335617,6.227205,4.885098,4.885098
4.335617,3.779452,3.779461,6.227205,4.885098,4.885098
3.779452,3.680121,4.157393,6.498457,4.893163,4.893163
4.157393,3.680121,3.779452,6.498457,4.893163,4.893163
3.779452,4.265664,5.102264,5.502431,4.711728,4.711728
5.102264,4.265664,3.779452,5.502431,4.711728,4.711728
3.779452,4.963272,6.047124,5.210857,4.549850,4.549850
6.047124,4.963272,3.779452,5.210857,4.549850,4.549850
4.535343,4.478468,5.102264,5.350685,5.165013,5.165013
5.102264,4.478468,4.535343,5.350685,5.165013,5.165013
4.535343,5.067106,6.047124,5.240366,5.122039,5.122039
6.047124,5.067106,4.535343,5.240366,5.122039,5.122039
5.291233,5.278238,6.047124,5.233962,5.164796,5.164796
6.047124,5.278238,5.291233,5.233962,5.164796,5.164796
2.282033,6.000042,7.007163,5.209244,-0.021465,-0.021465
7.007163,6.000042,2.282033,5.209244,-0.021465,-0.021465
