R1,R2,R3,ETriat,E,ENew
1.511777,2.681929,1.511781,32.497493,57.283433,57.283433
1.511781,2.681929,1.511777,32.497493,57.283433,57.283433
1.511781,2.850893,1.700760,30.300603,44.232482,44.232482
1.700760,2.850893,1.511781,30.300603,44.232482,44.232482
1.511781,3.022220,1.889727,27.964906,37.194312,37.194312
1.889727,3.022220,1.511781,27.964906,37.194312,37.194312
1.511781,3.195531,2.078699,25.591499,33.271725,33.271725
2.078699,3.195531,1.511781,25.591499,33.271725,33.271725
1.511781,3.370530,2.267666,23.159140,30.863975,30.863975
2.267666,3.370530,1.511781,23.159140,30.863975,30.863975
1.511781,3.546974,2.456648,20.297659,28.746853,28.746853
2.456648,3.546974,1.511781,20.297659,28.746853,28.746853
1.511781,3.724637,2.645615,16.747938,26.195655,26.195655
2.645615,3.724637,1.511781,16.747938,26.195655,26.195655
1.511781,3.903359,2.834587,13.804086,24.272500,24.272500
2.834587,3.903359,1.511781,13.804086,24.272500,24.272500
1.511781,4.263472,3.212537,9.748670,21.984089,21.984089
3.212537,4.263472,1.511781,9.748670,21.984089,21.984089
1.511781,4.808757,3.779443,6.697406,20.536941,20.536941
3.779443,4.808757,1.511781,6.697406,20.536941,20.536941
1.511781,5.174876,4.157393,5.890492,20.149873,20.149873
4.157393,5.174876,1.511781,5.890492,20.149873,20.149873
1.511781,6.096488,5.102264,5.418270,19.867096,19.867096
5.102264,6.096488,1.511781,5.418270,19.867096,19.867096
1.511781,7.024269,6.047124,5.361644,19.836958,19.836958
6.047124,7.024269,1.511781,5.361644,19.836958,19.836958
1.889726,3.352419,1.889727,25.326985,18.825316,18.825316
1.889727,3.352419,1.889726,25.326985,18.825316,18.825316
1.889726,3.521113,2.078699,23.923803,15.696856,15.696856
2.078699,3.521113,1.889726,23.923803,15.696856,15.696856
1.889726,3.691779,2.267666,22.524206,14.115453,14.115453
2.267666,3.691779,1.889726,22.524206,14.115453,14.115453
1.889726,3.864158,2.456648,19.326110,11.451249,11.451249
2.456648,3.864158,1.889726,19.326110,11.451249,11.451249
1.889726,4.038013,2.645615,15.753048,8.687263,8.687263
2.645615,4.038013,1.889726,15.753048,8.687263,8.687263
1.889726,4.213164,2.834587,13.123200,6.926290,6.926290
2.834587,4.213164,1.889726,13.123200,6.926290,6.926290
1.889726,4.566794,3.212537,9.457016,4.848065,4.848065
3.212537,4.566794,1.889726,9.457016,4.848065,4.848065
1.889726,5.103758,3.779443,6.533650,3.458245,3.458245
3.779443,5.103758,1.889726,6.533650,3.458245,3.458245
1.889726,5.465109,4.157393,5.761085,3.100534,3.100534
4.157393,5.465109,1.889726,5.761085,3.100534,3.100534
1.889726,6.376903,5.102264,5.334212,2.859950,2.859950
5.102264,6.376903,1.889726,5.334212,2.859950,2.859950
1.889726,7.297104,6.047124,5.293612,2.843689,2.843689
6.047124,7.297104,1.889726,5.293612,2.843689,2.843689
2.267666,4.022893,2.267671,20.355606,9.631387,9.631387
2.267671,4.022893,2.267666,20.355606,9.631387,9.631387
2.267671,4.191430,2.456648,17.756511,7.405117,7.405117
2.456648,4.191430,2.267671,17.756511,7.405117,7.405117
2.267671,4.361635,2.645615,14.929962,5.268220,5.268220
2.645615,4.361635,2.267671,14.929962,5.268220,5.268220
2.267671,4.533319,2.834587,12.585106,3.712359,3.712359
2.834587,4.533319,2.267671,12.585106,3.712359,3.712359
2.267671,4.880543,3.212537,9.167424,1.808500,1.808500
3.212537,4.880543,2.267671,9.167424,1.808500,1.808500
2.267671,5.409088,3.779443,6.387681,0.542702,0.542702
3.779443,5.409088,2.267671,6.387681,0.542702,0.542702
2.267671,5.765516,4.157393,5.644212,0.212744,0.212744
4.157393,5.765516,2.267671,5.644212,0.212744,0.212744
2.267671,6.666956,5.102264,5.243812,-0.004640,-0.004640
5.102264,6.666956,2.267671,5.243812,-0.004640,-0.004640
2.267671,7.578970,6.047124,5.209170,-0.016565,-0.016565
6.047124,7.578970,2.267671,5.209170,-0.016565,-0.016565
2.645615,4.693384,2.645617,12.900250,4.166684,4.166684
2.645617,4.693384,2.645615,12.900250,4.166684,4.166684
2.645617,4.861779,2.834587,11.556860,3.583437,3.583437
2.834587,4.861779,2.645617,11.556860,3.583437,3.583437
2.645617,5.202835,3.212537,8.842023,2.361610,2.361610
3.212537,5.202835,2.645617,8.842023,2.361610,2.361610
2.645617,5.723094,3.779443,6.292611,1.322085,1.322085
3.779443,5.723094,2.645617,6.292611,1.322085,1.322085
2.645617,6.074588,4.157393,5.580719,1.022396,1.022396
4.157393,6.074588,2.645617,5.580719,1.022396,1.022396
2.645617,6.965444,5.102264,5.206982,0.828645,0.828645
5.102264,6.965444,2.645617,5.206982,0.828645,0.828645
2.645617,7.868896,6.047124,5.174287,0.817500,0.817500
6.047124,7.868896,2.645617,5.174287,0.817500,0.817500
3.023562,5.532175,3.212537,8.232414,3.273037,3.273037
3.212537,5.532175,3.023562,8.232414,3.273037,3.273037
3.023562,6.044424,3.779443,6.199613,2.748201,2.748201
3.779443,6.044424,3.023562,6.199613,2.748201,2.748201
3.023562,6.391067,4.157393,5.537374,2.496689,2.496689
4.157393,6.391067,3.023562,5.537374,2.496689,2.496689
3.023562,7.271327,5.102264,5.184716,2.321628,2.321628
5.102264,7.271327,3.023562,5.184716,2.321628,2.321628
3.023562,8.166024,6.047124,5.151242,2.308879,2.308879
6.047124,8.166024,3.023562,5.151242,2.308879,2.308879
3.779443,6.704822,3.779452,5.794234,4.565634,4.565634
3.779452,6.704822,3.779443,5.794234,4.565634,4.565634
3.779452,7.042233,4.157393,5.473782,4.653707,4.653707
4.157393,7.042233,3.779452,5.473782,4.653707,4.653707
3.779452,7.901824,5.102264,5.211326,4.565981,4.565981
5.102264,7.901824,3.779452,5.211326,4.565981,4.565981
3.779452,8.778945,6.047124,5.175298,4.549676,4.549676
6.047124,8.778945,3.779452,5.175298,4.549676,4.549676
4.535343,8.552671,5.102264,5.219121,5.114060,5.114060
5.102264,8.552671,4.535343,5.219121,5.114060,5.114060
4.535343,9.412679,6.047124,5.234042,5.148188,5.148188
6.047124,9.412679,4.535343,5.234042,5.148188,5.148188
5.291233,10.063296,6.047124,5.202270,5.160547,5.160547
6.047124,10.063296,5.291233,5.202270,5.160547,5.160547
