R1,R2,R3,ETriat,E,ENew
1.511781,1.943512,1.511788,51.389354,77.077026,77.077026
1.511788,1.943512,1.511781,51.389354,77.077026,77.077026
1.511781,2.070054,1.700758,47.799165,60.670864,60.670864
1.700758,2.070054,1.511781,47.799165,60.670864,60.670864
1.511781,2.205534,1.889731,43.451726,50.369632,50.369632
1.889731,2.205534,1.511781,43.451726,50.369632,50.369632
1.511781,2.348426,2.078700,38.901371,43.583668,43.583668
2.078700,2.348426,1.511781,38.901371,43.583668,43.583668
1.511781,2.497439,2.267673,33.732302,38.172086,38.172086
2.267673,2.497439,1.511781,33.732302,38.172086,38.172086
1.511781,2.651559,2.456643,27.612268,32.829844,32.829844
2.456643,2.651559,1.511781,27.612268,32.829844,32.829844
1.511781,2.809930,2.645616,22.330322,28.791301,28.791301
2.645616,2.809930,1.511781,22.330322,28.791301,28.791301
1.511781,2.971886,2.834585,18.100659,25.969294,25.969294
2.834585,2.971886,1.511781,18.100659,25.969294,25.969294
1.511781,3.304411,3.212528,12.078241,22.669632,22.669632
3.212528,3.304411,1.511781,12.078241,22.669632,22.669632
1.511781,3.819089,3.779462,7.336466,20.670850,20.670850
3.779462,3.819089,1.511781,7.336466,20.670850,20.670850
1.511781,4.169734,4.157404,6.080410,20.173333,20.173333
4.157404,4.169734,1.511781,6.080410,20.173333,20.173333
1.511781,5.063562,5.102259,5.400619,19.829109,19.829109
5.102259,5.063562,1.511781,5.400619,19.829109,19.829109
1.511781,5.973117,6.047113,5.365685,19.831321,19.831321
6.047113,5.973117,1.511781,5.365685,19.831321,19.831321
1.889726,2.429386,1.889731,38.164126,28.274747,28.274747
1.889731,2.429386,1.889726,38.164126,28.274747,28.274747
1.889726,2.554964,2.078700,34.980215,23.241345,23.241345
2.078700,2.554964,1.889726,34.980215,23.241345,23.241345
1.889726,2.687960,2.267673,30.960697,19.140227,19.140227
2.267673,2.687960,1.889726,30.960697,19.140227,19.140227
1.889726,2.827348,2.456643,25.595828,14.584089,14.584089
2.456643,2.827348,1.889726,25.595828,14.584089,14.584089
1.889726,2.972209,2.645616,20.846438,11.041067,11.041067
2.645616,2.972209,1.889726,20.846438,11.041067,11.041067
1.889726,3.121799,2.834585,16.969898,8.500581,8.500581
2.834585,3.121799,1.889726,16.969898,8.500581,8.500581
1.889726,3.432644,3.212528,11.436589,5.500434,5.500434
3.212528,3.432644,1.889726,11.436589,5.500434,5.500434
1.889726,3.921088,3.779462,7.105704,3.650218,3.650218
3.779462,3.921088,1.889726,7.105704,3.650218,3.650218
1.889726,4.257531,4.157404,5.961592,3.173690,3.173690
4.157404,4.257531,1.889726,5.961592,3.173690,3.173690
1.889726,5.124014,5.102259,5.355263,2.859039,2.859039
5.102259,5.124014,1.889726,5.355263,2.859039,2.859039
1.889726,6.014148,6.047113,5.301134,2.841000,2.841000
6.047113,6.014148,1.889726,5.301134,2.841000,2.841000
2.267671,2.915260,2.267673,26.772747,13.091757,13.091757
2.267673,2.915260,2.267671,26.772747,13.091757,13.091757
2.267671,3.040183,2.456643,23.107083,10.178859,10.178859
2.456643,3.040183,2.267671,23.107083,10.178859,10.178859
2.267671,3.171440,2.645616,19.102340,7.293150,7.293150
2.645616,3.171440,2.267671,19.102340,7.293150,7.293150
2.267671,3.308298,2.834585,15.700356,5.119698,5.119698
2.834585,3.308298,2.267671,15.700356,5.119698,5.119698
2.267671,3.596198,3.212528,10.730261,2.441703,2.441703
3.212528,3.596198,2.267671,10.730261,2.441703,2.441703
2.267671,4.055874,3.779462,6.833306,0.736019,0.736019
3.779462,4.055874,2.267671,6.833306,0.736019,0.736019
2.267671,4.376315,4.157404,5.806499,0.285770,0.285770
4.157404,4.376315,2.267671,5.806499,0.285770,0.285770
2.267671,5.211245,5.102259,5.265835,-0.004900,-0.004900
5.102259,5.211245,2.267671,5.265835,-0.004900,-0.004900
2.267671,6.078446,6.047113,5.215747,-0.020164,-0.020164
6.047113,6.078446,2.267671,5.215747,-0.020164,-0.020164
2.645616,3.401135,2.645617,16.306485,6.138277,6.138277
2.645617,3.401135,2.645616,16.306485,6.138277,6.138277
2.645617,3.525582,2.834585,14.128211,5.054955,5.054955
2.834585,3.525582,2.645617,14.128211,5.054955,5.054955
2.645617,3.790504,3.212528,10.066404,3.022609,3.022609
3.212528,3.790504,2.645617,10.066404,3.022609,3.022609
2.645617,4.220305,3.779462,6.632646,1.512020,1.512020
3.779462,4.220305,2.645617,6.632646,1.512020,1.512020
2.645617,4.523647,4.157404,5.717239,1.098717,1.098717
4.157404,4.523647,2.645617,5.717239,1.098717,1.098717
2.645617,5.323937,5.102259,5.217521,0.817630,0.817630
5.102259,5.323937,2.645617,5.217521,0.817630,0.817630
2.645617,6.165284,6.047113,5.178441,0.811950,0.811950
6.047113,6.165284,2.645617,5.178441,0.811950,0.811950
3.023562,4.011096,3.212528,9.118920,3.865044,3.865044
3.212528,4.011096,3.023562,9.118920,3.865044,3.865044
3.023562,4.411068,3.779462,6.490494,2.955134,2.955134
3.779462,4.411068,3.023562,6.490494,2.955134,2.955134
3.023562,4.696842,4.157404,5.654971,2.572142,2.572142
4.157404,4.696842,3.023562,5.654971,2.572142,2.572142
3.023562,5.460516,5.102259,5.180986,2.297908,2.297908
5.102259,5.460516,3.023562,5.180986,2.297908,2.297908
3.023562,6.273726,6.047113,5.151756,2.300466,2.300466
6.047113,6.273726,3.023562,5.151756,2.300466,2.300466
3.779452,4.858772,3.779462,6.006754,4.744164,4.744164
3.779462,4.858772,3.779452,6.006754,4.744164,4.744164
3.779452,5.109917,4.157404,5.577447,4.730331,4.730331
4.157404,5.109917,3.779452,5.577447,4.730331,4.730331
3.779452,5.798287,5.102259,5.201997,4.541394,4.541394
5.102259,5.798287,3.779452,5.201997,4.541394,4.541394
3.779452,6.550916,6.047113,5.162025,4.529469,4.529469
6.047113,6.550916,3.779452,5.162025,4.529469,4.529469
4.535343,6.210134,5.102259,5.238685,5.123470,5.123470
5.102259,6.210134,4.535343,5.238685,5.123470,5.123470
4.535343,6.900153,6.047113,5.239182,5.148361,5.148361
6.047113,6.900153,4.535343,5.239182,5.148361,5.148361
5.291233,7.311119,6.047113,5.207219,5.162108,5.162108
6.047113,7.311119,5.291233,5.207219,5.162108,5.162108
