R1,R2,R3,ETriat,E,ENew
1.511781,2.997695,1.511782,32.557978,58.615968,58.615968
1.511782,2.997695,1.511781,32.557978,58.615968,58.615968
1.511781,3.185141,1.700749,30.543901,45.792506,45.792506
1.700749,3.185141,1.511781,30.543901,45.792506,45.792506
1.511781,3.372776,1.889734,28.334471,38.822808,38.822808
1.889734,3.372776,1.511781,28.334471,38.822808,38.822808
1.511781,3.560534,2.078701,26.071947,34.869822,34.869822
2.078701,3.560534,1.511781,26.071947,34.869822,34.869822
1.511781,3.748415,2.267668,22.948113,31.569900,31.569900
2.267668,3.748415,1.511781,22.948113,31.569900,31.569900
1.511781,3.936399,2.456635,19.110465,28.251938,28.251938
2.456635,3.936399,1.511781,19.110465,28.251938,28.251938
1.511781,4.124495,2.645625,15.710375,25.637992,25.637992
2.645625,4.124495,1.511781,15.710375,25.637992,25.637992
1.511781,4.312647,2.834592,13.037180,23.810672,23.810672
2.834592,4.312647,1.511781,13.037180,23.810672,23.810672
1.511781,4.689148,3.212526,9.346834,21.678458,21.678458
3.212526,4.689148,1.511781,9.346834,21.678458,21.678458
1.511781,5.254307,3.779450,6.511210,20.365913,20.365913
3.779450,5.254307,1.511781,6.511210,20.365913,20.365913
1.511781,5.631281,4.157402,5.765826,20.034958,20.034958
4.157402,5.631281,1.511781,5.765826,20.034958,20.034958
1.511781,6.574183,5.102260,5.375339,19.829239,19.829239
5.102260,6.574183,1.511781,5.375339,19.829239,19.829239
1.511781,7.517576,6.047118,5.346269,19.823428,19.823428
6.047118,7.517576,1.511781,5.346269,19.823428,19.823428
1.889726,3.747127,1.889734,25.397653,19.867356,19.867356
1.889734,3.747127,1.889726,25.397653,19.867356,19.867356
1.889726,3.934554,2.078701,23.737307,16.265793,16.265793
2.078701,3.934554,1.889726,23.737307,16.265793,16.265793
1.889726,4.122123,2.267668,20.883086,13.014395,13.014395
2.267668,4.122123,1.889726,20.883086,13.014395,13.014395
1.889726,4.309814,2.456635,17.738152,10.218017,10.218017
2.456635,4.309814,1.889726,17.738152,10.218017,10.218017
1.889726,4.497633,2.645625,14.725675,7.874360,7.874360
2.645625,4.497633,1.889726,14.725675,7.874360,7.874360
1.889726,4.685524,2.834592,12.441077,6.364161,6.364161
2.834592,4.685524,1.889726,12.441077,6.364161,6.364161
1.889726,5.061548,3.212526,9.067481,4.491742,4.491742
3.212526,5.061548,1.889726,9.067481,4.491742,4.491742
1.889726,5.626085,3.779450,6.376803,3.312888,3.312888
3.779450,5.626085,1.889726,6.376803,3.312888,3.312888
1.889726,6.002697,4.157402,5.670462,3.019530,3.019530
4.157402,6.002697,1.889726,5.670462,3.019530,3.019530
1.889726,6.944840,5.102260,5.312035,2.841997,2.841997
5.102260,6.944840,1.889726,5.312035,2.841997,2.841997
1.889726,7.887632,6.047118,5.287347,2.839005,2.839005
6.047118,7.887632,1.889726,5.287347,2.839005,2.839005
2.267668,4.496540,2.267671,18.014469,7.517950,7.517950
2.267671,4.496540,2.267668,18.014469,7.517950,7.517950
2.267671,4.683955,2.456635,15.829908,5.609972,5.609972
2.456635,4.683955,2.267671,15.829908,5.609972,5.609972
2.267671,4.871512,2.645625,13.664191,4.074059,4.074059
2.645625,4.871512,2.267671,13.664191,4.074059,4.074059
2.267671,5.059154,2.834592,11.756286,2.921961,2.921961
2.834592,5.059154,2.267671,11.756286,2.921961,2.921961
2.267671,5.434713,3.212526,8.775216,1.431623,1.431623
3.212526,5.434713,2.267671,8.775216,1.431623,1.431623
2.267671,5.998634,3.779450,6.240353,0.406105,0.406105
3.779450,5.998634,2.267671,6.240353,0.406105,0.406105
2.267671,6.374880,4.157402,5.565522,0.142494,0.142494
4.157402,6.374880,2.267671,5.565522,0.142494,0.142494
2.267671,7.316242,5.102260,5.230672,-0.014440,-0.014440
5.102260,7.316242,2.267671,5.230672,-0.014440,-0.014440
2.267671,8.258403,6.047118,5.205944,-0.018473,-0.018473
6.047118,8.258403,2.267671,5.205944,-0.018473,-0.018473
2.645617,5.245974,2.645625,11.768181,3.057994,3.057994
2.645625,5.245974,2.645617,11.768181,3.057994,3.057994
2.645617,5.433381,2.834592,10.625238,2.668064,2.668064
2.834592,5.433381,2.645617,10.625238,2.668064,2.668064
2.645617,5.808497,3.212526,8.408627,1.940457,1.940457
3.212526,5.808497,2.645617,8.408627,1.940457,1.940457
2.645617,6.371818,3.779450,6.132052,1.170701,1.170701
3.779450,6.371818,2.645617,6.132052,1.170701,1.170701
2.645617,6.747705,4.157402,5.506205,0.954531,0.954531
4.157402,6.747705,2.645617,5.506205,0.954531,0.954531
2.645617,7.688283,5.102260,5.198543,0.822791,0.822791
5.102260,7.688283,2.645617,5.198543,0.822791,0.822791
2.645617,8.629796,6.047118,5.172861,0.817153,0.817153
6.047118,8.629796,2.645617,5.172861,0.817153,0.817153
3.023562,6.182787,3.212526,7.809286,2.860557,2.860557
3.212526,6.182787,3.023562,7.809286,2.860557,2.860557
3.023562,6.745532,3.779450,6.027334,2.582984,2.582984
3.779450,6.745532,3.023562,6.027334,2.582984,2.582984
3.023562,7.121069,4.157402,5.452389,2.416639,2.416639
4.157402,7.121069,3.023562,5.452389,2.416639,2.416639
3.023562,8.060872,5.102260,5.177308,2.316207,2.316207
5.102260,8.060872,3.023562,5.177308,2.316207,2.316207
3.023562,9.001735,6.047118,5.150713,2.309226,2.309226
6.047118,9.001735,3.023562,5.150713,2.309226,2.309226
3.779450,7.494234,3.779452,5.700904,4.475957,4.475957
3.779452,7.494234,3.779450,5.700904,4.475957,4.475957
3.779452,7.869109,4.157402,5.421741,4.604272,4.604272
4.157402,7.869109,3.779452,5.421741,4.604272,4.604272
3.779452,8.807421,5.102260,5.201087,4.556918,4.556918
5.102260,8.807421,3.779452,5.201087,4.556918,4.556918
3.779452,9.746998,6.047118,5.176075,4.551021,4.551021
6.047118,9.746998,3.779452,5.176075,4.551021,4.551021
4.535343,9.555439,5.102260,5.231514,5.127156,5.127156
5.102260,9.555439,4.535343,5.231514,5.127156,5.127156
4.535343,10.493782,6.047118,5.209738,5.124251,5.124251
6.047118,10.493782,4.535343,5.209738,5.124251,5.124251
5.291233,11.241783,6.047118,5.200556,5.159072,5.159072
6.047118,11.241783,5.291233,5.200556,5.159072,5.159072
