R1,R2,R3,ETriat,E,ENew
1.511781,1.961397,1.700749,51.503677,65.421012,65.421012
1.700749,1.961397,1.511781,51.503677,65.421012,65.421012
1.511781,2.092309,1.889734,47.109494,54.445555,54.445555
1.889734,2.092309,1.511781,47.109494,54.445555,54.445555
1.511781,2.231544,2.078701,42.274903,46.943563,46.943563
2.078701,2.231544,1.511781,42.274903,46.943563,46.943563
1.511781,2.267671,2.128418,40.966566,45.343210,45.343210
2.128418,2.267671,1.511781,40.966566,45.343210,45.343210
1.511781,2.377654,2.267668,36.299572,40.457289,40.457289
2.267668,2.377654,1.511781,36.299572,40.457289,40.457289
1.511781,2.529448,2.456635,29.571414,34.360251,34.360251
2.456635,2.529448,1.511781,29.571414,34.360251,34.360251
1.511781,2.685974,2.645625,23.929790,29.896305,29.896305
2.645625,2.685974,1.511781,23.929790,29.896305,29.896305
1.511781,2.846430,2.834592,19.402913,26.761513,26.761513
2.834592,2.846430,1.511781,19.402913,26.761513,26.761513
1.511781,3.176765,3.212526,12.926676,23.070924,23.070924
3.212526,3.176765,1.511781,12.926676,23.070924,23.070924
1.511781,3.689456,3.779450,7.704358,20.815686,20.815686
3.779450,3.689456,1.511781,7.704358,20.815686,20.815686
1.511781,4.039318,4.157402,6.248889,20.247139,20.247139
4.157402,4.039318,1.511781,6.248889,20.247139,20.247139
1.511781,4.932114,5.102260,5.413481,19.837565,19.837565
5.102260,4.932114,1.511781,5.413481,19.837565,19.837565
1.511781,5.841311,6.047118,5.368304,19.831841,19.831841
6.047118,5.841311,1.511781,5.368304,19.831841,19.831841
1.889726,2.300790,1.889734,41.737853,31.665258,31.665258
1.889734,2.300790,1.889726,41.737853,31.665258,31.665258
1.889726,2.420475,2.078701,38.155831,26.036379,26.036379
2.078701,2.420475,1.889726,38.155831,26.036379,26.036379
1.889726,2.548564,2.267668,33.422297,21.095645,21.095645
2.267668,2.548564,1.889726,33.422297,21.095645,21.095645
1.889726,2.683855,2.456635,27.584611,15.999277,15.999277
2.456635,2.683855,1.889726,27.584611,15.999277,15.999277
1.889726,2.825322,2.645625,22.475307,12.072570,12.072570
2.645625,2.825322,1.889726,22.475307,12.072570,12.072570
1.889726,2.834588,2.660516,22.138009,11.829297,11.829297
2.660516,2.834588,1.889726,22.138009,11.829297,11.829297
1.889726,2.972068,2.834592,18.303643,9.246660,9.246660
2.834592,2.972068,1.889726,18.303643,9.246660,9.246660
1.889726,3.278555,3.212526,12.305779,5.883947,5.883947
3.212526,3.278555,1.889726,12.305779,5.883947,5.883947
1.889726,3.762746,3.779450,7.472000,3.790197,3.790197
3.779450,3.762746,1.889726,7.472000,3.790197,3.790197
1.889726,4.097357,4.157402,6.129289,3.247755,3.247755
4.157402,4.097357,1.889726,6.129289,3.247755,3.247755
1.889726,4.961163,5.102260,5.367173,2.865978,2.865978
5.102260,4.961163,1.889726,5.367173,2.865978,2.865978
1.889726,5.850081,6.047118,5.303477,2.840783,2.840783
6.047118,5.850081,1.889726,5.303477,2.840783,2.840783
2.267668,2.760943,2.267671,28.952405,14.643975,14.643975
2.267671,2.760943,2.267668,28.952405,14.643975,14.643975
2.267671,2.879885,2.456635,24.943287,11.369160,11.369160
2.456635,2.879885,2.267671,24.943287,11.369160,11.369160
2.267671,3.006015,2.645625,20.664734,8.218237,8.218237
2.645625,3.006015,2.267671,20.664734,8.218237,8.218237
2.267671,3.138455,2.834592,16.981696,5.798649,5.798649
2.834592,3.138455,2.267671,16.981696,5.798649,5.798649
2.267671,3.419313,3.212526,11.542493,2.790784,2.790784
3.212526,3.419313,2.267671,11.542493,2.790784,2.790784
2.267671,3.871707,3.779450,7.159457,0.865201,0.865201
3.779450,3.871707,2.267671,7.159457,0.865201,0.865201
2.267671,4.188825,4.157402,5.953716,0.354588,0.354588
4.157402,4.188825,2.267671,5.953716,0.354588,0.354588
2.267671,5.018586,5.102260,5.278059,0.002125,0.002125
5.102260,5.018586,2.267671,5.278059,0.002125,0.002125
2.267671,5.883168,6.047118,5.218238,-0.020598,-0.020598
6.047118,5.883168,2.267671,5.218238,-0.020598,-0.020598
2.645617,3.221101,2.645625,17.597194,6.836266,6.836266
2.645625,3.221101,2.645617,17.597194,6.836266,6.836266
2.645617,3.339505,2.834592,15.263149,5.652469,5.652469
2.834592,3.339505,2.645617,15.263149,5.652469,5.652469
2.645617,3.594462,3.212526,10.763133,3.338863,3.338863
3.212526,3.594462,2.645617,10.763133,3.338863,3.338863
2.645617,4.013435,3.779450,6.891292,1.624853,1.624853
3.779450,4.013435,2.645617,6.891292,1.624853,1.624853
2.645617,4.311596,4.157402,5.831858,1.157735,1.157735
4.157402,4.311596,2.645617,5.831858,1.157735,1.157735
2.645617,5.102260,5.103426,5.227494,0.822314,0.822314
5.103426,5.102260,2.645617,5.227494,0.822314,0.822314
2.645617,5.940166,6.047118,5.181126,0.811473,0.811473
6.047118,5.940166,2.645617,5.181126,0.811473,0.811473
2.645617,6.047113,6.165284,5.178441,0.811950,0.811950
6.165284,6.047113,2.645617,5.178441,0.811950,0.811950
3.023562,3.799251,3.212526,9.754699,4.238625,4.238625
3.212526,3.799251,3.023562,9.754699,4.238625,4.238625
3.023562,4.184601,3.779450,6.680200,3.054308,3.054308
3.779450,4.184601,3.023562,6.680200,3.054308,3.054308
3.023562,4.463088,4.157402,5.737028,2.620667,2.620667
4.157402,4.463088,3.023562,5.737028,2.620667,2.620667
3.023562,5.102258,4.962088,5.214904,2.319243,2.319243
4.962088,5.102258,3.023562,5.214904,2.319243,2.319243
3.023562,5.214346,5.102260,5.192931,2.304456,2.304456
5.102260,5.214346,3.023562,5.192931,2.304456,2.304456
3.023562,6.020395,6.047118,5.153795,2.299252,2.299252
6.047118,6.020395,3.023562,5.153795,2.299252,2.299252
3.779450,4.601565,3.779452,6.071495,4.787962,4.787962
3.779452,4.601565,3.779450,6.071495,4.787962,4.787962
3.779452,4.840950,4.157402,5.603491,4.746549,4.746549
4.157402,4.840950,3.779452,5.603491,4.746549,4.746549
3.779452,5.507752,5.102260,5.211805,4.545730,4.545730
5.102260,5.507752,3.779452,5.211805,4.545730,4.545730
3.779452,6.246710,6.047118,5.162513,4.526953,4.526953
6.047118,6.246710,3.779452,5.162513,4.526953,4.526953
4.535343,5.884217,5.102260,5.248187,5.128370,5.128370
5.102260,5.884217,4.535343,5.248187,5.128370,5.128370
4.535343,6.552890,6.047118,5.243636,5.150443,5.150443
6.047118,6.552890,4.535343,5.243636,5.150443,5.150443
5.291233,6.928353,6.047118,5.208639,5.161847,5.161847
6.047118,6.928353,5.291233,5.208639,5.161847,5.161847
