R1,R2,R3,ETriat,E,ENew
1.511780,2.920536,1.511781,31.733969,57.480609,57.480609
1.511781,2.920536,1.511780,31.733969,57.480609,57.480609
1.511781,3.103450,1.700749,29.753947,44.696564,44.696564
1.700749,3.103450,1.511781,29.753947,44.696564,44.696564
1.511781,3.287068,1.889734,27.604049,37.814896,37.814896
1.889734,3.287068,1.511781,27.604049,37.814896,37.814896
1.511781,3.471243,2.078702,25.424320,33.990962,33.990962
2.078702,3.471243,1.511781,25.424320,33.990962,33.990962
1.511781,3.655908,2.267671,22.799334,31.245016,31.245016
2.267671,3.655908,1.511781,22.799334,31.245016,31.245016
1.511781,3.840992,2.456639,19.589788,28.609041,28.609041
2.456639,3.840992,1.511781,19.589788,28.609041,28.609041
1.511781,4.026454,2.645624,16.067233,25.917604,25.917604
2.645624,4.026454,1.511781,16.067233,25.917604,25.917604
1.511781,4.212211,2.834592,13.301144,24.030138,24.030138
2.834592,4.212211,1.511781,13.301144,24.030138,24.030138
1.511781,4.584514,3.212529,9.499837,21.819739,21.819739
3.212529,4.584514,1.511781,9.499837,21.819739,21.819739
1.511781,5.144526,3.779451,6.590437,20.442494,20.442494
3.779451,5.144526,1.511781,6.590437,20.442494,20.442494
1.511781,5.518658,4.157404,5.818033,20.084957,20.084957
4.157404,5.518658,1.511781,5.818033,20.084957,20.084957
1.511781,6.455908,5.102263,5.392016,19.844894,19.844894
5.102263,6.455908,1.511781,5.392016,19.844894,19.844894
1.511781,7.395095,6.047121,5.351888,19.828675,19.828675
6.047121,7.395095,1.511781,5.351888,19.828675,19.828675
1.889726,3.650679,1.889734,25.085995,19.370967,19.370967
1.889734,3.650679,1.889726,25.085995,19.370967,19.370967
1.889726,3.833520,2.078702,23.727786,16.125380,16.125380
2.078702,3.833520,1.889726,23.727786,16.125380,16.125380
1.889726,4.016928,2.267671,21.489723,13.536716,13.536716
2.267671,4.016928,1.889726,21.489723,13.536716,13.536716
1.889726,4.200829,2.456639,18.143973,10.574383,10.574383
2.456639,4.200829,1.889726,18.143973,10.574383,10.574383
1.889726,4.385179,2.645624,15.068417,8.190484,8.190484
2.645624,4.385179,1.889726,15.068417,8.190484,8.190484
1.889726,4.569890,2.834592,12.698671,6.608301,6.608301
2.834592,4.569890,1.889726,12.698671,6.608301,6.608301
1.889726,4.940277,3.212529,9.204757,4.625000,4.625000
3.212529,4.940277,1.889726,9.204757,4.625000,4.625000
1.889726,5.497803,3.779451,6.435446,3.369001,3.369001
3.779451,5.497803,1.889726,6.435446,3.369001,3.369001
1.889726,5.870493,4.157404,5.704389,3.051403,3.051403
4.157404,5.870493,1.889726,5.704389,3.051403,3.051403
1.889726,6.804732,5.102263,5.319516,2.848675,2.848675
5.102263,6.804732,1.889726,5.319516,2.848675,2.848675
1.889726,7.741549,6.047121,5.289389,2.840740,2.840740
6.047121,7.741549,1.889726,5.289389,2.840740,2.840740
2.267671,4.380804,2.267671,18.714680,8.190484,8.190484
2.267671,4.380804,2.267671,18.714680,8.190484,8.190484
2.267671,4.563595,2.456639,16.367229,6.133074,6.133074
2.456639,4.563595,2.267671,16.367229,6.133074,6.133074
2.267671,4.746888,2.645624,14.039699,4.442220,4.442220
2.645624,4.746888,2.267671,14.039699,4.442220,4.442220
2.267671,4.930592,2.834592,12.013652,3.174990,3.174990
2.834592,4.930592,2.267671,12.013652,3.174990,3.174990
2.267671,5.299112,3.212529,8.904962,1.558463,1.558463
3.212529,5.299112,2.267671,8.904962,1.558463,1.558463
2.267671,5.854162,3.779451,6.291705,0.455193,0.455193
3.779451,5.854162,2.267671,6.291705,0.455193,0.455193
2.267671,6.225390,4.157404,5.592440,0.167776,0.167776
4.157404,6.225390,2.267671,5.592440,0.167776,0.167776
2.267671,7.156514,5.102263,5.234841,-0.010884,-0.010884
5.102263,7.156514,2.267671,5.234841,-0.010884,-0.010884
2.267671,8.090823,6.047121,5.206974,-0.017693,-0.017693
6.047121,8.090823,2.267671,5.206974,-0.017693,-0.017693
2.645617,5.110947,2.645624,12.084044,3.370519,3.370519
2.645624,5.110947,2.645617,12.084044,3.370519,3.370519
2.645617,5.293702,2.834592,10.869092,2.908908,2.908908
2.834592,5.293702,2.645617,10.869092,2.908908,2.908908
2.645617,5.660436,3.212529,8.536993,2.066170,2.066170
3.212529,5.660436,2.645617,8.536993,2.066170,2.066170
2.645617,6.213073,3.779451,6.183890,1.220787,1.220787
3.779451,6.213073,2.645617,6.183890,1.220787,1.220787
2.645617,6.582853,4.157404,5.530085,0.977210,0.977210
4.157404,6.582853,2.645617,5.530085,0.977210,0.977210
2.645617,7.510838,5.102263,5.201263,0.825046,0.825046
5.102263,7.510838,2.645617,5.201263,0.825046,0.825046
2.645617,8.442567,6.047121,5.173364,0.817457,0.817457
6.047121,8.442567,2.645617,5.173364,0.817457,0.817457
3.023562,6.023799,3.212529,7.916432,2.965585,2.965585
3.212529,6.023799,3.023562,7.916432,2.965585,2.965585
3.023562,6.574117,3.779451,6.076811,2.631204,2.631204
3.779451,6.574117,3.023562,6.076811,2.631204,2.631204
3.023562,6.942486,4.157404,5.476316,2.439708,2.439708
4.157404,6.942486,3.023562,5.476316,2.439708,2.439708
3.023562,7.867361,5.102263,5.179741,2.318289,2.318289
5.102263,7.867361,3.023562,5.179741,2.318289,2.318289
3.023562,8.796485,6.047121,5.150742,2.309096,2.309096
6.047121,8.796485,3.023562,5.150742,2.309096,2.309096
3.779451,7.301340,3.779452,5.708204,4.482635,4.482635
3.779452,7.301340,3.779451,5.708204,4.482635,4.482635
3.779452,7.667040,4.157404,5.431726,4.613812,4.613812
4.157404,7.667040,3.779452,5.431726,4.613812,4.613812
3.779452,8.585907,5.102263,5.206973,4.562599,4.562599
5.102263,8.585907,3.779452,5.206973,4.562599,4.562599
3.779452,9.509870,6.047121,5.172706,4.547551,4.547551
6.047121,9.509870,3.779452,5.172706,4.547551,4.547551
4.535343,9.310369,5.102263,5.225218,5.120738,5.120738
5.102263,9.310369,4.535343,5.225218,5.120738,5.120738
4.535343,10.229361,6.047121,5.205379,5.119828,5.119828
6.047121,10.229361,4.535343,5.205379,5.119828,5.119828
5.291233,10.953756,6.047121,5.200901,5.159376,5.159376
6.047121,10.953756,5.291233,5.200901,5.159376,5.159376
