R1,R2,R3,ETriat,E,ENew
1.511781,2.645610,1.776799,32.645693,43.061434,43.061434
1.776799,2.645610,1.511781,32.645693,43.061434,43.061434
2.200012,3.597434,2.282033,21.946292,10.635440,10.635440
2.282033,3.597434,2.200012,21.946292,10.635440,10.635440
2.282033,3.758276,2.400020,19.621319,8.676943,8.676943
2.400020,3.758276,2.282033,19.621319,8.676943,8.676943
2.282033,3.922710,2.600010,16.308266,6.178563,6.178563
2.600010,3.922710,2.282033,16.308266,6.178563,6.178563
2.282033,4.090325,2.800019,13.417355,4.223491,4.223491
2.800019,4.090325,2.282033,13.417355,4.223491,4.223491
2.282033,4.260723,3.000009,11.161732,2.879984,2.879984
3.000009,4.260723,2.282033,11.161732,2.879984,2.879984
2.282033,4.433608,3.200017,9.413884,1.955635,1.955635
3.200017,4.433608,2.282033,9.413884,1.955635,1.955635
2.282033,4.608687,3.400013,8.066522,1.304306,1.304306
3.400013,4.608687,2.282033,8.066522,1.304306,1.304306
2.282033,4.785721,3.600021,7.067877,0.850847,0.850847
3.600021,4.785721,2.282033,7.067877,0.850847,0.850847
2.282033,4.964485,3.800012,6.362983,0.537238,0.537238
3.800012,4.964485,2.282033,6.362983,0.537238,0.537238
2.282033,5.144827,4.000020,5.894754,0.324841,0.324841
4.000020,5.144827,2.282033,5.894754,0.324841,0.324841
2.282033,5.326573,4.200028,5.605013,0.187290,0.187290
4.200028,5.326573,2.282033,5.605013,0.187290,0.187290
2.282033,5.509570,4.400018,5.436905,0.102036,0.102036
4.400018,5.509570,2.282033,5.436905,0.102036,0.102036
2.282033,5.693737,4.600032,5.340995,0.048264,0.048264
4.600032,5.693737,2.282033,5.340995,0.048264,0.048264
2.282033,5.878913,4.800022,5.286938,0.015351,0.015351
4.800022,5.878913,2.282033,5.286938,0.015351,0.015351
2.282033,6.065045,5.000031,5.256266,-0.003643,-0.003643
5.000031,6.065045,2.282033,5.256266,-0.003643,-0.003643
2.282033,6.252018,5.200021,5.238216,-0.013790,-0.013790
5.200021,6.252018,2.282033,5.238216,-0.013790,-0.013790
2.282033,6.439789,5.400029,5.226838,-0.018733,-0.018733
5.400029,6.439789,2.282033,5.226838,-0.018733,-0.018733
2.282033,6.628261,5.600019,5.219104,-0.020815,-0.020815
5.600019,6.628261,2.282033,5.219104,-0.020815,-0.020815
2.282033,6.817405,5.800028,5.213490,-0.021465,-0.021465
5.800028,6.817405,2.282033,5.213490,-0.021465,-0.021465
2.282033,7.007163,6.000042,5.209244,-0.021465,-0.021465
6.000042,7.007163,2.282033,5.209244,-0.021465,-0.021465
2.282033,7.483845,6.500035,5.202643,-0.020424,-0.020424
6.500035,7.483845,2.282033,5.202643,-0.020424,-0.020424
2.282033,7.963386,7.000029,5.199566,-0.019037,-0.019037
7.000029,7.963386,2.282033,5.199566,-0.019037,-0.019037
2.282033,8.445326,7.500046,5.198249,-0.017736,-0.017736
7.500046,8.445326,2.282033,5.198249,-0.017736,-0.017736
2.282033,8.929229,8.000040,5.197700,-0.016695,-0.016695
8.000040,8.929229,2.282033,5.197700,-0.016695,-0.016695
2.282033,9.414822,8.500039,5.196093,-0.017302,-0.017302
8.500039,9.414822,2.282033,5.196093,-0.017302,-0.017302
2.282033,9.901857,9.000050,5.196053,-0.016695,-0.016695
9.000050,9.901857,2.282033,5.196053,-0.016695,-0.016695
2.282033,10.390108,9.500044,5.196100,-0.016218,-0.016218
9.500044,10.390108,2.282033,5.196100,-0.016218,-0.016218
2.282033,10.879452,10.000061,5.196156,-0.015871,-0.015871
10.000061,10.879452,2.282033,5.196156,-0.015871,-0.015871
