R1,R2,R3,ETriat,E,ENew
1.511781,2.793418,1.511793,31.687383,56.915098,56.915098
1.511793,2.793418,1.511781,31.687383,56.915098,56.915098
1.511781,2.968885,1.700764,29.635893,44.047360,44.047360
1.700764,2.968885,1.511781,29.635893,44.047360,44.047360
1.511781,3.145917,1.889735,27.435913,37.143229,37.143229
1.889735,3.145917,1.511781,27.435913,37.143229,37.143229
1.511781,3.324264,2.078706,25.185726,33.309842,33.309842
2.078706,3.324264,1.511781,25.185726,33.309842,33.309842
1.511781,3.503725,2.267676,22.874923,30.962542,30.962542
2.267676,3.503725,1.511781,22.874923,30.962542,30.962542
1.511781,3.684136,2.456647,20.052545,28.806305,28.806305
2.456647,3.684136,1.511781,20.052545,28.806305,28.806305
1.511781,3.865366,2.645618,16.457299,26.127660,26.127660
2.645618,3.865366,1.511781,16.457299,26.127660,26.127660
1.511781,4.047304,2.834589,13.594506,24.212050,24.212050
2.834589,4.047304,1.511781,13.594506,24.212050,24.212050
1.511781,4.412954,3.212530,9.659084,21.945928,21.945928
3.212530,4.412954,1.511781,9.659084,21.945928,21.945928
1.511781,4.964881,3.779443,6.668758,20.515433,20.515433
3.779443,4.964881,1.511781,6.668758,20.515433,20.515433
1.511781,5.334579,4.157384,5.871292,20.134349,20.134349
4.157384,5.334579,1.511781,5.871292,20.134349,20.134349
1.511781,6.263157,5.102265,5.410432,19.861329,19.861329
5.102265,6.263157,1.511781,5.410432,19.861329,19.861329
1.511781,7.195954,6.047119,5.358373,19.834443,19.834443
6.047119,7.195954,1.511781,5.358373,19.834443,19.834443
1.889726,3.491767,1.889735,24.972912,18.878915,18.878915
1.889735,3.491767,1.889726,24.972912,18.878915,18.878915
1.889726,3.667066,2.078706,23.661144,15.769838,15.769838
2.078706,3.667066,1.889726,23.661144,15.769838,15.769838
1.889726,3.843661,2.267676,22.320389,14.166016,14.166016
2.267676,3.843661,1.889726,22.320389,14.166016,14.166016
1.889726,4.021382,2.456647,18.856861,11.159018,11.159018
2.456647,4.021382,1.889726,18.856861,11.159018,11.159018
1.889726,4.200085,2.645618,15.407287,8.454528,8.454528
2.645618,4.200085,1.889726,15.407287,8.454528,8.454528
1.889726,4.379649,2.834589,12.916902,6.786267,6.786267
2.834589,4.379649,1.889726,12.916902,6.786267,6.786267
1.889726,4.740973,3.212530,9.365327,4.774866,4.774866
3.212530,4.740973,1.889726,9.365327,4.774866,4.774866
1.889726,5.287317,3.779443,6.501342,3.430405,3.430405
3.779443,5.287317,1.889726,6.501342,3.430405,3.430405
1.889726,5.653797,4.157384,5.743053,3.086224,3.086224
4.157384,5.653797,1.889726,5.743053,3.086224,3.086224
1.889726,6.575702,5.102265,5.328903,2.856438,2.856438
5.102265,6.575702,1.889726,5.328903,2.856438,2.856438
1.889726,7.503299,6.047119,5.291994,2.842735,2.842735
6.047119,7.503299,1.889726,5.291994,2.842735,2.842735
2.267671,4.190115,2.267676,19.779438,9.176237,9.176237
2.267676,4.190115,2.267671,19.779438,9.176237,9.176237
2.267671,4.365300,2.456647,17.162201,6.884400,6.884400
2.456647,4.365300,2.267671,17.162201,6.884400,6.884400
2.267671,4.541591,2.645618,14.564219,4.943899,4.943899
2.645618,4.541591,2.267671,14.564219,4.943899,4.943899
2.267671,4.718863,2.834589,12.357714,3.506986,3.506986
2.834589,4.718863,2.267671,12.357714,3.506986,3.506986
2.267671,5.075941,3.212530,9.068608,1.716612,1.716612
3.212530,5.075941,2.267671,9.068608,1.716612,1.716612
2.267671,5.616679,3.779443,6.353270,0.512477,0.512477
3.779443,5.616679,2.267671,6.353270,0.512477,0.512477
2.267671,5.979865,4.157384,5.625838,0.197870,0.197870
4.157384,5.979865,2.267671,5.625838,0.197870,0.197870
2.267671,6.894800,5.102265,5.240360,-0.006635,-0.006635
5.102265,6.894800,2.267671,5.240360,-0.006635,-0.006635
2.267671,7.816836,6.047119,5.208302,-0.016869,-0.016869
6.047119,7.816836,2.267671,5.208302,-0.016869,-0.016869
2.645617,4.888463,2.645618,12.586970,3.865868,3.865868
2.645618,4.888463,2.645617,12.586970,3.865868,3.865868
2.645617,5.063566,2.834589,11.249247,3.283314,3.283314
2.834589,5.063566,2.645617,11.249247,3.283314,3.283314
2.645617,5.416568,3.212530,8.716955,2.241274,2.241274
3.212530,5.416568,2.645617,8.716955,2.241274,2.241274
2.645617,5.951818,3.779443,6.251479,1.284792,1.284792
3.779443,5.951818,2.645617,6.251479,1.284792,1.284792
2.645617,6.311723,4.157384,5.561686,1.006264,1.006264
4.157384,6.311723,2.645617,5.561686,1.006264,1.006264
2.645617,7.219581,5.102265,5.204841,0.827648,0.827648
5.102265,7.219581,2.645617,5.204841,0.827648,0.827648
2.645617,8.135849,6.047119,5.173992,0.817674,0.817674
6.047119,8.135849,2.645617,5.173992,0.817674,0.817674
3.023562,5.761852,3.212530,8.085036,3.129978,3.129978
3.212530,5.761852,3.023562,8.085036,3.129978,3.129978
3.023562,6.291810,3.779443,6.150103,2.701801,2.701801
3.779443,6.291810,3.023562,6.150103,2.701801,2.701801
3.023562,6.648503,4.157384,5.517035,2.478563,2.478563
4.157384,6.648503,3.023562,5.517035,2.478563,2.478563
3.023562,7.549313,5.102265,5.182961,2.320761,2.320761
5.102265,7.549313,3.023562,5.182961,2.320761,2.320761
3.023562,8.459718,6.047119,5.151118,2.309139,2.309139
6.047119,8.459718,3.023562,5.151118,2.309139,2.309139
3.779443,6.983508,3.779452,5.762088,4.535149,4.535149
3.779452,6.983508,3.779443,5.762088,4.535149,4.535149
3.779452,7.334107,4.157384,5.454129,4.635234,4.635234
4.157384,7.334107,3.779452,5.454129,4.635234,4.635234
3.779452,8.221237,5.102265,5.210015,4.565201,4.565201
5.102265,8.221237,3.779452,5.210015,4.565201,4.565201
3.779452,9.119949,6.047119,5.175478,4.550110,4.550110
6.047119,9.119949,3.779452,5.175478,4.550110,4.550110
4.535343,8.906631,5.102265,5.220407,5.115665,5.115665
5.102265,8.906631,4.535343,5.220407,5.115665,5.115665
4.535343,9.794022,6.047119,5.230928,5.145239,5.145239
6.047119,9.794022,4.535343,5.230928,5.145239,5.145239
5.291233,10.479265,6.047119,5.201598,5.159983,5.159983
6.047119,10.479265,5.291233,5.201598,5.159983,5.159983
