R1,R2,R3,ETriat,E,ENew
1.511780,2.618481,1.511781,33.225170,57.771886,57.771886
1.511781,2.618481,1.511780,33.225170,57.771886,57.771886
1.511781,2.783738,1.700749,30.921525,44.580782,44.580782
1.700749,2.783738,1.511781,30.921525,44.580782,44.580782
1.511781,2.951851,1.889734,28.489520,37.436631,37.436631
1.889734,2.951851,1.511781,28.489520,37.436631,37.436631
1.511781,3.122342,2.078702,26.023851,33.432302,33.432302
2.078702,3.122342,1.511781,26.023851,33.432302,33.432302
1.511781,3.294850,2.267671,23.500185,30.960634,30.960634
2.267671,3.294850,1.511781,23.500185,30.960634,30.960634
1.511781,3.469073,2.456639,20.535848,28.781024,28.781024
2.456639,3.469073,1.511781,20.535848,28.781024,28.781024
1.511781,3.644777,2.645624,16.941245,26.231951,26.231951
2.645624,3.644777,1.511781,16.941245,26.231951,26.231951
1.511781,3.821737,2.834592,13.936895,24.294225,24.294225
2.834592,3.821737,1.511781,13.936895,24.294225,24.294225
1.511781,4.178812,3.212529,9.797121,21.989639,21.989639
3.212529,4.178812,1.511781,9.797121,21.989639,21.989639
1.511781,4.720533,3.779451,6.703550,20.537028,20.537028
3.779451,4.720533,1.511781,6.703550,20.537028,20.537028
1.511781,5.084738,4.157404,5.893014,20.150047,20.150047
4.157404,5.084738,1.511781,5.893014,20.150047,20.150047
1.511781,6.002672,5.102263,5.419851,19.867356,19.867356
5.102263,6.002672,1.511781,5.419851,19.867356,19.867356
1.511781,6.927849,6.047121,5.362658,19.837478,19.837478
6.047121,6.927849,1.511781,5.362658,19.837478,19.837478
1.889726,3.273106,1.889734,25.702351,18.939451,18.939451
1.889734,3.273106,1.889726,25.702351,18.939451,18.939451
1.889726,3.438057,2.078702,24.224139,15.771052,15.771052
2.078702,3.438057,1.889726,24.224139,15.771052,15.771052
1.889726,3.605367,2.267671,22.741524,14.151445,14.151445
2.267671,3.605367,1.889726,22.741524,14.151445,14.151445
1.889726,3.774722,2.456639,19.565658,11.556667,11.556667
2.456639,3.774722,1.889726,19.565658,11.556667,11.556667
1.889726,3.945869,2.645624,15.937079,8.780106,8.780106
2.645624,3.945869,1.889726,15.937079,8.780106,8.780106
1.889726,4.118565,2.834592,13.233242,6.979324,6.979324
2.834592,4.118565,1.889726,13.233242,6.979324,6.979324
1.889726,4.467910,3.212529,9.499026,4.872479,4.872479
3.212529,4.467910,1.889726,9.499026,4.872479,4.872479
1.889726,4.999744,3.779451,6.544667,3.466180,3.466180
3.779451,4.999744,1.889726,6.544667,3.466180,3.466180
1.889726,5.358304,4.157404,5.765973,3.103179,3.103179
4.157404,5.358304,1.889726,5.765973,3.103179,3.103179
1.889726,6.264665,5.102263,5.336238,2.860774,2.860774
5.102263,6.264665,1.889726,5.336238,2.860774,2.860774
1.889726,7.180957,6.047121,5.294273,2.843905,2.843905
6.047121,7.180957,1.889726,5.294273,2.843905,2.843905
2.267671,3.927722,2.267671,20.739175,9.916549,9.916549
2.267671,3.927722,2.267671,20.739175,9.916549,9.916549
2.267671,4.092465,2.456639,18.035367,7.619769,7.619769
2.456639,4.092465,2.267671,18.035367,7.619769,7.619769
2.267671,4.259231,2.645624,15.108515,5.408199,5.408199
2.645624,4.259231,2.267671,15.108515,5.408199,5.408199
2.267671,4.427772,2.834592,12.692994,3.798697,3.798697
2.834592,4.427772,2.267671,12.692994,3.798697,3.798697
2.267671,4.769450,3.212529,9.210188,1.845056,1.845056
3.212529,4.769450,2.267671,9.210188,1.845056,1.845056
2.267671,5.291232,3.779451,6.401021,0.553500,0.553500
3.779451,5.291232,2.267671,6.401021,0.553500,0.553500
2.267671,5.643931,4.157404,5.650596,0.216907,0.216907
4.157404,5.643931,2.267671,5.650596,0.216907,0.216907
2.267671,6.538017,5.102263,5.245255,-0.004206,-0.004206
5.102263,6.538017,2.267671,5.245255,-0.004206,-0.004206
2.267671,7.444656,6.047121,5.209554,-0.016565,-0.016565
6.047121,7.444656,2.267671,5.209554,-0.016565,-0.016565
2.645617,4.582347,2.645624,12.987304,4.241357,4.241357
2.645624,4.582347,2.645617,12.987304,4.241357,4.241357
2.645617,4.746940,2.834592,11.718997,3.738724,3.738724
2.834592,4.746940,2.645617,11.718997,3.738724,3.738724
2.645617,5.081217,3.212529,8.899693,2.416118,2.416118
3.212529,5.081217,2.645617,8.899693,2.416118,2.416118
2.645617,5.593078,3.779451,6.310004,1.337046,1.337046
3.779451,5.593078,2.645617,6.310004,1.337046,1.337046
2.645617,5.939880,4.157404,5.588018,1.027730,1.027730
4.157404,5.939880,2.645617,5.588018,1.027730,1.027730
2.645617,6.821363,5.102263,5.207835,0.828688,0.828688
5.102263,6.821363,2.645617,5.207835,0.828688,0.828688
2.645617,7.717858,6.047121,5.174439,0.817327,0.817327
6.047121,7.717858,2.645617,5.174439,0.817327,0.817327
3.023562,5.401441,3.212529,8.315615,3.353520,3.353520
3.212529,5.401441,3.023562,8.315615,3.353520,3.353520
3.023562,5.903692,3.779451,6.222491,2.768972,2.768972
3.779451,5.903692,3.023562,6.222491,2.768972,2.768972
3.023562,6.244684,4.157404,5.546356,2.504104,2.504104
4.157404,6.244684,3.023562,5.546356,2.504104,2.504104
3.023562,7.113509,5.102263,5.185394,2.321671,2.321671
5.102263,7.113509,3.023562,5.185394,2.321671,2.321671
3.023562,7.999591,6.047121,5.151252,2.308619,2.308619
6.047121,7.999591,3.023562,5.151252,2.308619,2.308619
3.779451,6.546203,3.779452,5.816071,4.586276,4.586276
3.779452,6.546203,3.779451,5.816071,4.586276,4.586276
3.779452,6.876115,4.157404,5.478283,4.657349,4.657349
4.157404,6.876115,3.779452,5.478283,4.657349,4.657349
3.779452,7.720175,5.102263,5.211884,4.566155,4.566155
5.102263,7.720175,3.779452,5.211884,4.566155,4.566155
3.779452,8.585264,6.047121,5.167371,4.541567,4.541567
6.047121,8.585264,3.779452,5.167371,4.541567,4.541567
4.535343,8.351223,5.102263,5.219093,5.113800,5.113800
5.102263,8.351223,4.535343,5.219093,5.113800,5.113800
4.535343,9.195803,6.047121,5.234769,5.148795,5.148795
6.047121,9.195803,4.535343,5.234769,5.148795,5.148795
5.291233,9.826575,6.047121,5.202652,5.160850,5.160850
6.047121,9.826575,5.291233,5.202652,5.160850,5.160850
