R1,R2,R3,ETriat,E,ENew
1.511781,1.511781,2.137981,45.087189,69.126866,69.126866
2.137981,1.511781,1.511781,45.087189,69.126866,69.126866
1.511781,1.470464,2.078706,46.537008,74.685972,74.685972
2.078706,1.470464,1.511781,46.537008,74.685972,74.685972
1.511781,1.606110,2.267676,42.105577,59.096660,59.096660
2.267676,1.606110,1.511781,42.105577,59.096660,59.096660
1.511781,1.751665,2.456647,38.120200,48.719497,48.719497
2.456647,1.751665,1.511781,38.120200,48.719497,48.719497
1.511781,1.904861,2.645618,34.391227,41.844767,41.844767
2.645618,1.904861,1.511781,34.391227,41.844767,41.844767
1.511781,2.063996,2.834589,30.804150,37.162613,37.162613
2.834589,2.063996,1.511781,30.804150,37.162613,37.162613
1.511781,2.395309,3.212530,23.936259,31.224288,31.224288
3.212530,2.395309,1.511781,23.936259,31.224288,31.224288
1.511781,2.913639,3.779443,14.894129,25.507813,25.507813
3.779443,2.913639,1.511781,14.894129,25.507813,25.507813
1.511781,3.268167,4.157384,10.466711,22.841527,22.841527
4.157384,3.268167,1.511781,10.466711,22.841527,22.841527
1.511781,4.157404,5.084738,6.154933,20.411966,20.411966
5.084738,4.157404,1.511781,6.154933,20.411966,20.411966
1.511781,4.172535,5.102265,6.129500,20.396138,20.396138
5.102265,4.172535,1.511781,6.129500,20.396138,20.396138
1.511781,5.091611,6.047119,5.505971,19.953824,19.953824
6.047119,5.091611,1.511781,5.505971,19.953824,19.953824
1.889726,1.446337,1.889735,49.049246,64.978655,64.978655
1.889735,1.446337,1.889726,49.049246,64.978655,64.978655
1.889726,1.889726,2.672476,32.122993,23.019450,23.019450
2.672476,1.889726,1.889726,32.122993,23.019450,23.019450
1.889726,1.528656,2.078706,44.883698,50.906739,50.906739
2.078706,1.528656,1.889726,44.883698,50.906739,50.906739
1.889726,2.078691,2.928606,28.593116,18.309674,18.309674
2.928606,2.078691,1.889726,28.593116,18.309674,18.309674
1.889726,1.628837,2.267676,39.866908,38.627973,38.627973
2.267676,1.628837,1.889726,39.866908,38.627973,38.627973
1.889726,1.743803,2.456647,35.773794,29.714913,29.714913
2.456647,1.743803,1.889726,35.773794,29.714913,29.714913
1.889726,1.870831,2.645618,32.517892,23.673858,23.673858
2.645618,1.870831,1.889726,32.517892,23.673858,23.673858
1.889726,2.007632,2.834589,29.808420,19.718010,19.718010
2.834589,2.007632,1.889726,29.808420,19.718010,19.718010
1.889726,2.303477,3.212530,26.898401,17.149424,17.149424
3.212530,2.303477,1.889726,26.898401,17.149424,17.149424
1.889726,2.784741,3.779443,16.099264,9.261664,9.261664
3.779443,2.784741,1.889726,16.099264,9.261664,9.261664
1.889726,3.121602,4.157384,11.583330,6.500845,6.500845
4.157384,3.121602,1.889726,11.583330,6.500845,6.500845
1.889726,3.996059,5.102265,6.372198,3.576195,3.576195
5.102265,3.996059,1.889726,6.372198,3.576195,3.576195
1.889726,4.896727,6.047119,5.461354,2.976166,2.976166
6.047119,4.896727,1.889726,5.461354,2.976166,2.976166
2.267671,1.735602,2.267676,37.305565,28.508090,28.508090
2.267676,1.735602,2.267671,37.305565,28.508090,28.508090
2.267671,2.267671,3.206972,23.485803,10.937731,10.937731
3.206972,2.267671,2.267671,23.485803,10.937731,10.937731
2.267671,1.816329,2.456647,32.995384,21.992024,21.992024
2.456647,1.816329,2.267671,32.995384,21.992024,21.992024
2.456638,2.267671,3.194739,23.121881,10.780666,10.780666
3.194739,2.267671,2.456638,23.121881,10.780666,10.780666
2.267671,1.912382,2.645618,29.565748,17.190403,17.190403
2.645618,1.912382,2.267671,29.565748,17.190403,17.190403
2.267671,2.021579,2.834589,26.922955,13.922136,13.922136
2.834589,2.021579,2.267671,26.922955,13.922136,13.922136
2.271605,2.267671,3.212530,23.982276,11.453113,11.453113
3.212530,2.267671,2.271605,23.982276,11.453113,11.453113
2.267671,3.212526,4.385615,10.119035,2.695297,2.695297
4.385615,3.212526,2.267671,10.119035,2.695297,2.695297
2.267671,2.702953,3.779443,16.338574,6.398072,6.398072
3.779443,2.702953,2.267671,16.338574,6.398072,6.398072
2.267671,3.779461,5.028843,6.832607,0.978381,0.978381
5.028843,3.779461,2.267671,6.832607,0.978381,0.978381
2.267671,3.015554,4.157384,11.986341,3.714310,3.714310
4.157384,3.015554,2.267671,11.986341,3.714310,3.714310
2.267671,3.848717,5.102265,6.602424,0.855357,0.855357
5.102265,3.848717,2.267671,6.602424,0.855357,0.855357
2.267671,4.724092,6.047119,5.398246,0.126146,0.126146
6.047119,4.724092,2.267671,5.398246,0.126146,0.126146
2.645617,2.024868,2.645618,27.278023,14.366575,14.366575
2.645618,2.024868,2.645617,27.278023,14.366575,14.366575
2.645617,2.645617,3.741467,14.406294,5.049404,5.049404
3.741467,2.645617,2.645617,14.406294,5.049404,5.049404
2.645617,2.104438,2.834589,27.095950,14.370651,14.370651
2.834589,2.104438,2.645617,27.095950,14.370651,14.370651
2.645617,2.302186,3.212530,21.327383,9.669461,9.669461
3.212530,2.302186,2.645617,21.327383,9.669461,9.669461
2.645617,2.672604,3.779443,14.191248,5.001314,5.001314
3.779443,2.672604,2.645617,14.191248,5.001314,5.001314
2.645617,2.954389,4.157384,12.102716,4.453538,4.453538
4.157384,2.954389,2.645617,12.102716,4.453538,4.453538
2.645617,3.733958,5.102265,6.821414,1.759759,1.759759
5.102265,3.733958,2.645617,6.821414,1.759759,1.759759
2.645617,4.576226,6.047119,5.396761,0.977080,0.977080
6.047119,4.576226,2.645617,5.396761,0.977080,0.977080
3.023562,2.392827,3.212530,17.219629,7.182138,7.182138
3.212530,2.392827,3.023562,17.219629,7.182138,7.182138
3.023562,2.695433,3.779443,12.723178,5.135482,5.135482
3.779443,2.695433,3.023562,12.723178,5.135482,5.135482
3.023562,2.940910,4.157384,9.924356,3.734518,3.734518
4.157384,2.940910,3.023562,9.924356,3.734518,3.734518
3.023562,3.654852,5.102265,6.908999,3.208468,3.208468
5.102265,3.654852,3.023562,6.908999,3.208468,3.208468
3.023562,4.455595,6.047119,5.422376,2.494998,2.494998
6.047119,4.455595,3.023562,5.422376,2.494998,2.494998
3.779443,2.892664,3.779452,8.472222,3.895615,3.895615
3.779452,2.892664,3.779443,8.472222,3.895615,3.895615
3.779452,3.779452,5.344953,5.940758,4.692648,4.692648
5.344953,3.779452,3.779452,5.940758,4.692648,4.692648
3.779452,3.057300,4.157384,7.402777,3.893751,3.893751
4.157384,3.057300,3.779452,7.402777,3.893751,3.893751
3.779452,4.157400,5.857226,5.608355,4.776687,4.776687
5.857226,4.157400,3.779452,5.608355,4.776687,4.776687
3.779452,3.611925,5.102265,6.350872,4.773912,4.773912
5.102265,3.611925,3.779452,6.350872,4.773912,4.773912
3.779452,4.304689,6.047119,5.471961,4.715804,4.715804
6.047119,4.304689,3.779452,5.471961,4.715804,4.715804
4.535343,3.725158,5.102265,5.492003,4.683758,4.683758
5.102265,3.725158,4.535343,5.492003,4.683758,4.683758
4.535343,4.283819,6.047119,5.386158,5.161067,5.161067
6.047119,4.283819,4.535343,5.386158,5.161067,5.161067
5.291233,4.394839,6.047119,5.282131,5.138821,5.138821
6.047119,4.394839,5.291233,5.282131,5.138821,5.138821
2.282033,3.400013,4.608687,8.708701,1.946485,1.946485
4.608687,3.400013,2.282033,8.708701,1.946485,1.946485
