R1,R2,R3,ETriat,E,ENew
1.511776,2.977621,1.511781,34.065967,60.043949,60.043949
1.511781,2.977621,1.511776,34.065967,60.043949,60.043949
1.511781,3.163893,1.700749,31.759213,46.929686,46.929686
1.700749,3.163893,1.511781,31.759213,46.929686,46.929686
1.511781,3.350468,1.889721,29.397698,39.816324,39.816324
1.889721,3.350468,1.511781,29.397698,39.816324,39.816324
1.511781,3.537298,2.078694,27.085680,35.826261,35.826261
2.078694,3.537298,1.511781,27.085680,35.826261,35.826261
1.511781,3.724344,2.267667,24.208828,32.787738,32.787738
2.267667,3.724344,1.511781,24.208828,32.787738,32.787738
1.511781,3.911579,2.456646,20.995506,30.107835,30.107835
2.456646,3.911579,1.511781,20.995506,30.107835,30.107835
1.511781,4.098970,2.645618,18.366611,28.276135,28.276135
2.645618,4.098970,1.511781,18.366611,28.276135,28.276135
1.511781,4.286500,2.834591,16.067383,26.830679,26.830679
2.834591,4.286500,1.511781,16.067383,26.830679,26.830679
1.511781,4.661909,3.212536,11.306564,23.635611,23.635611
3.212536,4.661909,1.511781,11.306564,23.635611,23.635611
1.511781,5.225713,3.779461,7.253470,21.107526,21.107526
3.779461,5.225713,1.511781,7.253470,21.107526,21.107526
1.511781,5.601911,4.157388,6.170900,20.439459,20.439459
4.157388,5.601911,1.511781,6.170900,20.439459,20.439459
1.511781,6.543329,5.102258,5.484524,19.938170,19.938170
5.102258,6.543329,1.511781,5.484524,19.938170,19.938170
1.511781,7.485616,6.047127,5.403082,19.880149,19.880149
6.047127,7.485616,1.511781,5.403082,19.880149,19.880149
1.889721,3.722029,1.889726,26.832624,21.257696,21.257696
1.889726,3.722029,1.889721,26.832624,21.257696,21.257696
1.889726,3.908269,2.078694,25.533964,18.031406,18.031406
2.078694,3.908269,1.889726,25.533964,18.031406,18.031406
1.889726,4.094760,2.267667,23.317548,15.429299,15.429299
2.267667,4.094760,1.889726,23.317548,15.429299,15.429299
1.889726,4.281472,2.456646,21.483925,13.952621,13.952621
2.456646,4.281472,1.889726,21.483925,13.952621,13.952621
1.889726,4.468370,2.645618,19.177804,12.320569,12.320569
2.645618,4.468370,1.889726,19.177804,12.320569,12.320569
1.889726,4.655436,2.834591,15.785620,9.705756,9.705756
2.834591,4.655436,1.889726,15.785620,9.705756,9.705756
1.889726,5.029996,3.212536,10.943194,6.366546,6.366546
3.212536,5.029996,1.889726,10.943194,6.366546,6.366546
1.889726,5.592695,3.779461,7.079105,4.014563,4.014563
3.779461,5.592695,1.889726,7.079105,4.014563,4.014563
1.889726,5.968250,4.157388,6.043873,3.392418,3.392418
4.157388,5.968250,1.889726,6.043873,3.392418,3.392418
1.889726,6.908321,5.102258,5.411926,2.941691,2.941691
5.102258,6.908321,1.889726,5.411926,2.941691,2.941691
1.889726,7.849544,6.047127,5.335774,2.887356,2.887356
6.047127,7.849544,1.889726,5.335774,2.887356,2.887356
2.267667,4.466437,2.267671,21.715839,11.213223,11.213223
2.267671,4.466437,2.267667,21.715839,11.213223,11.213223
2.267671,4.652659,2.456646,19.800741,9.577745,9.577745
2.456646,4.652659,2.267671,19.800741,9.577745,9.577745
2.267671,4.839090,2.645618,17.174466,7.582693,7.582693
2.645618,4.839090,2.267671,17.174466,7.582693,7.582693
2.267671,5.025712,2.834591,14.701940,5.866601,5.866601
2.834591,5.025712,2.267671,14.701940,5.866601,5.866601
2.267671,5.399446,3.212536,10.406672,3.062374,3.062374
3.212536,5.399446,2.267671,10.406672,3.062374,3.062374
2.267671,5.961046,3.779461,6.837720,1.002925,1.002925
3.779461,5.961046,2.267671,6.837720,1.002925,1.002925
2.267671,6.335952,4.157388,5.870132,0.446694,0.446694
4.157388,6.335952,2.267671,5.870132,0.446694,0.446694
2.267671,7.274636,5.102258,5.293700,0.048438,0.048438
5.102258,7.274636,2.267671,5.293700,0.048438,0.048438
2.267671,8.214737,6.047127,5.226473,0.001995,0.001995
6.047127,8.214737,2.267671,5.226473,0.001995,0.001995
2.645617,5.210849,2.645618,14.123311,5.412275,5.412275
2.645618,5.210849,2.645617,14.123311,5.412275,5.412275
2.645617,5.397051,2.834591,12.611736,4.653793,4.653793
2.834591,5.397051,2.645617,12.611736,4.653793,4.653793
2.645617,5.769996,3.212536,9.691233,3.222431,3.222431
3.212536,5.769996,2.645617,9.691233,3.222431,3.222431
2.645617,6.330529,3.779461,6.608341,1.646579,1.646579
3.779461,6.330529,2.645617,6.608341,1.646579,1.646579
2.645617,6.704794,4.157388,5.734384,1.182409,1.182409
4.157388,6.704794,2.645617,5.734384,1.182409,1.182409
2.645617,7.642083,5.102258,5.222030,0.846164,0.846164
5.102258,7.642083,2.645617,5.222030,0.846164,0.846164
2.645617,8.581036,6.047127,5.164193,0.808437,0.808437
6.047127,8.581036,2.645617,5.164193,0.808437,0.808437
3.023562,6.141447,3.212536,8.628963,3.679749,3.679749
3.212536,6.141447,3.023562,8.628963,3.679749,3.679749
3.023562,6.700955,3.779461,6.377265,2.932628,2.932628
3.779461,6.700955,3.023562,6.377265,2.932628,2.932628
3.023562,7.074596,4.157388,5.619774,2.583807,2.583807
4.157388,7.074596,3.023562,5.619774,2.583807,2.583807
3.023562,8.010508,5.102258,5.174618,2.313432,2.313432
5.102258,8.010508,3.023562,5.174618,2.313432,2.313432
3.023562,8.948302,6.047127,5.127162,2.285636,2.285636
6.047127,8.948302,3.023562,5.127162,2.285636,2.285636
3.779452,7.444077,3.779461,5.924189,4.699109,4.699109
3.779461,7.444077,3.779452,5.924189,4.699109,4.699109
3.779452,7.816538,4.157388,5.516478,4.698892,4.698892
4.157388,7.816538,3.779452,5.516478,4.698892,4.698892
3.779452,8.749793,5.102258,5.197538,4.553319,4.553319
5.102258,8.749793,3.779452,5.197538,4.553319,4.553319
3.779452,9.685301,6.047127,5.163133,4.538055,4.538055
6.047127,9.685301,3.779452,5.163133,4.538055,4.538055
4.535343,9.491695,5.102258,5.225169,5.120782,5.120782
5.102258,9.491695,4.535343,5.225169,5.120782,5.120782
4.535343,10.425006,6.047127,5.209840,5.124338,5.124338
6.047127,10.425006,4.535343,5.209840,5.124338,5.124338
5.291233,11.166878,6.047127,5.216611,5.175117,5.175117
6.047127,11.166878,5.291233,5.216611,5.175117,5.175117
