R1,R2,R3,ETriat,E,ENew
3.000000,3.000000,5.196152,13.044736,5.313839,4.756933
3.000000,3.000000,5.196152,13.044736,5.313839,4.756933
3.000000,3.250000,5.414102,12.311758,5.945415,5.436220
3.250000,3.000000,5.414102,12.311758,5.945415,5.436220
3.000000,3.500000,5.634714,11.689749,6.303245,5.831060
3.500000,3.000000,5.634714,11.689749,6.303245,5.831060
3.000000,3.750000,5.857687,11.137401,6.391138,5.949493
3.750000,3.000000,5.857687,11.137401,6.391138,5.949493
3.000000,4.000000,6.082763,10.686105,6.325830,5.913669
4.000000,3.000000,6.082763,10.686105,6.325830,5.913669
3.000000,4.500000,6.538348,10.116922,6.095622,5.745271
4.500000,3.000000,6.538348,10.116922,6.095622,5.745271
3.000000,5.000000,7.000000,9.881068,5.963103,5.660055
5.000000,3.000000,7.000000,9.881068,5.963103,5.660055
3.000000,5.500000,7.466592,9.786180,5.905959,5.625183
5.500000,3.000000,7.466592,9.786180,5.905959,5.625183
3.000000,6.000000,7.937254,9.747121,5.884734,5.611872
6.000000,3.000000,7.937254,9.747121,5.884734,5.611872
3.000000,7.000000,8.888194,9.724071,5.876843,5.608746
7.000000,3.000000,8.888194,9.724071,5.876843,5.608746
3.000000,8.000000,9.848858,9.719394,5.877387,5.610544
8.000000,3.000000,9.848858,9.719394,5.877387,5.610544
3.000000,9.000000,10.816654,9.718433,5.878475,5.611911
9.000000,3.000000,10.816654,9.718433,5.878475,5.611911
3.000000,10.000000,11.789826,9.718347,5.879292,5.612813
10.000000,3.000000,11.789826,9.718347,5.879292,5.612813
3.250000,3.250000,5.629165,11.777361,6.771553,6.306967
3.250000,3.250000,5.629165,11.777361,6.771553,6.306967
3.250000,3.500000,5.847008,11.319307,7.290746,6.861185
3.500000,3.250000,5.847008,11.319307,7.290746,6.861185
3.250000,3.750000,6.067331,10.936621,7.546533,7.146353
3.750000,3.250000,6.067331,10.936621,7.546533,7.146353
3.250000,4.000000,6.289873,10.608764,7.603405,7.232061
4.000000,3.250000,6.289873,10.608764,7.603405,7.232061
3.250000,4.500000,6.740734,10.147044,7.479049,7.168903
4.500000,3.250000,6.740734,10.147044,7.479049,7.168903
3.250000,5.000000,7.198090,9.931955,7.366394,7.103236
5.000000,3.250000,7.198090,9.931955,7.366394,7.103236
3.250000,5.500000,7.660777,9.842204,7.313876,7.072796
5.500000,3.250000,7.660777,9.842204,7.313876,7.072796
3.250000,6.000000,8.127884,9.804529,7.293739,7.060470
6.000000,3.250000,8.127884,9.804529,7.293739,7.060470
3.250000,7.000000,9.072624,9.782033,7.286120,7.057548
7.000000,3.250000,9.072624,9.782033,7.286120,7.057548
3.250000,8.000000,10.028086,9.777736,7.286937,7.059605
8.000000,3.250000,10.028086,9.777736,7.286937,7.059605
3.250000,9.000000,10.991474,9.776548,7.287753,7.060696
9.000000,3.250000,10.991474,9.776548,7.287753,7.060696
3.250000,10.000000,11.960874,9.776482,7.288569,7.061596
10.000000,3.250000,11.960874,9.776482,7.288569,7.061596
3.500000,3.500000,6.062178,10.989573,7.936472,7.540758
3.500000,3.500000,6.062178,10.989573,7.936472,7.540758
3.500000,3.750000,6.279928,10.716202,8.300288,7.933287
3.750000,3.500000,6.279928,10.716202,8.300288,7.933287
3.500000,4.000000,6.500000,10.489704,8.457570,8.119016
4.000000,3.500000,6.500000,10.489704,8.457570,8.119016
3.500000,4.500000,6.946222,10.152495,8.456482,8.178694
4.500000,3.500000,6.946222,10.152495,8.456482,8.178694
3.500000,5.000000,7.399324,9.967503,8.373215,8.142157
5.000000,3.500000,7.399324,9.967503,8.373215,8.142157
3.500000,5.500000,7.858117,9.883604,8.326139,8.117005
5.500000,3.500000,7.858117,9.883604,8.326139,8.117005
3.500000,6.000000,8.321658,9.847258,8.307091,8.105690
6.000000,3.500000,8.321658,9.847258,8.307091,8.105690
3.500000,7.000000,9.260130,9.825540,8.300016,8.103264
7.000000,3.500000,9.260130,9.825540,8.300016,8.103264
3.500000,8.000000,10.210289,9.821063,8.300561,8.105038
8.000000,3.500000,10.210289,9.821063,8.300561,8.105038
3.500000,9.000000,11.169154,9.820187,8.301649,8.106398
9.000000,3.500000,11.169154,9.820187,8.301649,8.106398
3.500000,10.000000,12.134661,9.819868,8.302193,8.107024
10.000000,3.500000,12.134661,9.819868,8.302193,8.107024
3.750000,3.750000,6.495191,10.520796,8.741113,8.402431
3.750000,3.750000,6.495191,10.520796,8.741113,8.402431
3.750000,4.000000,6.712861,10.358966,8.962341,8.651852
4.000000,3.750000,6.712861,10.358966,8.962341,8.651852
3.750000,4.500000,7.154544,10.122313,9.060847,8.810789
4.500000,3.750000,7.154544,10.122313,9.060847,8.810789
3.750000,5.000000,7.603453,9.977335,9.017036,8.813498
5.000000,3.750000,7.603453,9.977335,9.017036,8.813498
3.750000,5.500000,8.058381,9.901927,8.978124,8.796392
5.500000,3.750000,8.058381,9.901927,8.978124,8.796392
3.750000,6.000000,8.518363,9.867138,8.960437,8.786381
6.000000,3.750000,8.518363,9.867138,8.960437,8.786381
3.750000,7.000000,9.450529,9.845887,8.953634,8.784192
7.000000,3.750000,9.450529,9.845887,8.953634,8.784192
3.750000,8.000000,10.395311,9.841489,8.954178,8.785959
8.000000,3.750000,10.395311,9.841489,8.954178,8.785959
3.750000,9.000000,11.349559,9.840376,8.954994,8.787044
9.000000,3.750000,11.349559,9.840376,8.954994,8.787044
3.750000,10.000000,12.311072,9.840345,8.955811,8.787941
10.000000,3.750000,12.311072,9.840345,8.955811,8.787941
4.000000,4.000000,6.928203,10.242042,9.227925,8.945440
4.000000,4.000000,6.928203,10.242042,9.227925,8.945440
4.000000,4.500000,7.365460,10.070080,9.390376,9.168054
4.500000,4.000000,7.365460,10.070080,9.390376,9.168054
4.000000,5.000000,7.810250,9.963093,9.384118,9.208149
5.000000,4.000000,7.810250,9.963093,9.384118,9.208149
4.000000,5.500000,8.261356,9.898560,9.355818,9.201569
5.500000,4.000000,8.261356,9.898560,9.355818,9.201569
4.000000,6.000000,8.717798,9.866108,9.340308,9.193695
6.000000,4.000000,8.717798,9.866108,9.340308,9.193695
4.000000,7.000000,9.643651,9.845018,9.333505,9.191481
7.000000,4.000000,9.643651,9.845018,9.333505,9.191481
4.000000,8.000000,10.583005,9.840688,9.334049,9.193241
8.000000,4.000000,10.583005,9.840688,9.334049,9.193241
4.000000,9.000000,11.532563,9.839877,9.335137,9.194595
9.000000,4.000000,11.532563,9.839877,9.335137,9.194595
4.000000,10.000000,12.489996,9.839588,9.335682,9.195219
10.000000,4.000000,12.489996,9.839588,9.335682,9.195219
4.500000,4.500000,7.794229,9.976151,9.629837,9.467290
4.500000,4.500000,7.794229,9.976151,9.629837,9.467290
4.500000,5.000000,8.231039,9.916042,9.669837,9.553427
5.000000,4.500000,8.231039,9.916042,9.669837,9.553427
4.500000,5.500000,8.674676,9.875018,9.664667,9.569871
5.500000,4.500000,8.674676,9.875018,9.664667,9.569871
4.500000,6.000000,9.124144,9.848788,9.655143,9.567937
6.000000,4.500000,9.124144,9.848788,9.655143,9.567937
4.500000,7.000000,10.037430,9.829035,9.649429,9.566780
7.000000,4.500000,10.037430,9.829035,9.649429,9.566780
4.500000,8.000000,10.965856,9.824539,9.649701,9.568259
8.000000,4.500000,10.965856,9.824539,9.649701,9.568259
4.500000,9.000000,11.905881,9.823506,9.650517,9.569336
9.000000,4.500000,11.905881,9.823506,9.650517,9.569336
4.500000,10.000000,12.854960,9.823241,9.651062,9.569957
10.000000,4.500000,12.854960,9.823241,9.651062,9.569957
5.500000,5.000000,9.096703,9.846020,9.735145,9.686326
5.000000,5.500000,9.096703,9.846020,9.735145,9.686326
5.500000,5.500000,9.526279,9.821729,9.746301,9.719023
5.500000,5.500000,9.526279,9.821729,9.746301,9.719023
5.500000,6.000000,9.962429,9.803928,9.744941,9.725218
6.000000,5.500000,9.962429,9.803928,9.744941,9.725218
5.500000,7.000000,10.851267,9.786916,9.741675,9.726481
7.000000,5.500000,10.851267,9.786916,9.741675,9.726481
5.500000,8.000000,11.757976,9.782556,9.741948,9.727948
8.000000,5.500000,11.757976,9.782556,9.741948,9.727948
5.500000,9.000000,12.678722,9.781589,9.742764,9.729019
9.000000,5.500000,12.678722,9.781589,9.742764,9.729019
5.500000,10.000000,13.610658,9.781360,9.743308,9.729638
10.000000,5.500000,13.610658,9.781360,9.743308,9.729638
5.500000,5.500000,9.526279,9.842682,9.767254,9.739976
5.500000,5.500000,9.526279,9.842682,9.767254,9.739976
5.500000,6.000000,9.962429,9.831684,9.772696,9.752974
6.000000,5.500000,9.962429,9.831684,9.772696,9.752974
5.500000,7.000000,10.851267,9.818481,9.773241,9.758046
7.000000,5.500000,10.851267,9.818481,9.773241,9.758046
5.500000,8.000000,11.757976,9.814394,9.773785,9.759785
8.000000,5.500000,11.757976,9.814394,9.773785,9.759785
5.500000,9.000000,12.678722,9.813427,9.774601,9.760857
9.000000,5.500000,12.678722,9.813427,9.774601,9.760857
5.500000,10.000000,13.610658,9.813197,9.775145,9.761475
10.000000,5.500000,13.610658,9.813197,9.775145,9.761475
6.000000,6.000000,10.392305,9.824567,9.781948,9.769774
6.000000,6.000000,10.392305,9.824567,9.781948,9.769774
6.000000,7.000000,11.269428,9.815805,9.786846,9.779193
7.000000,6.000000,11.269428,9.815805,9.786846,9.779193
6.000000,8.000000,12.165525,9.812031,9.787663,9.781200
8.000000,6.000000,12.165525,9.812031,9.787663,9.781200
6.000000,9.000000,13.076697,9.810814,9.788207,9.781998
9.000000,6.000000,13.076697,9.810814,9.788207,9.781998
6.000000,10.000000,14.000000,9.810596,9.788751,9.782615
10.000000,6.000000,14.000000,9.810596,9.788751,9.782615
7.000000,7.000000,12.124356,9.811772,9.796370,9.793228
7.000000,7.000000,12.124356,9.811772,9.796370,9.793228
7.000000,8.000000,13.000000,9.809414,9.798547,9.796591
8.000000,7.000000,13.000000,9.809414,9.798547,9.796591
7.000000,9.000000,13.892444,9.808499,9.799364,9.797658
9.000000,7.000000,13.892444,9.808499,9.799364,9.797658
7.000000,10.000000,14.798649,9.808025,9.799636,9.798002
10.000000,7.000000,14.798649,9.808025,9.799636,9.798002
8.000000,10.000000,15.620499,9.806815,9.802901,9.802448
10.000000,8.000000,15.620499,9.806815,9.802901,9.802448
