R1,R2,R3,ETriat,E,ENew
1.511781,2.997695,1.511782,20.461298,46.519288,46.519288
1.511782,2.997695,1.511781,20.461298,46.519288,46.519288
1.511781,3.185141,1.700749,20.113140,35.361745,35.361745
1.700749,3.185141,1.511781,20.113140,35.361745,35.361745
1.511781,3.372776,1.889734,19.542267,30.030604,30.030604
1.889734,3.372776,1.511781,19.542267,30.030604,30.030604
1.511781,3.560534,2.078701,18.187267,26.985142,26.985142
2.078701,3.560534,1.511781,18.187267,26.985142,26.985142
1.511781,3.748415,2.267668,16.889149,25.510936,25.510936
2.267668,3.748415,1.511781,16.889149,25.510936,25.510936
1.511781,3.936399,2.456635,15.643677,24.785150,24.785150
2.456635,3.936399,1.511781,15.643677,24.785150,24.785150
1.511781,4.124495,2.645625,13.744463,23.672080,23.672080
2.645625,4.124495,1.511781,13.744463,23.672080,23.672080
1.511781,4.312647,2.834592,11.564491,22.337983,22.337983
2.834592,4.312647,1.511781,11.564491,22.337983,22.337983
1.511781,4.689148,3.212526,8.194130,20.525754,20.525754
3.212526,4.689148,1.511781,8.194130,20.525754,20.525754
1.511781,5.254307,3.779450,6.034638,19.889342,19.889342
3.779450,5.254307,1.511781,6.034638,19.889342,19.889342
1.511781,5.631281,4.157402,5.749391,20.018523,20.018523
4.157402,5.631281,1.511781,5.749391,20.018523,20.018523
1.511781,6.574183,5.102260,6.122546,20.576446,20.576446
5.102260,6.574183,1.511781,6.122546,20.576446,20.576446
1.511781,7.517576,6.047118,5.486812,19.963971,19.963971
6.047118,7.517576,1.511781,5.486812,19.963971,19.963971
1.889726,3.747127,1.889734,17.168965,11.638668,11.638668
1.889734,3.747127,1.889726,17.168965,11.638668,11.638668
1.889726,3.934554,2.078701,16.083454,8.611940,8.611940
2.078701,3.934554,1.889726,16.083454,8.611940,8.611940
1.889726,4.122123,2.267668,14.961976,7.093285,7.093285
2.267668,4.122123,1.889726,14.961976,7.093285,7.093285
1.889726,4.309814,2.456635,14.434197,6.914061,6.914061
2.456635,4.309814,1.889726,14.434197,6.914061,6.914061
1.889726,4.497633,2.645625,13.336679,6.485364,6.485364
2.645625,4.497633,1.889726,13.336679,6.485364,6.485364
1.889726,4.685524,2.834592,12.373212,6.296296,6.296296
2.834592,4.685524,1.889726,12.373212,6.296296,6.296296
1.889726,5.061548,3.212526,9.624493,5.048754,5.048754
3.212526,5.061548,1.889726,9.624493,5.048754,5.048754
1.889726,5.626085,3.779450,6.768944,3.705030,3.705030
3.779450,5.626085,1.889726,6.768944,3.705030,3.705030
1.889726,6.002697,4.157402,5.943006,3.292074,3.292074
4.157402,6.002697,1.889726,5.943006,3.292074,3.292074
1.889726,6.944840,5.102260,5.418840,2.948803,2.948803
5.102260,6.944840,1.889726,5.418840,2.948803,2.948803
1.889726,7.887632,6.047118,5.341812,2.893471,2.893471
6.047118,7.887632,1.889726,5.341812,2.893471,2.893471
2.267668,4.496540,2.267671,13.423597,2.927078,2.927078
2.267671,4.496540,2.267668,13.423597,2.927078,2.927078
2.267671,4.683955,2.456635,12.774993,2.555057,2.555057
2.456635,4.683955,2.267671,12.774993,2.555057,2.555057
2.267671,4.871512,2.645625,12.225152,2.635020,2.635020
2.645625,4.871512,2.267671,12.225152,2.635020,2.635020
2.267671,5.059154,2.834592,11.847177,3.012852,3.012852
2.834592,5.059154,2.267671,11.847177,3.012852,3.012852
2.267671,5.434713,3.212526,9.571901,2.228308,2.228308
3.212526,5.434713,2.267671,9.571901,2.228308,2.228308
2.267671,5.998634,3.779450,6.676379,0.842131,0.842131
3.779450,5.998634,2.267671,6.676379,0.842131,0.842131
2.267671,6.374880,4.157402,5.834900,0.411872,0.411872
4.157402,6.374880,2.267671,5.834900,0.411872,0.411872
2.267671,7.316242,5.102260,5.306906,0.061794,0.061794
5.102260,7.316242,2.267671,5.306906,0.061794,0.061794
2.267671,8.258403,6.047118,5.233871,0.009453,0.009453
6.047118,8.258403,2.267671,5.233871,0.009453,0.009453
2.645617,5.245974,2.645625,11.150589,2.440402,2.440402
2.645625,5.245974,2.645617,11.150589,2.440402,2.440402
2.645617,5.433381,2.834592,10.599783,2.642609,2.642609
2.834592,5.433381,2.645617,10.599783,2.642609,2.642609
2.645617,5.808497,3.212526,8.994346,2.526177,2.526177
3.212526,5.808497,2.645617,8.994346,2.526177,2.526177
2.645617,6.371818,3.779450,6.482825,1.521473,1.521473
3.779450,6.371818,2.645617,6.482825,1.521473,1.521473
2.645617,6.747705,4.157402,5.703859,1.152185,1.152185
4.157402,6.747705,2.645617,5.703859,1.152185,1.152185
2.645617,7.688283,5.102260,5.220139,0.844386,0.844386
5.102260,7.688283,2.645617,5.220139,0.844386,0.844386
2.645617,8.629796,6.047118,5.158551,0.802843,0.802843
6.047118,8.629796,2.645617,5.158551,0.802843,0.802843
3.023562,6.182787,3.212526,8.144013,3.195285,3.195285
3.212526,6.182787,3.023562,8.144013,3.195285,3.195285
3.023562,6.745532,3.779450,6.282835,2.838485,2.838485
3.779450,6.745532,3.023562,6.282835,2.838485,2.838485
3.023562,7.121069,4.157402,5.600521,2.564771,2.564771
4.157402,7.121069,3.023562,5.600521,2.564771,2.564771
3.023562,8.060872,5.102260,5.183119,2.322018,2.322018
5.102260,8.060872,3.023562,5.183119,2.322018,2.322018
3.023562,9.001735,6.047118,5.136663,2.295176,2.295176
6.047118,9.001735,3.023562,5.136663,2.295176,2.295176
3.779450,7.494234,3.779452,6.095344,4.870397,4.870397
3.779452,7.494234,3.779450,6.095344,4.870397,4.870397
3.779452,7.869109,4.157402,5.539171,4.721702,4.721702
4.157402,7.869109,3.779452,5.539171,4.721702,4.721702
3.779452,8.807421,5.102260,5.204687,4.560517,4.560517
5.102260,8.807421,3.779452,5.204687,4.560517,4.560517
3.779452,9.746998,6.047118,5.171348,4.546294,4.546294
6.047118,9.746998,3.779452,5.171348,4.546294,4.546294
4.535343,9.555439,5.102260,5.269891,5.165533,5.165533
5.102260,9.555439,4.535343,5.269891,5.165533,5.165533
4.535343,10.493782,6.047118,5.235063,5.149575,5.149575
6.047118,10.493782,4.535343,5.235063,5.149575,5.149575
5.291233,11.241783,6.047118,5.223409,5.181925,5.181925
6.047118,11.241783,5.291233,5.223409,5.181925,5.181925
