R1,R2,R3,ETriat,E,ENew
1.511781,3.012064,1.511788,20.546393,46.661176,46.661176
1.511788,3.012064,1.511781,20.546393,46.661176,46.661176
1.511781,3.200357,1.700758,20.221934,35.525444,35.525444
1.700758,3.200357,1.511781,20.221934,35.525444,35.525444
1.511781,3.388728,1.889731,19.603961,30.141356,30.141356
1.889731,3.388728,1.511781,19.603961,30.141356,30.141356
1.511781,3.577160,2.078700,18.078301,26.915976,26.915976
2.078700,3.577160,1.511781,18.078301,26.915976,26.915976
1.511781,3.765648,2.267673,16.823963,25.475204,25.475204
2.267673,3.765648,1.511781,16.823963,25.475204,25.475204
1.511781,3.954181,2.456643,15.555842,24.717155,24.717155
2.456643,3.954181,1.511781,15.555842,24.717155,24.717155
1.511781,4.142755,2.645616,13.711746,23.651439,23.651439
2.645616,4.142755,1.511781,13.711746,23.651439,23.651439
1.511781,4.331362,2.834585,11.477629,22.257846,22.257846
2.834585,4.331362,1.511781,11.477629,22.257846,22.257846
1.511781,4.708665,3.212528,8.091114,20.424455,20.424455
3.212528,4.708665,1.511781,8.091114,20.424455,20.424455
1.511781,5.274812,3.779462,5.979860,19.835050,19.835050
3.779462,5.274812,1.511781,5.979860,19.835050,19.835050
1.511781,5.652317,4.157404,5.720110,19.989643,19.989643
4.157404,5.652317,1.511781,5.720110,19.989643,19.989643
1.511781,6.596298,5.102259,6.159490,20.613566,20.613566
5.102259,6.596298,1.511781,6.159490,20.613566,20.613566
1.511781,7.540498,6.047113,5.484276,19.961500,19.961500
6.047113,7.540498,1.511781,5.484276,19.961500,19.961500
1.889726,3.765075,1.889731,17.085310,11.585808,11.585808
1.889731,3.765075,1.889726,17.085310,11.585808,11.585808
1.889726,3.953360,2.078700,16.028637,8.578159,8.578159
2.078700,3.953360,1.889726,16.028637,8.578159,8.578159
1.889726,4.141710,2.267673,14.959328,7.103693,7.103693
2.267673,4.141710,1.889726,14.959328,7.103693,7.103693
1.889726,4.330112,2.456643,14.437251,6.924512,6.924512
2.456643,4.330112,1.889726,14.437251,6.924512,6.924512
1.889726,4.518564,2.645616,13.277420,6.429901,6.429901
2.645616,4.518564,1.889726,13.277420,6.429901,6.429901
1.889726,4.707055,2.834585,12.347136,6.272099,6.272099
2.834585,4.707055,1.889726,12.347136,6.272099,6.272099
1.889726,5.084146,3.212528,9.550297,4.975208,4.975208
3.212528,5.084146,1.889726,9.550297,4.975208,4.975208
1.889726,5.650016,3.779462,6.740240,3.676800,3.676800
3.779462,5.650016,1.889726,6.740240,3.676800,3.676800
1.889726,6.027360,4.157404,5.928683,3.278110,3.278110
4.157404,6.027360,1.889726,5.928683,3.278110,3.278110
1.889726,6.971003,5.102259,5.415842,2.945941,2.945941
5.102259,6.971003,1.889726,5.415842,2.945941,2.945941
1.889726,7.914936,6.047113,5.341066,2.892777,2.892777
6.047113,7.914936,1.889726,5.341066,2.892777,2.892777
2.267671,4.518086,2.267673,13.451558,2.958994,2.958994
2.267673,4.518086,2.267671,13.451558,2.958994,2.958994
2.267671,4.706366,2.456643,12.793491,2.575568,2.575568
2.456643,4.706366,2.267671,12.793491,2.575568,2.575568
2.267671,4.894701,2.645616,12.210038,2.620927,2.620927
2.645616,4.894701,2.267671,12.210038,2.620927,2.620927
2.267671,5.083082,2.834585,11.795264,2.961596,2.961596
2.834585,5.083082,2.267671,11.795264,2.961596,2.961596
2.267671,5.459967,3.212528,9.519118,2.176055,2.176055
3.212528,5.459967,2.267671,9.519118,2.176055,2.176055
2.267671,6.025562,3.779462,6.656324,0.822487,0.822487
3.779462,6.025562,2.267671,6.656324,0.822487,0.822487
2.267671,6.402745,4.157404,5.824648,0.401899,0.401899
4.157404,6.402745,2.267671,5.824648,0.401899,0.401899
2.267671,7.346041,5.102259,5.304505,0.059496,0.059496
5.102259,7.346041,2.267671,5.304505,0.059496,0.059496
2.267671,8.289692,6.047113,5.233178,0.008803,0.008803
6.047113,8.289692,2.267671,5.233178,0.008803,0.008803
2.645616,5.271097,2.645617,11.066183,2.356536,2.356536
2.645617,5.271097,2.645616,11.066183,2.356536,2.356536
2.645617,5.459373,2.834585,10.581058,2.624396,2.624396
2.834585,5.459373,2.645617,10.581058,2.624396,2.624396
2.645617,5.836062,3.212528,8.925009,2.457314,2.457314
3.212528,5.836062,2.645617,8.925009,2.457314,2.457314
2.645617,6.401391,3.779462,6.459051,1.498013,1.498013
3.779462,6.401391,2.645617,6.459051,1.498013,1.498013
2.645617,6.778414,4.157404,5.691906,1.140433,1.140433
4.157404,6.778414,2.645617,5.691906,1.140433,1.140433
2.645617,7.721362,5.102259,5.217026,0.841351,0.841351
5.102259,7.721362,2.645617,5.217026,0.841351,0.841351
2.645617,8.664725,6.047113,5.157693,0.802019,0.802019
6.047113,8.664725,2.645617,5.157693,0.802019,0.802019
3.023562,6.212382,3.212528,8.089181,3.140820,3.140820
3.212528,6.212382,3.023562,8.089181,3.140820,3.140820
3.023562,6.777456,3.779462,6.250345,2.806222,2.806222
3.779462,6.777456,3.023562,6.250345,2.806222,2.806222
3.023562,7.154322,4.157404,5.584680,2.549073,2.549073
4.157404,7.154322,3.023562,5.584680,2.549073,2.549073
3.023562,8.096926,5.102259,5.179374,2.318332,2.318332
5.102259,8.096926,3.023562,5.179374,2.318332,2.318332
3.023562,9.040000,6.047113,5.136550,2.295089,2.295089
6.047113,9.040000,3.023562,5.136550,2.295089,2.295089
3.779452,7.530150,3.779462,6.066819,4.841994,4.841994
3.779462,7.530150,3.779452,6.066819,4.841994,4.841994
3.779452,7.906722,4.157404,5.509695,4.692301,4.692301
4.157404,7.906722,3.779452,5.509695,4.692301,4.692301
3.779452,8.848665,5.102259,5.200230,4.556094,4.556094
5.102259,8.848665,3.779452,5.200230,4.556094,4.556094
3.779452,9.791168,6.047113,5.171245,4.546207,4.546207
6.047113,9.791168,3.779452,5.171245,4.546207,4.546207
4.535343,9.601055,5.102259,5.269741,5.165403,5.165403
5.102259,9.601055,4.535343,5.269741,5.165403,5.165403
4.535343,10.543010,6.047113,5.235312,5.149836,5.149836
6.047113,10.543010,4.535343,5.235312,5.149836,5.149836
5.291233,11.295393,6.047113,5.223403,5.181925,5.181925
6.047113,11.295393,5.291233,5.223403,5.181925,5.181925
