R1,R2,R3,ETriat,E,ENew
1.511781,1.943512,1.511788,44.552654,70.240327,70.240327
1.511788,1.943512,1.511781,44.552654,70.240327,70.240327
1.511781,2.070054,1.700758,41.472817,54.344516,54.344516
1.700758,2.070054,1.511781,41.472817,54.344516,54.344516
1.511781,2.205534,1.889731,37.430185,44.348090,44.348090
1.889731,2.205534,1.511781,37.430185,44.348090,44.348090
1.511781,2.348426,2.078700,32.938632,37.620929,37.620929
2.078700,2.348426,1.511781,32.938632,37.620929,37.620929
1.511781,2.497439,2.267673,28.626004,33.065788,33.065788
2.267673,2.497439,1.511781,28.626004,33.065788,33.065788
1.511781,2.651559,2.456643,23.808759,29.026334,29.026334
2.456643,2.651559,1.511781,23.808759,29.026334,29.026334
1.511781,2.809930,2.645616,18.868868,25.329847,25.329847
2.645616,2.809930,1.511781,18.868868,25.329847,25.329847
1.511781,2.971886,2.834585,14.990455,22.859090,22.859090
2.834585,2.971886,1.511781,14.990455,22.859090,22.859090
1.511781,3.304411,3.212528,9.596686,20.188077,20.188077
3.212528,3.304411,1.511781,9.596686,20.188077,20.188077
1.511781,3.819089,3.779462,5.603680,18.938063,18.938063
3.779462,3.819089,1.511781,5.603680,18.938063,18.938063
1.511781,4.169734,4.157404,4.858583,18.951506,18.951506
4.157404,4.169734,1.511781,4.858583,18.951506,18.951506
1.511781,5.063562,5.102259,5.397844,19.826334,19.826334
5.102259,5.063562,1.511781,5.397844,19.826334,19.826334
1.511781,5.973117,6.047113,5.434330,19.899966,19.899966
6.047113,5.973117,1.511781,5.434330,19.899966,19.899966
1.889726,2.429386,1.889731,32.298999,22.409621,22.409621
1.889731,2.429386,1.889726,32.298999,22.409621,22.409621
1.889726,2.554964,2.078700,28.505346,16.766475,16.766475
2.078700,2.554964,1.889726,28.505346,16.766475,16.766475
1.889726,2.687960,2.267673,24.947395,13.126925,13.126925
2.267673,2.687960,1.889726,24.947395,13.126925,13.126925
1.889726,2.827348,2.456643,21.597700,10.585961,10.585961
2.456643,2.827348,1.889726,21.597700,10.585961,10.585961
1.889726,2.972209,2.645616,18.025559,8.220188,8.220188
2.645616,2.972209,1.889726,18.025559,8.220188,8.220188
1.889726,3.121799,2.834585,14.989459,6.520142,6.520142
2.834585,3.121799,1.889726,14.989459,6.520142,6.520142
1.889726,3.432644,3.212528,10.427766,4.491612,4.491612
3.212528,3.432644,1.889726,10.427766,4.491612,4.491612
1.889726,3.921088,3.779462,6.951501,3.496015,3.496015
3.779462,3.921088,1.889726,6.951501,3.496015,3.496015
1.889726,4.257531,4.157404,5.979284,3.191382,3.191382
4.157404,4.257531,1.889726,5.979284,3.191382,3.191382
1.889726,5.124014,5.102259,5.405261,2.909038,2.909038
5.102259,5.124014,1.889726,5.405261,2.909038,2.909038
1.889726,6.014148,6.047113,5.316398,2.856264,2.856264
6.047113,6.014148,1.889726,5.316398,2.856264,2.856264
2.267671,2.915260,2.267673,19.746980,6.065989,6.065989
2.267673,2.915260,2.267671,19.746980,6.065989,6.065989
2.267671,3.040183,2.456643,17.434016,4.505792,4.505792
2.456643,3.040183,2.267671,17.434016,4.505792,4.505792
2.267671,3.171440,2.645616,15.331396,3.522207,3.522207
2.645616,3.171440,2.267671,15.331396,3.522207,3.522207
2.267671,3.308298,2.834585,13.337142,2.756483,2.756483
2.834585,3.308298,2.267671,13.337142,2.756483,2.756483
2.267671,3.596198,3.212528,9.744724,1.456167,1.456167
3.212528,3.596198,2.267671,9.744724,1.456167,1.456167
2.267671,4.055874,3.779462,6.707463,0.610176,0.610176
3.779462,4.055874,2.267671,6.707463,0.610176,0.610176
2.267671,4.376315,4.157404,5.807887,0.287157,0.287157
4.157404,4.376315,2.267671,5.807887,0.287157,0.287157
2.267671,5.211245,5.102259,5.293718,0.022983,0.022983
5.102259,5.211245,2.267671,5.293718,0.022983,0.022983
2.267671,6.078446,6.047113,5.223292,-0.012619,-0.012619
6.047113,6.078446,2.267671,5.223292,-0.012619,-0.012619
2.645616,3.401135,2.645617,12.293873,2.125666,2.125666
2.645617,3.401135,2.645616,12.293873,2.125666,2.125666
2.645617,3.525582,2.834585,11.007729,1.934473,1.934473
2.834585,3.525582,2.645617,11.007729,1.934473,1.934473
2.645617,3.790504,3.212528,8.738031,1.694236,1.694236
3.212528,3.790504,2.645617,8.738031,1.694236,1.694236
2.645617,4.220305,3.779462,6.348308,1.227681,1.227681
3.779462,4.220305,2.645617,6.348308,1.227681,1.227681
2.645617,4.523647,4.157404,5.640311,1.021789,1.021789
4.157404,4.523647,2.645617,5.640311,1.021789,1.021789
2.645617,5.323937,5.102259,5.212274,0.812383,0.812383
5.102259,5.323937,2.645617,5.212274,0.812383,0.812383
2.645617,6.165284,6.047113,5.149431,0.782939,0.782939
6.047113,6.165284,2.645617,5.149431,0.782939,0.782939
3.023562,4.011096,3.212528,7.607161,2.353284,2.353284
3.212528,4.011096,3.023562,7.607161,2.353284,2.353284
3.023562,4.411068,3.779462,6.046532,2.511173,2.511173
3.779462,4.411068,3.023562,6.046532,2.511173,2.511173
3.023562,4.696842,4.157404,5.504498,2.421669,2.421669
4.157404,4.696842,3.023562,5.504498,2.421669,2.421669
3.023562,5.460516,5.102259,5.157483,2.274404,2.274404
5.102259,5.460516,3.023562,5.157483,2.274404,2.274404
3.023562,6.273726,6.047113,5.101107,2.249817,2.249817
6.047113,6.273726,3.023562,5.101107,2.249817,2.249817
3.779452,4.858772,3.779462,5.442283,4.179694,4.179694
3.779462,4.858772,3.779452,5.442283,4.179694,4.179694
3.779452,5.109917,4.157404,5.307679,4.460563,4.460563
4.157404,5.109917,3.779452,5.307679,4.460563,4.460563
3.779452,5.798287,5.102259,5.258067,4.597464,4.597464
5.102259,5.798287,3.779452,5.258067,4.597464,4.597464
3.779452,6.550916,6.047113,5.238867,4.606310,4.606310
6.047113,6.550916,3.779452,5.238867,4.606310,4.606310
4.535343,6.210134,5.102259,5.148575,5.033360,5.033360
5.102259,6.210134,4.535343,5.148575,5.033360,5.033360
4.535343,6.900153,6.047113,5.139141,5.048320,5.048320
6.047113,6.900153,4.535343,5.139141,5.048320,5.048320
5.291233,7.311119,6.047113,5.161253,5.116142,5.116142
6.047113,7.311119,5.291233,5.161253,5.116142,5.116142
