R1,R2,R3,ETriat,E,ENew
1.511781,2.841227,1.511787,21.122116,46.544786,46.544786
1.511787,2.841227,1.511781,21.122116,46.544786,46.544786
1.511781,3.019487,1.700755,20.456825,35.071205,35.071205
1.700755,3.019487,1.511781,20.456825,35.071205,35.071205
1.511781,3.198978,1.889723,19.505942,29.408849,29.408849
1.889723,3.198978,1.511781,19.505942,29.408849,29.408849
1.511781,3.379519,2.078705,18.137153,26.436282,26.436282
2.078705,3.379519,1.511781,18.137153,26.436282,26.436282
1.511781,3.560919,2.267672,16.851399,25.083669,25.083669
2.267672,3.560919,1.511781,16.851399,25.083669,25.083669
1.511781,3.743077,2.456642,14.827259,23.690770,23.690770
2.456642,3.743077,1.511781,14.827259,23.690770,23.690770
1.511781,3.925870,2.645610,12.002830,21.749359,21.749359
2.645610,3.925870,1.511781,12.002830,21.749359,21.749359
1.511781,4.109238,2.834592,9.823904,20.489805,20.489805
2.834592,4.109238,1.511781,9.823904,20.489805,20.489805
1.511781,4.477360,3.212542,6.902117,19.203972,19.203972
3.212542,4.477360,1.511781,6.902117,19.203972,19.203972
1.511781,5.032266,3.779460,5.339853,19.188794,19.188794
3.779460,5.032266,1.511781,5.339853,19.188794,19.188794
1.511781,5.403586,4.157397,5.201735,19.466281,19.466281
4.157397,5.403586,1.511781,5.201735,19.466281,19.466281
1.511781,6.335326,5.102265,5.376685,19.828372,19.828372
5.102265,6.335326,1.511781,5.376685,19.828372,19.828372
1.511781,7.270445,6.047120,5.432239,19.908595,19.908595
6.047120,7.270445,1.511781,5.432239,19.908595,19.908595
1.889723,3.551517,1.889726,19.178586,13.238284,13.238284
1.889726,3.551517,1.889723,19.178586,13.238284,13.238284
1.889726,3.729664,2.078705,17.450694,9.679391,9.679391
2.078705,3.729664,1.889726,17.450694,9.679391,9.679391
1.889726,3.908811,2.267672,15.770510,7.702031,7.702031
2.267672,3.908811,1.889726,15.770510,7.702031,7.702031
1.889726,4.088853,2.456642,13.969704,6.328082,6.328082
2.456642,4.088853,1.889726,13.969704,6.328082,6.328082
1.889726,4.269656,2.645610,11.875108,4.955998,4.955998
2.645610,4.269656,1.889726,11.875108,4.955998,4.955998
1.889726,4.451155,2.834592,10.232270,4.120198,4.120198
2.834592,4.451155,1.889726,10.232270,4.120198,4.120198
1.889726,4.815864,3.212542,7.813984,3.228458,3.228458
3.212542,4.815864,1.889726,7.813984,3.228458,3.228458
1.889726,5.366355,3.779460,5.997814,2.928639,2.928639
3.779460,5.366355,1.889726,5.997814,2.928639,2.928639
1.889726,5.735124,4.157397,5.527413,2.872092,2.872092
4.157397,5.735124,1.889726,5.527413,2.872092,2.872092
1.889726,6.661560,5.102265,5.316839,2.845033,2.845033
5.102265,6.661560,1.889726,5.316839,2.845033,2.845033
1.889726,7.592530,6.047120,5.302936,2.853923,2.853923
6.047120,7.592530,1.889726,5.302936,2.853923,2.853923
2.267671,4.261825,2.267672,13.565057,2.997588,2.997588
2.267672,4.261825,2.267671,13.565057,2.997588,2.997588
2.267671,4.439876,2.456642,12.458530,2.200989,2.200989
2.456642,4.439876,2.267671,12.458530,2.200989,2.200989
2.267671,4.618784,2.645610,11.304661,1.695060,1.695060
2.645610,4.618784,2.267671,11.304661,1.695060,1.695060
2.267671,4.798481,2.834592,9.871765,1.026645,1.026645
2.834592,4.798481,2.267671,9.871765,1.026645,1.026645
2.267671,5.159847,3.212542,7.840173,0.490448,0.490448
3.212542,5.159847,2.267671,7.840173,0.490448,0.490448
2.267671,5.705919,3.779460,6.006170,0.167082,0.167082
3.779460,5.705919,2.267671,6.006170,0.167082,0.167082
2.267671,6.072087,4.157397,5.485131,0.058498,0.058498
4.157397,6.072087,2.267671,5.485131,0.058498,0.058498
2.267671,6.993003,5.102265,5.226614,-0.019861,-0.019861
5.102265,6.993003,2.267671,5.226614,-0.019861,-0.019861
2.267671,7.919554,6.047120,5.204368,-0.020598,-0.020598
6.047120,7.919554,2.267671,5.204368,-0.020598,-0.020598
2.645610,4.972127,2.645617,10.025411,1.307602,1.307602
2.645617,4.972127,2.645610,10.025411,1.307602,1.307602
2.645617,5.150119,2.834592,9.277166,1.313586,1.313586
2.834592,5.150119,2.645617,9.277166,1.313586,1.313586
2.645617,5.508284,3.212542,7.553341,1.079593,1.079593
3.212542,5.508284,2.645617,7.553341,1.079593,1.079593
2.645617,6.050037,3.779460,5.923691,0.958477,0.958477
3.779460,6.050037,2.645617,5.923691,0.958477,0.958477
2.645617,6.413620,4.157397,5.419137,0.864767,0.864767
4.157397,6.413620,2.645617,5.419137,0.864767,0.864767
2.645617,7.328948,5.102265,5.158992,0.782202,0.782202
5.102265,7.328948,2.645617,5.158992,0.782202,0.782202
2.645617,8.250930,6.047120,5.135273,0.779123,0.779123
6.047120,8.250930,2.645617,5.135273,0.779123,0.779123
3.023562,5.860379,3.212542,7.150676,2.197346,2.197346
3.212542,5.860379,3.023562,7.150676,2.197346,2.197346
3.023562,6.397973,3.779460,5.801230,2.354064,2.354064
3.779460,6.397973,3.023562,5.801230,2.354064,2.354064
3.023562,6.759030,4.157397,5.359019,2.321324,2.321324
4.157397,6.759030,3.023562,5.359019,2.321324,2.321324
3.023562,7.668805,5.102265,5.113052,2.251161,2.251161
5.102265,7.668805,3.023562,5.113052,2.251161,2.251161
3.023562,8.586154,6.047120,5.089361,2.247519,2.247519
6.047120,8.586154,3.023562,5.089361,2.247519,2.247519
3.779452,7.103052,3.779460,5.474510,4.248166,4.248166
3.779460,7.103052,3.779452,5.474510,4.248166,4.248166
3.779452,7.459321,4.157397,5.292619,4.474136,4.474136
4.157397,7.459321,3.779452,5.292619,4.474136,4.474136
3.779452,8.358336,5.102265,5.256535,4.611904,4.611904
5.102265,8.358336,3.779452,5.256535,4.611904,4.611904
3.779452,9.266472,6.047120,5.236230,4.610950,4.610950
6.047120,9.266472,3.779452,5.236230,4.610950,4.610950
4.535343,9.058462,5.102265,5.141591,5.036959,5.036959
5.102265,9.058462,4.535343,5.141591,5.036959,5.036959
4.535343,9.957695,6.047120,5.133215,5.047583,5.047583
6.047120,9.957695,4.535343,5.133215,5.047583,5.047583
5.291233,10.657702,6.047120,5.156636,5.115058,5.115058
6.047120,10.657702,5.291233,5.156636,5.115058,5.115058
