R1,R2,R3,ETriat,E,ENew
1.511781,2.316189,1.511788,33.238230,57.025936,57.025936
1.511788,2.316189,1.511781,33.238230,57.025936,57.025936
1.511781,2.463939,1.700758,30.628139,43.146514,43.146514
1.700758,2.463939,1.511781,30.628139,43.146514,43.146514
1.511781,2.617011,1.889731,27.718282,35.333125,35.333125
1.889731,2.617011,1.511781,27.718282,35.333125,35.333125
1.511781,2.774500,2.078700,24.042046,30.057793,30.057793
2.078700,2.774500,1.511781,24.042046,30.057793,30.057793
1.511781,2.935719,2.267673,20.256623,26.361826,26.361826
2.267673,2.935719,1.511781,20.256623,26.361826,26.361826
1.511781,3.100063,2.456643,16.636999,23.644934,23.644934
2.456643,3.100063,1.511781,16.636999,23.644934,23.644934
1.511781,3.267082,2.645616,13.285723,21.520310,21.520310
2.645616,3.267082,1.511781,13.285723,21.520310,21.520310
1.511781,3.436365,2.834585,10.627267,20.146361,20.146361
2.834585,3.436365,1.511781,10.627267,20.146361,20.146361
1.511781,3.780543,3.212528,7.096735,18.871673,18.871673
3.212528,3.780543,1.511781,7.096735,18.871673,18.871673
1.511781,4.307457,3.779462,4.940113,18.692666,18.692666
3.779462,4.307457,1.511781,4.940113,18.692666,18.692666
1.511781,4.663936,4.157404,4.727181,18.962130,18.962130
4.157404,4.663936,1.511781,4.727181,18.962130,18.962130
1.511781,5.567531,5.102259,5.373846,19.813801,19.813801
5.102259,5.567531,1.511781,5.373846,19.813801,19.813801
1.511781,6.482900,6.047113,5.432998,19.904693,19.904693
6.047113,6.482900,1.511781,5.432998,19.904693,19.904693
1.889726,2.895234,1.889731,21.974395,13.765114,13.765114
1.889731,2.895234,1.889726,21.974395,13.765114,13.765114
1.889726,3.042413,2.078700,19.338883,9.511615,9.511615
2.078700,3.042413,1.889726,19.338883,9.511615,9.511615
1.889726,3.194008,2.267673,16.909608,7.091377,7.091377
2.267673,3.194008,1.889726,16.909608,7.091377,7.091377
1.889726,3.349392,2.456643,14.689135,5.652252,5.652252
2.456643,3.349392,1.889726,14.689135,5.652252,5.652252
1.889726,3.508087,2.645616,12.500202,4.541177,4.541177
2.645616,3.508087,1.889726,12.500202,4.541177,4.541177
1.889726,3.669639,2.834585,10.449974,3.614572,3.614572
2.834585,3.669639,1.889726,10.449974,3.614572,3.614572
1.889726,3.999970,3.212528,7.731671,2.861685,2.861685
3.212528,3.999970,1.889726,7.731671,2.861685,2.861685
1.889726,4.509530,3.779462,5.944818,2.825649,2.825649
3.779462,4.509530,1.889726,5.944818,2.825649,2.825649
1.889726,4.856293,4.157404,5.518179,2.840480,2.840480
4.157404,4.856293,1.889726,5.518179,2.840480,2.840480
1.889726,5.740444,5.102259,5.327892,2.844729,2.844729
5.102259,5.740444,1.889726,5.327892,2.844729,2.844729
1.889726,6.641334,6.047113,5.306700,2.853315,2.853315
6.047113,6.641334,1.889726,5.306700,2.853315,2.853315
2.267671,3.474278,2.267673,13.686804,1.992191,1.992191
2.267673,3.474278,2.267671,13.686804,1.992191,1.992191
2.267671,3.621070,2.456643,12.237187,1.156478,1.156478
2.456643,3.621070,2.267671,12.237187,1.156478,1.156478
2.267671,3.771632,2.645616,10.912356,0.738794,0.738794
2.645616,3.771632,2.267671,10.912356,0.738794,0.738794
2.267671,3.925504,2.834585,9.703189,0.495175,0.495175
2.834585,3.925504,2.267671,9.703189,0.495175,0.495175
2.267671,4.241780,3.212528,7.553977,0.076408,0.076408
3.212528,4.241780,2.267671,7.553977,0.076408,0.076408
2.267671,4.733204,3.779462,5.927847,0.059279,0.059279
3.779462,4.733204,2.267671,5.927847,0.059279,0.059279
2.267671,5.069571,4.157404,5.471220,0.024761,0.024761
4.157404,5.069571,2.267671,5.471220,0.024761,0.024761
2.267671,5.932426,5.102259,5.236285,-0.020338,-0.020338
5.102259,5.932426,2.267671,5.236285,-0.020338,-0.020338
2.267671,6.817060,6.047113,5.208325,-0.020555,-0.020555
6.047113,6.817060,2.267671,5.208325,-0.020555,-0.020555
2.645616,4.053322,2.645617,9.263265,0.302161,0.302161
2.645617,4.053322,2.645616,9.263265,0.302161,0.302161
2.645617,4.199833,2.834585,8.537873,0.425489,0.425489
2.834585,4.199833,2.645617,8.537873,0.425489,0.425489
2.645617,4.502368,3.212528,7.205942,0.677868,0.677868
3.212528,4.502368,2.645617,7.205942,0.677868,0.677868
2.645617,4.975567,3.779462,5.796354,0.808654,0.808654
3.779462,4.975567,2.645617,5.796354,0.808654,0.808654
2.645617,5.301246,4.157404,5.390255,0.817804,0.817804
4.157404,5.301246,2.645617,5.390255,0.817804,0.817804
2.645617,6.141690,5.102259,5.164964,0.779600,0.779600
5.102259,6.141690,2.645617,5.164964,0.779600,0.779600
2.645617,7.008780,6.047113,5.138107,0.778559,0.778559
6.047113,7.008780,2.645617,5.138107,0.778559,0.778559
3.023562,4.778664,3.212528,6.652206,1.669865,1.669865
3.212528,4.778664,3.023562,6.652206,1.669865,1.669865
3.023562,5.234023,3.779462,5.654083,2.187459,2.187459
3.779462,5.234023,3.023562,5.654083,2.187459,2.187459
3.023562,5.549013,4.157404,5.316866,2.263520,2.263520
4.157404,5.549013,3.023562,5.316866,2.263520,2.263520
3.023562,6.366530,5.102259,5.116862,2.247996,2.247996
5.102259,6.366530,3.023562,5.116862,2.247996,2.247996
3.023562,7.215218,6.047113,5.091815,2.247085,2.247085
6.047113,7.215218,3.023562,5.091815,2.247085,2.247085
3.779452,5.790468,3.779462,5.267313,4.027963,4.027963
3.779462,5.790468,3.779452,5.267313,4.027963,4.027963
3.779452,6.084841,4.157404,5.193563,4.365335,4.365335
4.157404,6.084841,3.779452,5.193563,4.365335,4.365335
3.779452,6.856710,5.102259,5.250007,4.601019,4.601019
5.102259,6.856710,3.779452,5.250007,4.601019,4.601019
3.779452,7.667410,6.047113,5.237193,4.609909,4.609909
6.047113,7.667410,3.779452,5.237193,4.609909,4.609909
4.535343,7.391819,5.102259,5.144070,5.036785,5.036785
5.102259,7.391819,4.535343,5.144070,5.036785,5.036785
4.535343,8.164662,6.047113,5.138942,5.051963,5.051963
6.047113,8.164662,4.535343,5.138942,5.051963,5.051963
5.291233,8.699253,6.047113,5.157051,5.114581,5.114581
6.047113,8.699253,5.291233,5.157051,5.114581,5.114581
