R1,R2,R3,ETriat,E,ENew
1.511781,2.645610,1.776799,27.597199,38.012940,38.012940
1.776799,2.645610,1.511781,27.597199,38.012940,38.012940
2.200012,3.597434,2.282033,13.280798,1.969945,1.969945
2.282033,3.597434,2.200012,13.280798,1.969945,1.969945
2.282033,3.758276,2.400020,11.912654,0.968277,0.968277
2.400020,3.758276,2.282033,11.912654,0.968277,0.968277
2.282033,3.922710,2.600010,10.656188,0.526484,0.526484
2.600010,3.922710,2.282033,10.656188,0.526484,0.526484
2.282033,4.090325,2.800019,9.502920,0.309056,0.309056
2.800019,4.090325,2.282033,9.502920,0.309056,0.309056
2.282033,4.260723,3.000009,8.400478,0.118731,0.118731
3.000009,4.260723,2.282033,8.400478,0.118731,0.118731
2.282033,4.433608,3.200017,7.413454,-0.044795,-0.044795
3.200017,4.433608,2.282033,7.413454,-0.044795,-0.044795
2.282033,4.608687,3.400013,6.695218,-0.066998,-0.066998
3.400013,4.608687,2.282033,6.695218,-0.066998,-0.066998
2.282033,4.785721,3.600021,6.195001,-0.022029,-0.022029
3.600021,4.785721,2.282033,6.195001,-0.022029,-0.022029
2.282033,4.964485,3.800012,5.827783,0.002038,0.002038
3.800012,4.964485,2.282033,5.827783,0.002038,0.002038
2.282033,5.144827,4.000020,5.570087,0.000173,0.000173
4.000020,5.144827,2.282033,5.570087,0.000173,0.000173
2.282033,5.326573,4.200028,5.408833,-0.008890,-0.008890
4.200028,5.326573,2.282033,5.408833,-0.008890,-0.008890
2.282033,5.509570,4.400018,5.317177,-0.017693,-0.017693
4.400018,5.509570,2.282033,5.317177,-0.017693,-0.017693
2.282033,5.693737,4.600032,5.268490,-0.024241,-0.024241
4.600032,5.693737,2.282033,5.268490,-0.024241,-0.024241
2.282033,5.878913,4.800022,5.243487,-0.028100,-0.028100
4.800022,5.878913,2.282033,5.243487,-0.028100,-0.028100
2.282033,6.065045,5.000031,5.230074,-0.029835,-0.029835
5.000031,6.065045,2.282033,5.230074,-0.029835,-0.029835
2.282033,6.252018,5.200021,5.221867,-0.030138,-0.030138
5.200021,6.252018,2.282033,5.221867,-0.030138,-0.030138
2.282033,6.439789,5.400029,5.215867,-0.029704,-0.029704
5.400029,6.439789,2.282033,5.215867,-0.029704,-0.029704
2.282033,6.628261,5.600019,5.211125,-0.028794,-0.028794
5.600019,6.628261,2.282033,5.211125,-0.028794,-0.028794
2.282033,6.817405,5.800028,5.207202,-0.027753,-0.027753
5.800028,6.817405,2.282033,5.207202,-0.027753,-0.027753
2.282033,7.007163,6.000042,5.204040,-0.026669,-0.026669
6.000042,7.007163,2.282033,5.204040,-0.026669,-0.026669
2.282033,7.483845,6.500035,5.198958,-0.024110,-0.024110
6.500035,7.483845,2.282033,5.198958,-0.024110,-0.024110
2.282033,7.963386,7.000029,5.196617,-0.021986,-0.021986
7.000029,7.963386,2.282033,5.196617,-0.021986,-0.021986
2.282033,8.445326,7.500046,5.195734,-0.020251,-0.020251
7.500046,8.445326,2.282033,5.195734,-0.020251,-0.020251
2.282033,8.929229,8.000040,5.195445,-0.018950,-0.018950
8.000040,8.929229,2.282033,5.195445,-0.018950,-0.018950
2.282033,9.414822,8.500039,5.195443,-0.017953,-0.017953
8.500039,9.414822,2.282033,5.195443,-0.017953,-0.017953
2.282033,9.901857,9.000050,5.195576,-0.017172,-0.017172
9.000050,9.901857,2.282033,5.195576,-0.017172,-0.017172
2.282033,10.390108,9.500044,5.195710,-0.016608,-0.016608
9.500044,10.390108,2.282033,5.195710,-0.016608,-0.016608
2.282033,10.879452,10.000061,5.195809,-0.016218,-0.016218
10.000061,10.879452,2.282033,5.195809,-0.016218,-0.016218
