R1,R2,R3,ETriat,E,ENew
1.511781,1.840621,1.511782,46.498429,74.062527,74.062527
1.511782,1.840621,1.511781,46.498429,74.062527,74.062527
1.511781,1.961397,1.700749,45.057515,58.974850,58.974850
1.700749,1.961397,1.511781,45.057515,58.974850,58.974850
1.511781,2.092309,1.889734,41.121603,48.457664,48.457664
1.889734,2.092309,1.511781,41.121603,48.457664,48.457664
1.511781,2.231544,2.078701,36.477945,41.146605,41.146605
2.078701,2.231544,1.511781,36.477945,41.146605,41.146605
1.511781,2.267671,2.128418,35.304210,39.680854,39.680854
2.128418,2.267671,1.511781,35.304210,39.680854,39.680854
1.511781,2.377654,2.267668,31.738838,35.896554,35.896554
2.267668,2.377654,1.511781,31.738838,35.896554,35.896554
1.511781,2.529448,2.456635,25.763048,30.551884,30.551884
2.456635,2.529448,1.511781,25.763048,30.551884,30.551884
1.511781,2.685974,2.645625,20.393533,26.360048,26.360048
2.645625,2.685974,1.511781,20.393533,26.360048,26.360048
1.511781,2.846430,2.834592,16.234384,23.592984,23.592984
2.834592,2.846430,1.511781,16.234384,23.592984,23.592984
1.511781,3.176765,3.212526,10.423829,20.568077,20.568077
3.212526,3.176765,1.511781,10.423829,20.568077,20.568077
1.511781,3.689456,3.779450,5.859431,18.970760,18.970760
3.779450,3.689456,1.511781,5.859431,18.970760,18.970760
1.511781,4.039318,4.157402,4.911756,18.910007,18.910007
4.157402,4.039318,1.511781,4.911756,18.910007,18.910007
1.511781,4.932114,5.102260,5.378269,19.802353,19.802353
5.102260,4.932114,1.511781,5.378269,19.802353,19.802353
1.511781,5.841311,6.047118,5.432049,19.895586,19.895586
6.047118,5.841311,1.511781,5.432049,19.895586,19.895586
1.889726,2.300790,1.889734,35.948353,25.875758,25.875758
1.889734,2.300790,1.889726,35.948353,25.875758,25.875758
1.889726,2.420475,2.078701,32.180863,20.061411,20.061411
2.078701,2.420475,1.889726,32.180863,20.061411,20.061411
1.889726,2.548564,2.267668,28.403291,16.076639,16.076639
2.267668,2.548564,1.889726,28.403291,16.076639,16.076639
1.889726,2.683855,2.456635,24.686587,13.101253,13.101253
2.456635,2.683855,1.889726,24.686587,13.101253,13.101253
1.889726,2.825322,2.645625,20.473230,10.070492,10.070492
2.645625,2.825322,1.889726,20.473230,10.070492,10.070492
1.889726,2.834588,2.660516,20.202235,9.893523,9.893523
2.660516,2.834588,1.889726,20.202235,9.893523,9.893523
1.889726,2.972068,2.834592,16.895480,7.838497,7.838497
2.834592,2.972068,1.889726,16.895480,7.838497,7.838497
1.889726,3.278555,3.212526,11.554712,5.132880,5.132880
3.212526,3.278555,1.889726,11.554712,5.132880,5.132880
1.889726,3.762746,3.779450,7.385619,3.703816,3.703816
3.779450,3.762746,1.889726,7.385619,3.703816,3.703816
1.889726,4.097357,4.157402,6.162246,3.280712,3.280712
4.157402,4.097357,1.889726,6.162246,3.280712,3.280712
1.889726,4.961163,5.102260,5.401127,2.899932,2.899932
5.102260,4.961163,1.889726,5.401127,2.899932,2.899932
1.889726,5.850081,6.047118,5.318698,2.856004,2.856004
6.047118,5.850081,1.889726,5.318698,2.856004,2.856004
2.267668,2.760943,2.267671,22.579051,8.270621,8.270621
2.267671,2.760943,2.267668,22.579051,8.270621,8.270621
2.267671,2.879885,2.456635,19.952338,6.378211,6.378211
2.456635,2.879885,2.267671,19.952338,6.378211,6.378211
2.267671,3.006015,2.645625,17.554963,5.108466,5.108466
2.645625,3.006015,2.267671,17.554963,5.108466,5.108466
2.267671,3.138455,2.834592,15.175493,3.992447,3.992447
2.834592,3.138455,2.267671,15.175493,3.992447,3.992447
2.267671,3.419313,3.212526,10.886263,2.134555,2.134555
3.212526,3.419313,2.267671,10.886263,2.134555,2.134555
2.267671,3.871707,3.779450,7.147489,0.853232,0.853232
3.779450,3.871707,2.267671,7.147489,0.853232,0.853232
2.267671,4.188825,4.157402,5.997211,0.398083,0.398083
4.157402,4.188825,2.267671,5.997211,0.398083,0.398083
2.267671,5.018586,5.102260,5.310582,0.034648,0.034648
5.102260,5.018586,2.267671,5.310582,0.034648,0.034648
2.267671,5.883168,6.047118,5.225827,-0.013009,-0.013009
6.047118,5.883168,2.267671,5.225827,-0.013009,-0.013009
2.645617,3.221101,2.645625,13.989473,3.228545,3.228545
2.645625,3.221101,2.645617,13.989473,3.228545,3.228545
2.645617,3.339505,2.834592,12.473405,2.862725,2.862725
2.834592,3.339505,2.645617,12.473405,2.862725,2.862725
2.645617,3.594462,3.212526,9.634973,2.210703,2.210703
3.212526,3.594462,2.645617,9.634973,2.210703,2.210703
2.645617,4.013435,3.779450,6.694246,1.427807,1.427807
3.779450,4.013435,2.645617,6.694246,1.427807,1.427807
2.645617,4.311596,4.157402,5.795345,1.121223,1.121223
4.157402,4.311596,2.645617,5.795345,1.121223,1.121223
2.645617,5.102260,5.103426,5.232091,0.826910,0.826910
5.103426,5.102260,2.645617,5.232091,0.826910,0.826910
2.645617,5.940166,6.047118,5.153720,0.784067,0.784067
6.047118,5.940166,2.645617,5.153720,0.784067,0.784067
2.645617,6.047113,6.165284,5.149431,0.782939,0.782939
6.165284,6.047113,2.645617,5.149431,0.782939,0.782939
3.023562,3.799251,3.212526,8.324854,2.808780,2.808780
3.212526,3.799251,3.023562,8.324854,2.808780,2.808780
3.023562,4.184601,3.779450,6.329732,2.703839,2.703839
3.779450,4.184601,3.023562,6.329732,2.703839,2.703839
3.023562,4.463088,4.157402,5.624541,2.508180,2.508180
4.157402,4.463088,3.023562,5.624541,2.508180,2.508180
3.023562,5.102258,4.962088,5.198729,2.303068,2.303068
4.962088,5.102258,3.023562,5.198729,2.303068,2.303068
3.023562,5.214346,5.102260,5.176800,2.288324,2.288324
5.102260,5.214346,3.023562,5.176800,2.288324,2.288324
3.023562,6.020395,6.047118,5.105661,2.251118,2.251118
6.047118,6.020395,3.023562,5.105661,2.251118,2.251118
3.779450,4.601565,3.779452,5.586251,4.302718,4.302718
3.779452,4.601565,3.779450,5.586251,4.302718,4.302718
3.779452,4.840950,4.157402,5.396818,4.539876,4.539876
4.157402,4.840950,3.779452,5.396818,4.539876,4.539876
3.779452,5.507752,5.102260,5.253868,4.587793,4.587793
5.102260,5.507752,3.779452,5.253868,4.587793,4.587793
3.779452,6.246710,6.047118,5.240481,4.604922,4.604922
6.047118,6.246710,3.779452,5.240481,4.604922,4.604922
4.535343,5.884217,5.102260,5.152960,5.033143,5.033143
5.102260,5.884217,4.535343,5.152960,5.033143,5.033143
4.535343,6.552890,6.047118,5.137957,5.044764,5.044764
6.047118,6.552890,4.535343,5.137957,5.044764,5.044764
5.291233,6.928353,6.047118,5.161285,5.114494,5.114494
6.047118,6.928353,5.291233,5.161285,5.114494,5.114494
