E
5.413645e+01
3.885283e+01
2.967284e+01
2.378708e+01
1.936929e+01
1.555745e+01
1.213789e+01
9.169417e+00
6.737784e+00
4.859245e+00
3.476688e+00
2.491623e+00
1.798073e+00
1.304866e+00
9.447730e-01
6.740397e-01
4.669146e-01
3.089694e-01
1.915007e-01
1.079115e-01
5.199205e-02
1.753280e-02
-1.387396e-03
-9.951479e-03
-1.228584e-02
-1.136865e-02
-9.134381e-03
-6.691655e-03
-4.571503e-03
-2.948750e-03
-1.809595e-03
-1.061912e-03
-5.979932e-04
-3.239678e-04
-1.691474e-04
-8.519500e-05
-4.139277e-05
-1.936233e-05
-8.667777e-06
-3.654109e-06
-1.385687e-06
-3.982645e-07
1.145909e-08
1.693709e-07
2.213550e-07
2.305706e-07
2.234798e-07
2.108083e-07
1.967505e-07
1.828737e-07
1.697204e-07
1.574451e-07
1.460606e-07
1.355298e-07
1.258000e-07
1.168152e-07
1.085201e-07
1.008623e-07
9.379235e-08
8.726402e-08
8.123443e-08
7.566384e-08
7.051552e-08
6.575559e-08
6.135287e-08
5.727870e-08
5.350674e-08
5.001281e-08
3.885283e+01
3.075140e+01
2.489406e+01
2.050134e+01
1.699630e+01
1.396369e+01
1.121034e+01
8.716875e+00
6.540711e+00
4.737974e+00
3.325722e+00
2.277103e+00
1.534499e+00
1.027808e+00
6.898152e-01
4.653684e-01
3.143658e-01
2.104255e-01
1.374789e-01
8.609010e-02
5.052167e-02
2.685778e-02
1.204713e-02
3.547816e-03
-7.352977e-04
-2.432570e-03
-2.714922e-03
-2.347735e-03
-1.778447e-03
-1.232474e-03
-7.976606e-04
-4.877152e-04
-2.837233e-04
-1.577472e-04
-8.404674e-05
-4.294531e-05
-2.100214e-05
-9.754093e-06
-4.208033e-06
-1.576528e-06
-3.775817e-07
1.426844e-07
3.524886e-07
4.250228e-07
4.389454e-07
4.288515e-07
4.095278e-07
3.871464e-07
3.642394e-07
3.418350e-07
3.203472e-07
2.999372e-07
2.806578e-07
2.625123e-07
2.454783e-07
2.295196e-07
2.145915e-07
2.006443e-07
1.876262e-07
1.754842e-07
1.641656e-07
1.536187e-07
1.437938e-07
1.346428e-07
1.261201e-07
1.181825e-07
1.107892e-07
1.039020e-07
2.967284e+01
2.489406e+01
2.104344e+01
1.777527e+01
1.497176e+01
1.248939e+01
1.021216e+01
8.105604e+00
6.204648e+00
4.568144e+00
3.238123e+00
2.220335e+00
1.485241e+00
9.808647e-01
6.483074e-01
4.338529e-01
2.953971e-01
2.037522e-01
1.407148e-01
9.586819e-02
6.351472e-02
4.041097e-02
2.441232e-02
1.383051e-02
7.221558e-03
3.366327e-03
1.296407e-03
3.000683e-04
-1.042523e-04
-2.155443e-04
-2.029794e-04
-1.523569e-04
-1.011180e-04
-6.165216e-05
-3.514088e-05
-1.886094e-05
-9.514927e-06
-4.433829e-06
-1.795568e-06
-4.796470e-07
1.527901e-07
4.448804e-07
5.721178e-07
6.207376e-07
6.318494e-07
6.247133e-07
6.083694e-07
5.871873e-07
5.634157e-07
5.383199e-07
5.126820e-07
4.870226e-07
4.617038e-07
4.369810e-07
4.130330e-07
3.899813e-07
3.679036e-07
3.468445e-07
3.268233e-07
3.078402e-07
2.898812e-07
2.729219e-07
2.569305e-07
2.418701e-07
2.277005e-07
2.143797e-07
2.018647e-07
1.901127e-07
2.378708e+01
2.050134e+01
1.777527e+01
1.530984e+01
1.307753e+01
1.104286e+01
9.150713e+00
7.377913e+00
5.749464e+00
4.316451e+00
3.123710e+00
2.188591e+00
1.496779e+00
1.010688e+00
6.825862e-01
4.661619e-01
3.235134e-01
2.274305e-01
1.603984e-01
1.120921e-01
7.672089e-02
5.095251e-02
3.260844e-02
2.000632e-02
1.171692e-02
6.521770e-03
3.430710e-03
1.690953e-03
7.691920e-04
3.131273e-04
1.054650e-04
2.105136e-05
-7.276170e-06
-1.289029e-05
-1.093650e-05
-7.503419e-06
-4.589484e-06
-2.566705e-06
-1.285333e-06
-5.068204e-07
-3.848395e-08
2.466197e-07
4.241341e-07
5.368693e-07
6.086919e-07
6.531704e-07
6.784219e-07
6.896582e-07
6.904745e-07
6.834974e-07
6.707201e-07
6.536877e-07
6.336100e-07
6.114372e-07
5.879151e-07
5.636265e-07
5.390242e-07
5.144573e-07
4.901917e-07
4.664269e-07
4.433098e-07
4.209451e-07
3.994045e-07
3.787333e-07
3.589561e-07
3.400820e-07
3.221071e-07
3.050187e-07
1.936929e+01
1.699630e+01
1.497176e+01
1.307753e+01
1.129781e+01
9.632001e+00
8.061093e+00
6.577352e+00
5.202502e+00
3.977943e+00
2.942375e+00
2.114301e+00
1.486865e+00
1.033207e+00
7.165588e-01
4.997926e-01
3.515616e-01
2.486455e-01
1.755133e-01
1.225140e-01
8.383087e-02
5.583052e-02
3.599959e-02
2.238989e-02
1.339516e-02
7.691574e-03
4.229328e-03
2.220534e-03
1.108258e-03
5.217516e-04
2.282512e-04
8.972986e-05
2.880884e-05
4.485593e-06
-3.740929e-06
-5.501503e-06
-5.009581e-06
-3.950469e-06
-2.913941e-06
-2.056819e-06
-1.386356e-06
-8.702066e-07
-4.734516e-07
-1.679596e-07
6.721064e-08
2.474918e-07
3.844516e-07
4.869695e-07
5.620046e-07
6.150924e-07
6.506768e-07
6.723442e-07
6.829967e-07
6.849854e-07
6.802151e-07
6.702286e-07
6.562739e-07
6.393590e-07
6.202966e-07
5.997396e-07
5.782110e-07
5.561280e-07
5.338210e-07
5.115499e-07
4.895174e-07
4.678795e-07
4.467541e-07
4.262287e-07
1.555745e+01
1.396369e+01
1.248939e+01
1.104286e+01
9.632001e+00
8.275473e+00
6.977752e+00
5.744875e+00
4.598149e+00
3.570380e+00
2.691844e+00
1.977991e+00
1.425231e+00
1.014432e+00
7.182357e-01
5.082545e-01
3.598841e-01
2.543027e-01
1.783513e-01
1.233269e-01
8.354366e-02
5.514431e-02
3.531909e-02
2.188249e-02
1.308421e-02
7.535383e-03
4.171329e-03
2.213327e-03
1.120562e-03
5.367089e-04
2.388934e-04
9.461944e-05
2.894790e-05
1.532596e-06
-8.296577e-06
-1.059910e-05
-1.000584e-05
-8.514561e-06
-6.915575e-06
-5.479332e-06
-4.269260e-06
-3.275396e-06
-2.467306e-06
-1.812956e-06
-1.284287e-06
-8.580943e-07
-5.155032e-07
-2.412001e-07
-2.273014e-08
1.500684e-07
2.855083e-07
3.904037e-07
4.703493e-07
5.299434e-07
5.729689e-07
6.025397e-07
6.212205e-07
6.311235e-07
6.339887e-07
6.312493e-07
6.240845e-07
6.134644e-07
6.001860e-07
5.849029e-07
5.681500e-07
5.503641e-07
5.319007e-07
5.130478e-07
1.213789e+01
1.121034e+01
1.021216e+01
9.150713e+00
8.061093e+00
6.977752e+00
5.922244e+00
4.911933e+00
3.969219e+00
3.120744e+00
2.389510e+00
1.787311e+00
1.312079e+00
9.503125e-01
6.822011e-01
4.867387e-01
3.452386e-01
2.428914e-01
1.688260e-01
1.153793e-01
7.716786e-02
5.030105e-02
3.184836e-02
1.953408e-02
1.157984e-02
6.619774e-03
3.639302e-03
1.915988e-03
9.586696e-04
4.488962e-04
1.897348e-04
6.495288e-05
9.033877e-06
-1.330053e-05
-2.018748e-05
-2.051218e-05
-1.840197e-05
-1.565425e-05
-1.298275e-05
-1.062568e-05
-8.627459e-06
-6.962186e-06
-5.584250e-06
-4.447306e-06
-3.510295e-06
-2.738580e-06
-2.103463e-06
-1.581300e-06
-1.152622e-06
-8.013869e-07
-5.143494e-07
-2.805613e-07
-9.095698e-08
6.197972e-08
1.844886e-07
2.817558e-07
3.580962e-07
4.171031e-07
4.617716e-07
4.945996e-07
5.176717e-07
5.327281e-07
5.412223e-07
5.443676e-07
5.431776e-07
5.384982e-07
5.310348e-07
5.213758e-07
9.169417e+00
8.716875e+00
8.105604e+00
7.377913e+00
6.577352e+00
5.744875e+00
4.911933e+00
4.103741e+00
3.344344e+00
2.656825e+00
2.059381e+00
1.561279e+00
1.161624e+00
8.512208e-01
6.161191e-01
4.411509e-01
3.124060e-01
2.184126e-01
1.503097e-01
1.014701e-01
6.695897e-02
4.305305e-02
2.689655e-02
1.628509e-02
9.532447e-03
5.378585e-03
2.913036e-03
1.503462e-03
7.290185e-04
3.216178e-04
1.178237e-04
2.226403e-05
-1.834318e-05
-3.248844e-05
-3.473368e-05
-3.216925e-05
-2.805847e-05
-2.379520e-05
-1.990595e-05
-1.653865e-05
-1.368950e-05
-1.130262e-05
-9.310822e-06
-7.650728e-06
-6.267227e-06
-5.113905e-06
-4.152155e-06
-3.349991e-06
-2.680927e-06
-2.123009e-06
-1.658011e-06
-1.270781e-06
-9.487009e-07
-6.812450e-07
-4.596212e-07
-2.764745e-07
-1.256437e-07
-1.961079e-09
9.891324e-08
1.806277e-07
2.462529e-07
2.983753e-07
3.391755e-07
3.704934e-07
3.938821e-07
4.106536e-07
4.219163e-07
4.286072e-07
6.737784e+00
6.540711e+00
6.204648e+00
5.749464e+00
5.202502e+00
4.598149e+00
3.969219e+00
3.344344e+00
2.748690e+00
2.203671e+00
1.725019e+00
1.320942e+00
9.918820e-01
7.320677e-01
5.320185e-01
3.809977e-01
2.687661e-01
1.864954e-01
1.270170e-01
8.469167e-02
5.513702e-02
3.495750e-02
2.153002e-02
1.284834e-02
7.407321e-03
4.108760e-03
2.178195e-03
1.089867e-03
5.009173e-04
1.967862e-04
4.866673e-05
-1.761162e-05
-4.300175e-05
-4.916403e-05
-4.704527e-05
-4.190184e-05
-3.610112e-05
-3.061216e-05
-2.576285e-05
-2.160698e-05
-1.809334e-05
-1.513927e-05
-1.266021e-05
-1.058002e-05
-8.833450e-06
-7.365736e-06
-6.131251e-06
-5.092076e-06
-4.216692e-06
-3.478867e-06
-2.856736e-06
-2.332041e-06
-1.889510e-06
-1.516349e-06
-1.201822e-06
-9.369019e-07
-7.139916e-07
-5.266854e-07
-3.695752e-07
-2.380890e-07
-1.283564e-07
-3.709735e-08
3.847120e-08
1.007132e-07
1.516386e-07
1.929577e-07
2.261272e-07
2.523887e-07
4.859245e+00
4.737974e+00
4.568144e+00
4.316451e+00
3.977943e+00
3.570380e+00
3.120744e+00
2.656825e+00
2.203671e+00
1.781855e+00
1.406126e+00
1.084641e+00
8.192690e-01
6.069378e-01
4.414900e-01
3.154482e-01
2.213095e-01
1.522896e-01
1.026230e-01
6.759080e-02
4.341971e-02
2.714482e-02
1.647640e-02
9.683112e-03
5.489588e-03
2.984966e-03
1.540819e-03
7.393660e-04
3.133607e-04
9.845046e-05
-2.497496e-06
-4.462498e-05
-5.797641e-05
-5.823401e-05
-5.320785e-05
-4.657632e-05
-3.994465e-05
-3.392779e-05
-2.869488e-05
-2.423046e-05
-2.045344e-05
-1.726790e-05
-1.458282e-05
-1.231829e-05
-1.040646e-05
-8.790441e-06
-7.422789e-06
-6.263976e-06
-5.281042e-06
-4.446471e-06
-3.737248e-06
-3.134090e-06
-2.620814e-06
-2.183811e-06
-1.811618e-06
-1.494565e-06
-1.224481e-06
-9.944473e-07
-7.986006e-07
-6.319625e-07
-4.903009e-07
-3.700124e-07
-2.680257e-07
-1.817191e-07
-1.088526e-07
-4.750966e-08
3.950749e-09
4.693554e-08
3.476688e+00
3.325722e+00
3.238123e+00
3.123710e+00
2.942375e+00
2.691844e+00
2.389510e+00
2.059381e+00
1.725019e+00
1.406126e+00
1.116979e+00
8.660043e-01
6.562817e-01
4.867269e-01
3.535466e-01
2.515849e-01
1.753371e-01
1.195856e-01
7.972502e-02
5.187851e-02
3.289439e-02
2.028404e-02
1.213595e-02
7.023370e-03
3.913624e-03
2.083557e-03
1.044171e-03
4.766324e-04
1.806725e-04
3.518631e-05
-3.029674e-05
-5.520744e-05
-6.073283e-05
-5.777513e-05
-5.167573e-05
-4.489485e-05
-3.846601e-05
-3.275161e-05
-2.781840e-05
-2.361556e-05
-2.005451e-05
-1.704231e-05
-1.449401e-05
-1.233609e-05
-1.050635e-05
-8.952667e-06
-7.631518e-06
-6.506547e-06
-5.547365e-06
-4.728530e-06
-4.028704e-06
-3.429958e-06
-2.917199e-06
-2.477698e-06
-2.100703e-06
-1.777113e-06
-1.499215e-06
-1.260458e-06
-1.055271e-06
-8.789086e-07
-7.273221e-07
-5.970531e-07
-4.851428e-07
-3.890563e-07
-3.066192e-07
-2.359639e-07
-1.754846e-07
-1.237987e-07
2.491623e+00
2.277103e+00
2.220335e+00
2.188591e+00
2.114301e+00
1.977991e+00
1.787311e+00
1.561279e+00
1.320942e+00
1.084641e+00
8.660043e-01
6.735013e-01
5.109501e-01
3.785508e-01
2.740809e-01
1.939804e-01
1.341835e-01
9.067421e-02
5.980745e-02
3.846229e-02
2.408353e-02
1.465717e-02
8.649990e-03
4.933487e-03
2.704662e-03
1.411489e-03
6.876046e-04
2.984365e-04
9.916498e-05
3.618362e-06
-3.759482e-05
-5.172020e-05
-5.319684e-05
-4.935019e-05
-4.371168e-05
-3.787256e-05
-3.247603e-05
-2.772625e-05
-2.363810e-05
-2.015424e-05
-1.719674e-05
-1.468822e-05
-1.255933e-05
-1.075041e-05
-9.211116e-06
-7.899220e-06
-6.779396e-06
-5.822077e-06
-5.002494e-06
-4.299857e-06
-3.696687e-06
-3.178261e-06
-2.732155e-06
-2.347863e-06
-2.016488e-06
-1.730480e-06
-1.483422e-06
-1.269851e-06
-1.085108e-06
-9.252126e-07
-7.867614e-07
-6.668367e-07
-5.629358e-07
-4.729080e-07
-3.949029e-07
-3.273260e-07
-2.688021e-07
-2.181431e-07
1.798073e+00
1.534499e+00
1.485241e+00
1.496779e+00
1.486865e+00
1.425231e+00
1.312079e+00
1.161624e+00
9.918820e-01
8.192690e-01
6.562817e-01
5.109501e-01
3.872704e-01
2.861002e-01
2.061669e-01
1.449686e-01
9.947025e-02
6.658249e-02
4.345508e-02
2.763009e-02
1.709602e-02
1.027777e-02
5.989796e-03
3.372196e-03
1.823178e-03
9.362241e-04
4.462509e-04
1.864147e-04
5.538034e-05
-6.226983e-06
-3.195090e-05
-4.004468e-05
-4.005653e-05
-3.676809e-05
-3.245230e-05
-2.811515e-05
-2.415124e-05
-2.067584e-05
-1.768595e-05
-1.513487e-05
-1.296466e-05
-1.111921e-05
-9.548653e-06
-8.210234e-06
-7.067849e-06
-6.091188e-06
-5.254850e-06
-4.537532e-06
-3.921350e-06
-3.391258e-06
-2.934583e-06
-2.540622e-06
-2.200324e-06
-1.906021e-06
-1.651201e-06
-1.430328e-06
-1.238686e-06
-1.072247e-06
-9.275730e-07
-8.017166e-07
-6.921519e-07
-5.967091e-07
-5.135218e-07
-4.409825e-07
-3.777043e-07
-3.224892e-07
-2.743011e-07
-2.322424e-07
1.304866e+00
1.027808e+00
9.808647e-01
1.010688e+00
1.033207e+00
1.014432e+00
9.503125e-01
8.512208e-01
7.320677e-01
6.069378e-01
4.867269e-01
3.785508e-01
2.861002e-01
2.104107e-01
1.507154e-01
1.051964e-01
7.156120e-02
4.744153e-02
3.064172e-02
1.927073e-02
1.179046e-02
7.008533e-03
4.039102e-03
2.249229e-03
1.203128e-03
6.113115e-04
2.881375e-04
1.186454e-04
3.408832e-05
-5.228109e-06
-2.142312e-05
-2.638029e-05
-2.624240e-05
-2.405168e-05
-2.123894e-05
-1.843057e-05
-1.586895e-05
-1.362276e-05
-1.168798e-05
-1.003408e-05
-8.623998e-06
-7.422035e-06
-6.396532e-06
-5.520333e-06
-4.770483e-06
-4.127680e-06
-3.575718e-06
-3.100979e-06
-2.692007e-06
-2.339148e-06
-2.034250e-06
-1.770418e-06
-1.541806e-06
-1.343455e-06
-1.171141e-06
-1.021270e-06
-8.907696e-07
-7.770152e-07
-6.777576e-07
-5.910674e-07
-5.152863e-07
-4.489873e-07
-3.909401e-07
-3.400829e-07
-2.954975e-07
-2.563892e-07
-2.220688e-07
-1.919384e-07
9.447730e-01
6.898152e-01
6.483074e-01
6.825862e-01
7.165588e-01
7.182357e-01
6.822011e-01
6.161191e-01
5.320185e-01
4.414900e-01
3.535466e-01
2.740809e-01
2.061669e-01
1.507154e-01
1.071866e-01
7.420505e-02
5.002355e-02
3.284023e-02
2.099343e-02
1.306356e-02
7.907953e-03
4.651834e-03
2.654431e-03
1.464887e-03
7.776952e-04
3.931656e-04
1.852683e-04
7.715933e-05
2.356139e-05
-1.305335e-06
-1.162033e-05
-1.491099e-05
-1.502684e-05
-1.385702e-05
-1.228387e-05
-1.069238e-05
-9.232239e-06
-7.947433e-06
-6.837794e-06
-5.886974e-06
-5.074441e-06
-4.380236e-06
-3.786570e-06
-3.278148e-06
-2.842010e-06
-2.467240e-06
-2.144653e-06
-1.866517e-06
-1.626316e-06
-1.418548e-06
-1.238558e-06
-1.082403e-06
-9.467329e-07
-8.286989e-07
-7.258732e-07
-6.361833e-07
-5.578564e-07
-4.893740e-07
-4.294327e-07
-3.769126e-07
-3.308490e-07
-2.904105e-07
-2.548787e-07
-2.236326e-07
-1.961341e-07
-1.719164e-07
-1.505742e-07
-1.317549e-07
6.740397e-01
4.653684e-01
4.338529e-01
4.661619e-01
4.997926e-01
5.082545e-01
4.867387e-01
4.411509e-01
3.809977e-01
3.154482e-01
2.515849e-01
1.939804e-01
1.449686e-01
1.051964e-01
7.420505e-02
5.091837e-02
3.400185e-02
2.210104e-02
1.398392e-02
8.611770e-03
5.159776e-03
3.005422e-03
1.699477e-03
9.306976e-04
4.914632e-04
2.481728e-04
1.177937e-04
5.044666e-05
1.715740e-05
1.648915e-06
-4.920566e-06
-7.191999e-06
-7.515632e-06
-7.036027e-06
-6.285525e-06
-5.496984e-06
-4.762613e-06
-4.111677e-06
-3.547073e-06
-3.061815e-06
-2.646101e-06
-2.290121e-06
-1.985032e-06
-1.723187e-06
-1.498086e-06
-1.304241e-06
-1.137024e-06
-9.925329e-07
-8.674734e-07
-7.590582e-07
-6.649259e-07
-5.830716e-07
-5.117899e-07
-4.496278e-07
-3.953450e-07
-3.478807e-07
-3.063261e-07
-2.699013e-07
-2.379361e-07
-2.098531e-07
-1.851547e-07
-1.634108e-07
-1.442496e-07
-1.273486e-07
-1.124285e-07
-9.924609e-08
-8.759012e-08
-7.727637e-08
4.669146e-01
3.143658e-01
2.953971e-01
3.235134e-01
3.515616e-01
3.598841e-01
3.452386e-01
3.124060e-01
2.687661e-01
2.213095e-01
1.753371e-01
1.341835e-01
9.947025e-02
7.156120e-02
5.002355e-02
3.400185e-02
2.248322e-02
1.446668e-02
9.059590e-03
5.521915e-03
3.275179e-03
1.889437e-03
1.059156e-03
5.758971e-04
3.027429e-04
1.529202e-04
7.329600e-05
3.240845e-05
1.223177e-05
2.770446e-06
-1.339830e-06
-2.884093e-06
-3.259592e-06
-3.142056e-06
-2.844852e-06
-2.505732e-06
-2.180531e-06
-1.888519e-06
-1.633550e-06
-1.413543e-06
-1.224538e-06
-1.062316e-06
-9.229922e-07
-8.031751e-07
-6.999669e-07
-6.109133e-07
-5.339408e-07
-4.672973e-07
-4.095010e-07
-3.592963e-07
-3.156174e-07
-2.775581e-07
-2.443464e-07
-2.153233e-07
-1.899254e-07
-1.676702e-07
-1.481435e-07
-1.309895e-07
-1.159017e-07
-1.026160e-07
-9.090393e-08
-8.056822e-08
-7.143772e-08
-6.336399e-08
-5.621802e-08
-4.988754e-08
-4.427472e-08
-3.929418e-08
3.089694e-01
2.104255e-01
2.037522e-01
2.274305e-01
2.486455e-01
2.543027e-01
2.428914e-01
2.184126e-01
1.864954e-01
1.522896e-01
1.195856e-01
9.067421e-02
6.658249e-02
4.744153e-02
3.284023e-02
2.210104e-02
1.446668e-02
9.213203e-03
5.710091e-03
3.444556e-03
2.022479e-03
1.155568e-03
6.421120e-04
3.465915e-04
1.813236e-04
9.155729e-05
4.424859e-05
2.010286e-05
8.212676e-06
2.606208e-06
1.164262e-07
-8.832344e-07
-1.201236e-06
-1.225814e-06
-1.136444e-06
-1.012365e-06
-8.863839e-07
-7.706344e-07
-6.684872e-07
-5.798530e-07
-5.034469e-07
-4.377045e-07
-3.811233e-07
-3.323698e-07
-2.902960e-07
-2.539256e-07
-2.224317e-07
-1.951142e-07
-1.713799e-07
-1.507253e-07
-1.327224e-07
-1.170067e-07
-1.032672e-07
-9.123802e-08
-8.069148e-08
-7.143230e-08
-6.329264e-08
-5.612805e-08
-4.981397e-08
-4.424283e-08
-3.932158e-08
-3.496960e-08
-3.111695e-08
-2.770283e-08
-2.467436e-08
-2.198543e-08
-1.959581e-08
-1.747035e-08
1.915007e-01
1.374789e-01
1.407148e-01
1.603984e-01
1.755133e-01
1.783513e-01
1.688260e-01
1.503097e-01
1.270170e-01
1.026230e-01
7.972502e-02
5.980745e-02
4.345508e-02
3.064172e-02
2.099343e-02
1.398392e-02
9.059590e-03
5.710091e-03
3.502258e-03
2.090876e-03
1.215205e-03
6.875498e-04
3.785916e-04
2.027459e-04
1.054514e-04
5.312843e-05
2.579428e-05
1.193897e-05
5.140599e-06
1.926854e-06
4.778415e-07
-1.310235e-07
-3.549068e-07
-4.107179e-07
-3.982937e-07
-3.617949e-07
-3.197828e-07
-2.794665e-07
-2.432287e-07
-2.115106e-07
-1.840411e-07
-1.603360e-07
-1.398891e-07
-1.222372e-07
-1.069765e-07
-9.376168e-08
-8.229909e-08
-7.233965e-08
-6.367190e-08
-5.611608e-08
-4.951916e-08
-4.375058e-08
-3.869880e-08
-3.426833e-08
-3.037727e-08
-2.695527e-08
-2.394180e-08
-2.128467e-08
-1.893882e-08
-1.686529e-08
-1.503032e-08
-1.340464e-08
-1.196280e-08
-1.068266e-08
-9.544941e-09
-8.532796e-09
-7.631518e-09
-6.828233e-09
1.079115e-01
8.609010e-02
9.586819e-02
1.120921e-01
1.225140e-01
1.233269e-01
1.153793e-01
1.014701e-01
8.469167e-02
6.759080e-02
5.187851e-02
3.846229e-02
2.763009e-02
1.927073e-02
1.306356e-02
8.611770e-03
5.521915e-03
3.444556e-03
2.090876e-03
1.235380e-03
7.106635e-04
3.980920e-04
2.171410e-04
1.152925e-04
5.954338e-05
2.986635e-05
1.450609e-05
6.781149e-06
3.011270e-06
1.230920e-06
4.219246e-07
7.264542e-08
-6.629885e-08
-1.127510e-07
-1.206287e-07
-1.137493e-07
-1.022048e-07
-9.003458e-08
-7.870576e-08
-6.863980e-08
-5.985959e-08
-5.225307e-08
-4.567536e-08
-3.998553e-08
-3.505786e-08
-3.078371e-08
-2.707029e-08
-2.383868e-08
-2.102173e-08
-1.856226e-08
-1.641154e-08
-1.452792e-08
-1.287576e-08
-1.142451e-08
-1.014795e-08
-9.023497e-09
-8.031716e-09
-7.155817e-09
-6.381289e-09
-5.695566e-09
-5.087748e-09
-4.548367e-09
-4.069187e-09
-3.643031e-09
-3.263639e-09
-2.925538e-09
-2.623943e-09
-2.354660e-09
5.199205e-02
5.052167e-02
6.351472e-02
7.672089e-02
8.383087e-02
8.354366e-02
7.716786e-02
6.695897e-02
5.513702e-02
4.341971e-02
3.289439e-02
2.408353e-02
1.709602e-02
1.179046e-02
7.907953e-03
5.159776e-03
3.275179e-03
2.022479e-03
1.215205e-03
7.106635e-04
4.046492e-04
2.243972e-04
1.212111e-04
6.377171e-05
3.266831e-05
1.628166e-05
7.882328e-06
3.694871e-06
1.665746e-06
7.114370e-07
2.771531e-07
8.716703e-08
8.457039e-09
-2.126120e-08
-3.027436e-08
-3.102411e-08
-2.879211e-08
-2.572516e-08
-2.264249e-08
-1.982180e-08
-1.733021e-08
-1.515869e-08
-1.327464e-08
-1.164126e-08
-1.022413e-08
-8.992952e-09
-7.921632e-09
-6.987897e-09
-6.172751e-09
-5.459995e-09
-4.835790e-09
-4.288299e-09
-3.807381e-09
-3.384327e-09
-3.011650e-09
-2.682901e-09
-2.392514e-09
-2.135681e-09
-1.908238e-09
-1.706575e-09
-1.527558e-09
-1.368459e-09
-1.226905e-09
-1.100823e-09
-9.884046e-10
-8.880661e-10
-7.984210e-10
-7.182529e-10
1.753280e-02
2.685778e-02
4.041097e-02
5.095251e-02
5.583052e-02
5.514431e-02
5.030105e-02
4.305305e-02
3.495750e-02
2.714482e-02
2.028404e-02
1.465717e-02
1.027777e-02
7.008533e-03
4.651834e-03
3.005422e-03
1.889437e-03
1.155568e-03
6.875498e-04
3.980920e-04
2.243972e-04
1.231927e-04
6.588938e-05
3.433714e-05
1.743409e-05
8.621307e-06
4.149079e-06
1.940204e-06
8.786875e-07
3.826782e-07
1.576626e-07
5.887391e-08
1.719753e-08
5.842864e-10
-5.397318e-09
-7.053332e-09
-7.053228e-09
-6.487496e-09
-5.782027e-09
-5.092094e-09
-4.466888e-09
-3.916055e-09
-3.435679e-09
-3.018016e-09
-2.654923e-09
-2.338952e-09
-2.063591e-09
-1.823244e-09
-1.613123e-09
-1.429135e-09
-1.267780e-09
-1.126059e-09
-1.001399e-09
-8.915863e-10
-7.947178e-10
-7.091505e-10
-6.334653e-10
-5.664340e-10
-5.069922e-10
-4.542161e-10
-4.073022e-10
-3.655511e-10
-3.283527e-10
-2.951744e-10
-2.655502e-10
-2.390721e-10
-2.153822e-10
-1.941665e-10
-1.387396e-03
1.204713e-02
2.441232e-02
3.260844e-02
3.599959e-02
3.531909e-02
3.184836e-02
2.689655e-02
2.153002e-02
1.647640e-02
1.213595e-02
8.649990e-03
5.989796e-03
4.039102e-03
2.654431e-03
1.699477e-03
1.059156e-03
6.421120e-04
3.785916e-04
2.171410e-04
1.212111e-04
6.588938e-05
3.489472e-05
1.800947e-05
9.059114e-06
4.440975e-06
2.120994e-06
9.861820e-07
4.457373e-07
1.952172e-07
8.226134e-08
3.279397e-08
1.181995e-08
3.272872e-09
-1.531649e-11
-1.151660e-09
-1.443677e-09
-1.424625e-09
-1.304397e-09
-1.161902e-09
-1.024713e-09
-9.010326e-10
-7.921329e-10
-6.970220e-10
-6.141266e-10
-5.418580e-10
-4.787814e-10
-4.236471e-10
-3.753801e-10
-3.330592e-10
-2.958948e-10
-2.632095e-10
-2.344212e-10
-2.090289e-10
-1.866006e-10
-1.667635e-10
-1.491948e-10
-1.336151e-10
-1.197818e-10
-1.074841e-10
-9.653840e-11
-8.678487e-11
-7.808382e-11
-7.031315e-11
-6.336598e-11
-5.714858e-11
-5.157868e-11
-4.658396e-11
-9.951479e-03
3.547816e-03
1.383051e-02
2.000632e-02
2.238989e-02
2.188249e-02
1.953408e-02
1.628509e-02
1.284834e-02
9.683112e-03
7.023370e-03
4.933487e-03
3.372196e-03
2.249229e-03
1.464887e-03
9.306976e-04
5.758971e-04
3.465915e-04
2.027459e-04
1.152925e-04
6.377171e-05
3.433714e-05
1.800947e-05
9.205426e-06
4.586773e-06
2.228057e-06
1.055029e-06
4.868518e-07
2.187992e-07
9.563603e-08
4.053584e-08
1.654897e-08
6.401550e-09
2.242708e-09
6.032324e-10
-7.318760e-12
-2.113331e-10
-2.612542e-10
-2.563622e-10
-2.343531e-10
-2.088961e-10
-1.845856e-10
-1.627174e-10
-1.434508e-10
-1.265906e-10
-1.118578e-10
-9.897742e-11
-8.770272e-11
-7.781911e-11
-6.914181e-11
-6.151204e-11
-5.479335e-11
-4.886832e-11
-4.363576e-11
-3.900833e-11
-3.491051e-11
-3.127689e-11
-2.805074e-11
-2.518279e-11
-2.263014e-11
-2.035544e-11
-1.832606e-11
-1.651351e-11
-1.489285e-11
-1.344220e-11
-1.214239e-11
-1.097655e-11
-9.929836e-12
-1.228584e-02
-7.352977e-04
7.221558e-03
1.171692e-02
1.339516e-02
1.308421e-02
1.157984e-02
9.532447e-03
7.407321e-03
5.489588e-03
3.913624e-03
2.704662e-03
1.823178e-03
1.203128e-03
7.776952e-04
4.914632e-04
3.027429e-04
1.813236e-04
1.054514e-04
5.954338e-05
3.266831e-05
1.743409e-05
9.059114e-06
4.586773e-06
2.263917e-06
1.089538e-06
5.113008e-07
2.339522e-07
1.043487e-07
4.534401e-08
1.917418e-08
7.869416e-09
3.115624e-09
1.171984e-09
4.014685e-10
1.072816e-10
9.538529e-13
-3.364221e-11
-4.193495e-11
-4.116499e-11
-3.765351e-11
-3.361534e-11
-2.976959e-11
-2.631080e-11
-2.325917e-11
-2.058267e-11
-1.823772e-11
-1.618190e-11
-1.437731e-11
-1.279095e-11
-1.139438e-11
-1.016308e-11
-9.075933e-12
-8.114704e-12
-7.263641e-12
-6.509105e-12
-5.839271e-12
-5.243872e-12
-4.713975e-12
-4.241803e-12
-3.820568e-12
-3.444341e-12
-3.107936e-12
-2.806807e-12
-2.536968e-12
-2.294916e-12
-2.077569e-12
-1.882213e-12
-1.136865e-02
-2.432570e-03
3.366327e-03
6.521770e-03
7.691574e-03
7.535383e-03
6.619774e-03
5.378585e-03
4.108760e-03
2.984966e-03
2.083557e-03
1.411489e-03
9.362241e-04
6.113115e-04
3.931656e-04
2.481728e-04
1.529202e-04
9.155729e-05
5.312843e-05
2.986635e-05
1.628166e-05
8.621307e-06
4.440975e-06
2.228057e-06
1.089538e-06
5.195200e-07
2.415913e-07
1.095702e-07
4.846211e-08
2.089879e-08
8.783268e-09
3.594071e-09
1.428743e-09
5.488682e-10
2.010512e-10
6.761800e-11
1.823644e-11
8.813748e-13
-4.648288e-12
-5.978312e-12
-5.903051e-12
-5.412617e-12
-4.842732e-12
-4.299095e-12
-3.809490e-12
-3.376672e-12
-2.996141e-12
-2.661867e-12
-2.368014e-12
-2.109368e-12
-1.881391e-12
-1.680158e-12
-1.502278e-12
-1.344821e-12
-1.205254e-12
-1.081378e-12
-9.712876e-13
-8.733233e-13
-7.860420e-13
-7.081848e-13
-6.386524e-13
-5.764833e-13
-5.208355e-13
-4.709705e-13
-4.262398e-13
-3.860731e-13
-3.499683e-13
-3.174824e-13
-9.134381e-03
-2.714922e-03
1.296407e-03
3.430710e-03
4.229328e-03
4.171329e-03
3.639302e-03
2.913036e-03
2.178195e-03
1.540819e-03
1.044171e-03
6.876046e-04
4.462509e-04
2.881375e-04
1.852683e-04
1.177937e-04
7.329600e-05
4.424859e-05
2.579428e-05
1.450609e-05
7.882328e-06
4.149079e-06
2.120994e-06
1.055029e-06
5.113008e-07
2.415913e-07
1.113333e-07
5.004512e-08
2.194290e-08
9.384061e-09
3.913623e-09
1.591131e-09
6.301401e-10
2.426603e-10
9.046908e-11
3.228809e-11
1.068326e-11
2.929886e-12
2.773111e-13
-5.533084e-13
-7.568325e-13
-7.561844e-13
-6.962596e-13
-6.246560e-13
-5.559501e-13
-4.939075e-13
-4.389302e-13
-3.904732e-13
-3.477955e-13
-3.101794e-13
-2.769834e-13
-2.476478e-13
-2.216877e-13
-1.986830e-13
-1.782697e-13
-1.601321e-13
-1.439958e-13
-1.296218e-13
-1.168020e-13
-1.053546e-13
-9.512076e-14
-8.596137e-14
-7.775450e-14
-7.039309e-14
-6.378305e-14
-5.784154e-14
-5.249557e-14
-4.768069e-14
-6.691655e-03
-2.347735e-03
3.000683e-04
1.690953e-03
2.220534e-03
2.213327e-03
1.915988e-03
1.503462e-03
1.089867e-03
7.393660e-04
4.766324e-04
2.984365e-04
1.864147e-04
1.186454e-04
7.715933e-05
5.044666e-05
3.240845e-05
2.010286e-05
1.193897e-05
6.781149e-06
3.694871e-06
1.940204e-06
9.861820e-07
4.868518e-07
2.339522e-07
1.095702e-07
5.004512e-08
2.229703e-08
9.691301e-09
4.109244e-09
1.699639e-09
6.856568e-10
2.697077e-10
1.033855e-10
3.856609e-11
1.395205e-11
4.850814e-12
1.579206e-12
4.406164e-13
6.130889e-14
-5.559366e-14
-8.493891e-14
-8.652085e-14
-8.015319e-14
-7.214553e-14
-6.438121e-14
-5.734219e-14
-5.108773e-14
-4.556089e-14
-4.068074e-14
-3.636837e-14
-3.255310e-14
-2.917312e-14
-2.617474e-14
-2.351132e-14
-2.114238e-14
-1.903266e-14
-1.715145e-14
-1.547197e-14
-1.397080e-14
-1.262746e-14
-1.142399e-14
-1.034463e-14
-9.375534e-15
-8.504527e-15
-7.720872e-15
-7.015100e-15
-6.378848e-15
-4.571503e-03
-1.778447e-03
-1.042523e-04
7.691920e-04
1.108258e-03
1.120562e-03
9.586696e-04
7.290185e-04
5.009173e-04
3.133607e-04
1.806725e-04
9.916498e-05
5.538034e-05
3.408832e-05
2.356139e-05
1.715740e-05
1.223177e-05
8.212676e-06
5.140599e-06
3.011270e-06
1.665746e-06
8.786875e-07
4.457373e-07
2.187992e-07
1.043487e-07
4.846211e-08
2.194290e-08
9.691301e-09
4.175860e-09
1.755505e-09
7.200104e-10
2.880888e-10
1.124385e-10
4.279691e-11
1.587909e-11
5.737275e-12
2.013359e-12
6.814498e-13
2.179976e-13
6.161582e-14
1.090517e-14
-4.471366e-15
-8.418911e-15
-8.836811e-15
-8.256918e-15
-7.460933e-15
-6.676460e-15
-5.961439e-15
-5.324155e-15
-4.759541e-15
-4.259740e-15
-3.816995e-15
-3.424332e-15
-3.075634e-15
-2.765575e-15
-2.489519e-15
-2.243428e-15
-2.023778e-15
-1.827492e-15
-1.651878e-15
-1.494580e-15
-1.353527e-15
-1.226904e-15
-1.113112e-15
-1.010745e-15
-9.185603e-16
-8.354629e-16
-7.604836e-16
-2.948750e-03
-1.232474e-03
-2.155443e-04
3.131273e-04
5.217516e-04
5.367089e-04
4.488962e-04
3.216178e-04
1.967862e-04
9.845046e-05
3.518631e-05
3.618362e-06
-6.226983e-06
-5.228109e-06
-1.305335e-06
1.648915e-06
2.770446e-06
2.606208e-06
1.926854e-06
1.230920e-06
7.114370e-07
3.826782e-07
1.952172e-07
9.563603e-08
4.534401e-08
2.089879e-08
9.384061e-09
4.109244e-09
1.755505e-09
7.317486e-10
2.976071e-10
1.180942e-10
4.571811e-11
1.726544e-11
6.359497e-12
2.283914e-12
7.991368e-13
2.719078e-13
8.950220e-14
2.807255e-14
7.983341e-15
1.647556e-15
-2.392483e-16
-7.315619e-16
-8.046903e-16
-7.609542e-16
-6.908258e-16
-6.199952e-16
-5.549703e-16
-4.968128e-16
-4.451505e-16
-3.993062e-16
-3.585982e-16
-3.224098e-16
-2.901993e-16
-2.614931e-16
-2.358781e-16
-2.129938e-16
-1.925245e-16
-1.741941e-16
-1.577603e-16
-1.430107e-16
-1.297580e-16
-1.178378e-16
-1.071049e-16
-9.743133e-17
-8.870377e-17
-8.082210e-17
-1.809595e-03
-7.976606e-04
-2.029794e-04
1.054650e-04
2.282512e-04
2.388934e-04
1.897348e-04
1.178237e-04
4.866673e-05
-2.497496e-06
-3.029674e-05
-3.759482e-05
-3.195090e-05
-2.142312e-05
-1.162033e-05
-4.920566e-06
-1.339830e-06
1.164262e-07
4.778415e-07
4.219246e-07
2.771531e-07
1.576626e-07
8.226134e-08
4.053584e-08
1.917418e-08
8.783268e-09
3.913623e-09
1.699639e-09
7.200104e-10
2.976071e-10
1.200318e-10
4.723772e-11
1.813836e-11
6.795038e-12
2.483296e-12
8.852081e-13
3.077031e-13
1.042442e-13
3.437331e-14
1.099105e-14
3.371106e-15
9.571891e-16
2.175834e-16
1.817689e-18
-5.492486e-17
-6.519156e-17
-6.271234e-17
-5.726517e-17
-5.155486e-17
-4.626162e-17
-4.150840e-17
-3.727457e-17
-3.350850e-17
-3.015661e-17
-2.717012e-17
-2.450599e-17
-2.212652e-17
-1.999874e-17
-1.809378e-17
-1.638635e-17
-1.485424e-17
-1.347793e-17
-1.224025e-17
-1.112605e-17
-1.012198e-17
-9.216255e-18
-8.398426e-18
-7.659256e-18
-1.061912e-03
-4.877152e-04
-1.523569e-04
2.105136e-05
8.972986e-05
9.461944e-05
6.495288e-05
2.226403e-05
-1.761162e-05
-4.462498e-05
-5.520744e-05
-5.172020e-05
-4.004468e-05
-2.638029e-05
-1.491099e-05
-7.191999e-06
-2.884093e-06
-8.832344e-07
-1.310235e-07
7.264542e-08
8.716703e-08
5.887391e-08
3.279397e-08
1.654897e-08
7.869416e-09
3.594071e-09
1.591131e-09
6.856568e-10
2.880888e-10
1.180942e-10
4.723772e-11
1.843799e-11
7.022383e-12
2.609601e-12
9.461226e-13
3.346274e-13
1.154407e-13
3.883740e-14
1.273683e-14
4.068036e-15
1.262167e-15
3.775480e-16
1.062323e-16
2.557194e-17
2.587228e-18
-3.451203e-18
-4.681211e-18
-4.618344e-18
-4.249003e-18
-3.838552e-18
-3.452966e-18
-3.105070e-18
-2.794318e-18
-2.517243e-18
-2.270088e-18
-2.049394e-18
-1.852099e-18
-1.675514e-18
-1.517282e-18
-1.375333e-18
-1.247850e-18
-1.133234e-18
-1.030076e-18
-9.371331e-19
-8.533091e-19
-7.776333e-19
-7.092470e-19
-6.473890e-19
-5.979932e-04
-2.837233e-04
-1.011180e-04
-7.276170e-06
2.880884e-05
2.894790e-05
9.033877e-06
-1.834318e-05
-4.300175e-05
-5.797641e-05
-6.073283e-05
-5.319684e-05
-4.005653e-05
-2.624240e-05
-1.502684e-05
-7.515632e-06
-3.259592e-06
-1.201236e-06
-3.549068e-07
-6.629885e-08
8.457039e-09
1.719753e-08
1.181995e-08
6.401550e-09
3.115624e-09
1.428743e-09
6.301401e-10
2.697077e-10
1.124385e-10
4.571811e-11
1.813836e-11
7.022383e-12
2.653014e-12
9.779968e-13
3.517590e-13
1.234309e-13
4.224999e-14
1.410575e-14
4.592538e-15
1.457676e-15
4.507473e-16
1.355574e-16
3.944776e-17
1.092535e-17
2.707758e-18
4.271012e-19
-1.664432e-19
-2.959406e-19
-3.035592e-19
-2.821295e-19
-2.558889e-19
-2.307650e-19
-2.079645e-19
-1.875376e-19
-1.692820e-19
-1.529623e-19
-1.383591e-19
-1.252772e-19
-1.135448e-19
-1.030108e-19
-9.354237e-20
-8.502256e-20
-7.734823e-20
-7.042832e-20
-6.418236e-20
-5.853913e-20
-5.343552e-20
-4.881557e-20
-3.239678e-04
-1.577472e-04
-6.165216e-05
-1.289029e-05
4.485593e-06
1.532596e-06
-1.330053e-05
-3.248844e-05
-4.916403e-05
-5.823401e-05
-5.777513e-05
-4.935019e-05
-3.676809e-05
-2.405168e-05
-1.385702e-05
-7.036027e-06
-3.142056e-06
-1.225814e-06
-4.107179e-07
-1.127510e-07
-2.126120e-08
5.842864e-10
3.272872e-09
2.242708e-09
1.171984e-09
5.488682e-10
2.426603e-10
1.033855e-10
4.279691e-11
1.726544e-11
6.795038e-12
2.609601e-12
9.779968e-13
3.576530e-13
1.276189e-13
4.442813e-14
1.508849e-14
4.998346e-15
1.614870e-15
5.087454e-16
1.562424e-16
4.675402e-17
1.361612e-17
3.846365e-18
1.042564e-18
2.606458e-19
4.986264e-20
-4.075519e-21
-1.626087e-20
-1.777363e-20
-1.675752e-20
-1.527152e-20
-1.380822e-20
-1.247034e-20
-1.126787e-20
-1.019072e-20
-9.225779e-21
-8.360566e-21
-7.583940e-21
-6.886063e-21
-6.258270e-21
-5.692918e-21
-5.183265e-21
-4.723355e-21
-4.307916e-21
-3.932280e-21
-3.592308e-21
-3.284324e-21
-1.691474e-04
-8.404674e-05
-3.514088e-05
-1.093650e-05
-3.740929e-06
-8.296577e-06
-2.018748e-05
-3.473368e-05
-4.704527e-05
-5.320785e-05
-5.167573e-05
-4.371168e-05
-3.245230e-05
-2.123894e-05
-1.228387e-05
-6.285525e-06
-2.844852e-06
-1.136444e-06
-3.982937e-07
-1.206287e-07
-3.027436e-08
-5.397318e-09
-1.531649e-11
6.032324e-10
4.014685e-10
2.010512e-10
9.046908e-11
3.856609e-11
1.587909e-11
6.359497e-12
2.483296e-12
9.461226e-13
3.517590e-13
1.276189e-13
4.517800e-14
1.560421e-14
5.257915e-15
1.728183e-15
5.540006e-16
1.731827e-16
5.278219e-17
1.568000e-17
4.538410e-18
1.278789e-18
3.500082e-19
9.241176e-20
2.295662e-20
4.815482e-21
2.800616e-22
-7.557328e-22
-9.239809e-22
-8.898661e-22
-8.158471e-22
-7.397386e-22
-6.694640e-22
-6.060751e-22
-5.491616e-22
-4.980722e-22
-4.521729e-22
-4.108939e-22
-3.737304e-22
-3.402371e-22
-3.100201e-22
-2.827315e-22
-2.580630e-22
-2.357415e-22
-2.155244e-22
-1.971963e-22
-8.519500e-05
-4.294531e-05
-1.886094e-05
-7.503419e-06
-5.501503e-06
-1.059910e-05
-2.051218e-05
-3.216925e-05
-4.190184e-05
-4.657632e-05
-4.489485e-05
-3.787256e-05
-2.811515e-05
-1.843057e-05
-1.069238e-05
-5.496984e-06
-2.505732e-06
-1.012365e-06
-3.617949e-07
-1.137493e-07
-3.102411e-08
-7.053332e-09
-1.151660e-09
-7.318760e-12
1.072816e-10
6.761800e-11
3.228809e-11
1.395205e-11
5.737275e-12
2.283914e-12
8.852081e-13
3.346274e-13
1.234309e-13
4.442813e-14
1.560421e-14
5.347320e-15
1.787698e-15
5.829905e-16
1.854283e-16
5.751303e-17
1.739200e-17
5.126578e-18
1.472579e-18
4.120348e-19
1.122295e-19
2.971294e-20
7.612469e-21
1.858204e-21
4.053022e-22
5.234385e-23
-2.772412e-23
-4.241030e-23
-4.221179e-23
-3.900953e-23
-3.547931e-23
-3.217550e-23
-2.918321e-23
-2.649037e-23
-2.406830e-23
-2.188817e-23
-1.992384e-23
-1.815213e-23
-1.655252e-23
-1.510686e-23
-1.379904e-23
-1.261479e-23
-1.154142e-23
-1.056766e-23
-4.139277e-05
-2.100214e-05
-9.514927e-06
-4.589484e-06
-5.009581e-06
-1.000584e-05
-1.840197e-05
-2.805847e-05
-3.610112e-05
-3.994465e-05
-3.846601e-05
-3.247603e-05
-2.415124e-05
-1.586895e-05
-9.232239e-06
-4.762613e-06
-2.180531e-06
-8.863839e-07
-3.197828e-07
-1.022048e-07
-2.879211e-08
-7.053228e-09
-1.443677e-09
-2.113331e-10
9.538529e-13
1.823644e-11
1.068326e-11
4.850814e-12
2.013359e-12
7.991368e-13
3.077031e-13
1.154407e-13
4.224999e-14
1.508849e-14
5.257915e-15
1.787698e-15
5.929794e-16
1.918640e-16
6.054679e-17
1.863192e-17
5.589938e-18
1.634703e-18
4.658384e-19
1.293163e-19
3.495502e-20
9.194698e-21
2.350924e-21
5.825577e-22
1.385575e-22
3.043602e-23
5.034982e-24
-6.124320e-25
-1.701977e-24
-1.786683e-24
-1.669208e-24
-1.523414e-24
-1.384408e-24
-1.257919e-24
-1.143826e-24
-1.041011e-24
-9.482969e-25
-8.646104e-25
-7.889970e-25
-7.206106e-25
-6.587004e-25
-6.025998e-25
-5.517165e-25
-5.055231e-25
-1.936233e-05
-9.754093e-06
-4.433829e-06
-2.566705e-06
-3.950469e-06
-8.514561e-06
-1.565425e-05
-2.379520e-05
-3.061216e-05
-3.392779e-05
-3.275161e-05
-2.772625e-05
-2.067584e-05
-1.362276e-05
-7.947433e-06
-4.111677e-06
-1.888519e-06
-7.706344e-07
-2.794665e-07
-9.003458e-08
-2.572516e-08
-6.487496e-09
-1.424625e-09
-2.612542e-10
-3.364221e-11
8.813748e-13
2.929886e-12
1.579206e-12
6.814498e-13
2.719078e-13
1.042442e-13
3.883740e-14
1.410575e-14
4.998346e-15
1.728183e-15
5.829905e-16
1.918640e-16
6.159246e-17
1.928392e-17
5.887328e-18
1.752287e-18
5.083357e-19
1.436911e-19
3.956362e-20
1.060649e-20
2.767179e-21
7.021015e-22
1.730627e-22
4.135279e-23
9.518744e-24
2.061699e-24
3.754325e-25
1.201137e-26
-5.869321e-26
-6.739623e-26
-6.391819e-26
-5.856253e-26
-5.332634e-26
-4.853748e-26
-4.420871e-26
-4.030087e-26
-3.677080e-26
-3.357894e-26
-3.069009e-26
-2.807297e-26
-2.569980e-26
-2.354586e-26
-2.158913e-26
-8.667777e-06
-4.208033e-06
-1.795568e-06
-1.285333e-06
-2.913941e-06
-6.915575e-06
-1.298275e-05
-1.990595e-05
-2.576285e-05
-2.869488e-05
-2.781840e-05
-2.363810e-05
-1.768595e-05
-1.168798e-05
-6.837794e-06
-3.547073e-06
-1.633550e-06
-6.684872e-07
-2.432287e-07
-7.870576e-08
-2.264249e-08
-5.782027e-09
-1.304397e-09
-2.563622e-10
-4.193495e-11
-4.648288e-12
2.773111e-13
4.406164e-13
2.179976e-13
8.950220e-14
3.437331e-14
1.273683e-14
4.592538e-15
1.614870e-15
5.540006e-16
1.854283e-16
6.054679e-17
1.928392e-17
5.989863e-18
1.814147e-18
5.356307e-19
1.541284e-19
4.321065e-20
1.179866e-20
3.136311e-21
8.111875e-22
2.040118e-22
4.984900e-23
1.181994e-23
2.714397e-24
6.009561e-25
1.263485e-25
2.359849e-26
2.356432e-27
-1.687745e-27
-2.265368e-27
-2.191432e-27
-2.015850e-27
-1.838959e-27
-1.676494e-27
-1.529406e-27
-1.396415e-27
-1.276082e-27
-1.167097e-27
-1.068296e-27
-9.786435e-28
-8.972182e-28
-8.231992e-28
-3.654109e-06
-1.576528e-06
-4.796470e-07
-5.068204e-07
-2.056819e-06
-5.479332e-06
-1.062568e-05
-1.653865e-05
-2.160698e-05
-2.423046e-05
-2.361556e-05
-2.015424e-05
-1.513487e-05
-1.003408e-05
-5.886974e-06
-3.061815e-06
-1.413543e-06
-5.798530e-07
-2.115106e-07
-6.863980e-08
-1.982180e-08
-5.092094e-09
-1.161902e-09
-2.343531e-10
-4.116499e-11
-5.978312e-12
-5.533084e-13
6.130889e-14
6.161582e-14
2.807255e-14
1.099105e-14
4.068036e-15
1.457676e-15
5.087454e-16
1.731827e-16
5.751303e-17
1.863192e-17
5.887328e-18
1.814147e-18
5.450445e-19
1.596220e-19
4.555469e-20
1.266513e-20
3.428874e-21
9.035518e-22
2.316137e-22
5.771345e-23
1.396705e-23
3.279057e-24
7.456567e-25
1.638607e-25
3.465062e-26
6.972451e-27
1.278199e-27
1.631910e-28
-3.881806e-29
-6.821642e-29
-6.740541e-29
-6.216679e-29
-5.677928e-29
-5.183458e-29
-4.735787e-29
-4.330564e-29
-3.963348e-29
-3.630228e-29
-3.327750e-29
-3.052848e-29
-2.802787e-29
-1.385687e-06
-3.775817e-07
1.527901e-07
-3.848395e-08
-1.386356e-06
-4.269260e-06
-8.627459e-06
-1.368950e-05
-1.809334e-05
-2.045344e-05
-2.005451e-05
-1.719674e-05
-1.296466e-05
-8.623998e-06
-5.074441e-06
-2.646101e-06
-1.224538e-06
-5.034469e-07
-1.840411e-07
-5.985959e-08
-1.733021e-08
-4.466888e-09
-1.024713e-09
-2.088961e-10
-3.765351e-11
-5.903051e-12
-7.568325e-13
-5.559366e-14
1.090517e-14
7.983341e-15
3.371106e-15
1.262167e-15
4.507473e-16
1.562424e-16
5.278219e-17
1.739200e-17
5.589938e-18
1.752287e-18
5.356307e-19
1.596220e-19
4.636338e-20
1.312143e-20
3.617048e-21
9.707507e-22
2.535216e-22
6.438721e-23
1.588979e-23
3.806608e-24
8.841040e-25
1.987383e-25
4.313945e-26
9.012417e-27
1.802348e-27
3.411904e-28
5.903583e-29
7.751468e-30
-7.548101e-31
-1.882566e-30
-1.869358e-30
-1.718663e-30
-1.569295e-30
-1.434258e-30
-1.312353e-30
-1.201897e-30
-1.101623e-30
-1.010496e-30
-9.276136e-31
-8.521672e-31
-3.982645e-07
1.426844e-07
4.448804e-07
2.466197e-07
-8.702066e-07
-3.275396e-06
-6.962186e-06
-1.130262e-05
-1.513927e-05
-1.726790e-05
-1.704231e-05
-1.468822e-05
-1.111921e-05
-7.422035e-06
-4.380236e-06
-2.290121e-06
-1.062316e-06
-4.377045e-07
-1.603360e-07
-5.225307e-08
-1.515869e-08
-3.916055e-09
-9.010326e-10
-1.845856e-10
-3.361534e-11
-5.412617e-12
-7.561844e-13
-8.493891e-14
-4.471366e-15
1.647556e-15
9.571891e-16
3.775480e-16
1.355574e-16
4.675402e-17
1.568000e-17
5.126578e-18
1.634703e-18
5.083357e-19
1.541284e-19
4.555469e-20
1.312143e-20
3.681991e-21
1.006158e-21
2.676239e-22
6.924802e-23
1.741821e-23
4.255255e-24
1.008512e-24
2.315419e-25
5.139512e-26
1.100009e-26
2.261555e-27
4.441262e-28
8.255802e-29
1.428345e-29
2.203793e-30
2.492449e-31
-2.370365e-32
-4.953882e-32
-4.659532e-32
-4.227946e-32
-3.863066e-32
-3.541951e-32
-3.250182e-32
-2.983300e-32
-2.739386e-32
-2.516767e-32
-2.313703e-32
1.145909e-08
3.524886e-07
5.721178e-07
4.241341e-07
-4.734516e-07
-2.467306e-06
-5.584250e-06
-9.310822e-06
-1.266021e-05
-1.458282e-05
-1.449401e-05
-1.255933e-05
-9.548653e-06
-6.396532e-06
-3.786570e-06
-1.985032e-06
-9.229922e-07
-3.811233e-07
-1.398891e-07
-4.567536e-08
-1.327464e-08
-3.435679e-09
-7.921329e-10
-1.627174e-10
-2.976959e-11
-4.842732e-12
-6.962596e-13
-8.652085e-14
-8.418911e-15
-2.392483e-16
2.175834e-16
1.062323e-16
3.944776e-17
1.361612e-17
4.538410e-18
1.472579e-18
4.658384e-19
1.436911e-19
4.321065e-20
1.266513e-20
3.617048e-21
1.006158e-21
2.724928e-22
7.181081e-23
1.840297e-23
4.582446e-24
1.107578e-24
2.595068e-25
5.883974e-26
1.288047e-26
2.713508e-27
5.475911e-28
1.051198e-28
1.898538e-29
3.165655e-30
4.699900e-31
5.692960e-32
3.755966e-33
-9.333496e-34
-9.142294e-34
-8.262837e-34
-8.129781e-34
-7.945539e-34
-7.573716e-34
-7.092651e-34
-6.579156e-34
-6.075671e-34
-5.600701e-34
1.693709e-07
4.250228e-07
6.207376e-07
5.368693e-07
-1.679596e-07
-1.812956e-06
-4.447306e-06
-7.650728e-06
-1.058002e-05
-1.231829e-05
-1.233609e-05
-1.075041e-05
-8.210234e-06
-5.520333e-06
-3.278148e-06
-1.723187e-06
-8.031751e-07
-3.323698e-07
-1.222372e-07
-3.998553e-08
-1.164126e-08
-3.018016e-09
-6.970220e-10
-1.434508e-10
-2.631080e-11
-4.299095e-12
-6.246560e-13
-8.015319e-14
-8.836811e-15
-7.315619e-16
1.817689e-18
2.557194e-17
1.092535e-17
3.846365e-18
1.278789e-18
4.120348e-19
1.293163e-19
3.956362e-20
1.179866e-20
3.428874e-21
9.707507e-22
2.676239e-22
7.181081e-23
1.874311e-23
4.755082e-24
1.171479e-24
2.799333e-25
6.478091e-26
1.448831e-26
3.122799e-27
6.461002e-28
1.275726e-28
2.382600e-29
4.149192e-30
6.575457e-31
9.081187e-32
1.018924e-32
9.972420e-34
2.931744e-34
2.070145e-34
1.196578e-34
5.357728e-35
1.649548e-35
-1.194763e-36
-8.674408e-36
-1.135125e-35
-1.191529e-35
-1.160314e-35
2.213550e-07
4.389454e-07
6.318494e-07
6.086919e-07
6.721064e-08
-1.284287e-06
-3.510295e-06
-6.267227e-06
-8.833450e-06
-1.040646e-05
-1.050635e-05
-9.211116e-06
-7.067849e-06
-4.770483e-06
-2.842010e-06
-1.498086e-06
-6.999669e-07
-2.902960e-07
-1.069765e-07
-3.505786e-08
-1.022413e-08
-2.654923e-09
-6.141266e-10
-1.265906e-10
-2.325917e-11
-3.809490e-12
-5.559501e-13
-7.214553e-14
-8.256918e-15
-8.046903e-16
-5.492486e-17
2.587228e-18
2.707758e-18
1.042564e-18
3.500082e-19
1.122295e-19
3.495502e-20
1.060649e-20
3.136311e-21
9.035518e-22
2.535216e-22
6.924802e-23
1.840297e-23
4.755082e-24
1.193562e-24
2.907210e-25
6.861848e-26
1.566514e-26
3.450380e-27
7.306775e-28
1.480256e-28
2.847502e-29
5.141635e-30
8.555645e-31
1.274256e-31
1.641085e-32
1.990840e-33
4.758998e-34
2.707063e-34
1.594917e-34
8.305057e-35
3.959595e-35
1.786186e-35
7.743014e-36
3.217893e-36
1.243352e-36
3.980917e-37
4.451490e-38
2.305706e-07
4.288515e-07
6.247133e-07
6.531704e-07
2.474918e-07
-8.580943e-07
-2.738580e-06
-5.113905e-06
-7.365736e-06
-8.790441e-06
-8.952667e-06
-7.899220e-06
-6.091188e-06
-4.127680e-06
-2.467240e-06
-1.304241e-06
-6.109133e-07
-2.539256e-07
-9.376168e-08
-3.078371e-08
-8.992952e-09
-2.338952e-09
-5.418580e-10
-1.118578e-10
-2.058267e-11
-3.376672e-12
-4.939075e-13
-6.438121e-14
-7.460933e-15
-7.609542e-16
-6.519156e-17
-3.451203e-18
4.271012e-19
2.606458e-19
9.241176e-20
2.971294e-20
9.194698e-21
2.767179e-21
8.111875e-22
2.316137e-22
6.438721e-23
1.741821e-23
4.582446e-24
1.171479e-24
2.907210e-25
6.994567e-26
1.628739e-26
3.662371e-27
7.927554e-28
1.644630e-28
3.249079e-29
6.053884e-30
1.048392e-30
1.651906e-31
2.322252e-32
3.131354e-33
6.706672e-34
3.174508e-34
1.788654e-34
9.319509e-35
4.496953e-35
2.066225e-35
9.223946e-36
4.048821e-36
1.758651e-36
7.579395e-37
3.240400e-37
1.369200e-37
2.234798e-07
4.095278e-07
6.083694e-07
6.784219e-07
3.844516e-07
-5.155032e-07
-2.103463e-06
-4.152155e-06
-6.131251e-06
-7.422789e-06
-7.631518e-06
-6.779396e-06
-5.254850e-06
-3.575718e-06
-2.144653e-06
-1.137024e-06
-5.339408e-07
-2.224317e-07
-8.229909e-08
-2.707029e-08
-7.921632e-09
-2.063591e-09
-4.787814e-10
-9.897742e-11
-1.823772e-11
-2.996141e-12
-4.389302e-13
-5.734219e-14
-6.676460e-15
-6.908258e-16
-6.271234e-17
-4.681211e-18
-1.664432e-19
4.986264e-20
2.295662e-20
7.612469e-21
2.350924e-21
7.021015e-22
2.040118e-22
5.771345e-23
1.588979e-23
4.255255e-24
1.107578e-24
2.799333e-25
6.861848e-26
1.628739e-26
3.735753e-27
8.256333e-28
1.751285e-28
3.545046e-29
6.791690e-30
1.216592e-30
2.004372e-31
3.001380e-32
4.347031e-33
8.886159e-34
3.678998e-34
1.979506e-34
1.027188e-34
4.987595e-35
2.310522e-35
1.039958e-35
4.601827e-36
2.015731e-36
8.773043e-37
3.801262e-37
1.641252e-37
7.064069e-38
2.108083e-07
3.871464e-07
5.871873e-07
6.896582e-07
4.869695e-07
-2.412001e-07
-1.581300e-06
-3.349991e-06
-5.092076e-06
-6.263976e-06
-6.506547e-06
-5.822077e-06
-4.537532e-06
-3.100979e-06
-1.866517e-06
-9.925329e-07
-4.672973e-07
-1.951142e-07
-7.233965e-08
-2.383868e-08
-6.987897e-09
-1.823244e-09
-4.236471e-10
-8.770272e-11
-1.618190e-11
-2.661867e-12
-3.904732e-13
-5.108773e-14
-5.961439e-15
-6.199952e-16
-5.726517e-17
-4.618344e-18
-2.959406e-19
-4.075519e-21
4.815482e-21
1.858204e-21
5.825577e-22
1.730627e-22
4.984900e-23
1.396705e-23
3.806608e-24
1.008512e-24
2.595068e-25
6.478091e-26
1.566514e-26
3.662371e-27
8.256333e-28
1.788252e-28
3.702175e-29
7.272368e-30
1.341379e-30
2.292466e-31
3.603617e-32
5.507876e-33
1.109309e-33
4.190925e-34
2.163777e-34
1.116989e-34
5.452441e-35
2.545189e-35
1.154492e-35
5.146473e-36
2.270108e-36
9.946494e-37
4.337836e-37
1.885030e-37
8.166607e-38
3.528309e-38
1.967505e-07
3.642394e-07
5.634157e-07
6.904745e-07
5.620046e-07
-2.273014e-08
-1.152622e-06
-2.680927e-06
-4.216692e-06
-5.281042e-06
-5.547365e-06
-5.002494e-06
-3.921350e-06
-2.692007e-06
-1.626316e-06
-8.674734e-07
-4.095010e-07
-1.713799e-07
-6.367190e-08
-2.102173e-08
-6.172751e-09
-1.613123e-09
-3.753801e-10
-7.781911e-11
-1.437731e-11
-2.368014e-12
-3.477955e-13
-4.556089e-14
-5.324155e-15
-5.549703e-16
-5.155486e-17
-4.249003e-18
-3.035592e-19
-1.626087e-20
2.800616e-22
4.053022e-22
1.385575e-22
4.135279e-23
1.181994e-23
3.279057e-24
8.841040e-25
2.315419e-25
5.883974e-26
1.448831e-26
3.450380e-27
7.927554e-28
1.751285e-28
3.702175e-29
7.439305e-30
1.407881e-30
2.481417e-31
4.055326e-32
6.471660e-33
1.307298e-33
4.664825e-34
2.331268e-34
1.197791e-34
5.875284e-35
2.762675e-35
1.262733e-35
5.670676e-36
2.519023e-36
1.111199e-36
4.877908e-37
2.133251e-37
9.299683e-38
4.042454e-38
1.752462e-38
1.828737e-07
3.418350e-07
5.383199e-07
6.834974e-07
6.150924e-07
1.500684e-07
-8.013869e-07
-2.123009e-06
-3.478867e-06
-4.446471e-06
-4.728530e-06
-4.299857e-06
-3.391258e-06
-2.339148e-06
-1.418548e-06
-7.590582e-07
-3.592963e-07
-1.507253e-07
-5.611608e-08
-1.856226e-08
-5.459995e-09
-1.429135e-09
-3.330592e-10
-6.914181e-11
-1.279095e-11
-2.109368e-12
-3.101794e-13
-4.068074e-14
-4.759541e-15
-4.968128e-16
-4.626162e-17
-3.838552e-18
-2.821295e-19
-1.777363e-20
-7.557328e-22
5.234385e-23
3.043602e-23
9.518744e-24
2.714397e-24
7.456567e-25
1.987383e-25
5.139512e-26
1.288047e-26
3.122799e-27
7.306775e-28
1.644630e-28
3.545046e-29
7.272368e-30
1.407881e-30
2.547252e-31
4.297567e-32
7.109987e-33
1.456999e-33
5.050814e-34
2.470580e-34
1.265811e-34
6.239193e-35
2.954746e-35
1.360729e-35
6.156057e-36
2.754179e-36
1.223305e-36
5.405915e-37
2.379562e-37
1.043954e-37
4.566283e-38
1.991689e-38
8.663807e-39
1.697204e-07
3.203472e-07
5.126820e-07
6.707201e-07
6.506768e-07
2.855083e-07
-5.143494e-07
-1.658011e-06
-2.856736e-06
-3.737248e-06
-4.028704e-06
-3.696687e-06
-2.934583e-06
-2.034250e-06
-1.238558e-06
-6.649259e-07
-3.156174e-07
-1.327224e-07
-4.951916e-08
-1.641154e-08
-4.835790e-09
-1.267780e-09
-2.958948e-10
-6.151204e-11
-1.139438e-11
-1.881391e-12
-2.769834e-13
-3.636837e-14
-4.259740e-15
-4.451505e-16
-4.150840e-17
-3.452966e-18
-2.558889e-19
-1.675752e-20
-9.239809e-22
-2.772412e-23
5.034982e-24
2.061699e-24
6.009561e-25
1.638607e-25
4.313945e-26
1.100009e-26
2.713508e-27
6.461002e-28
1.480256e-28
3.249079e-29
6.791690e-30
1.341379e-30
2.481417e-31
4.297567e-32
7.333446e-33
1.537660e-33
5.303647e-34
2.570793e-34
1.317463e-34
6.528353e-35
3.113614e-35
1.444642e-35
6.584191e-36
2.966971e-36
1.327037e-36
5.904220e-37
2.616167e-37
1.155220e-37
5.085196e-38
2.231919e-38
9.768563e-39
4.263870e-39
1.574451e-07
2.999372e-07
4.870226e-07
6.536877e-07
6.723442e-07
3.904037e-07
-2.805613e-07
-1.270781e-06
-2.332041e-06
-3.134090e-06
-3.429958e-06
-3.178261e-06
-2.540622e-06
-1.770418e-06
-1.082403e-06
-5.830716e-07
-2.775581e-07
-1.170067e-07
-4.375058e-08
-1.452792e-08
-4.288299e-09
-1.126059e-09
-2.632095e-10
-5.479335e-11
-1.016308e-11
-1.680158e-12
-2.476478e-13
-3.255310e-14
-3.816995e-15
-3.993062e-16
-3.727457e-17
-3.105070e-18
-2.307650e-19
-1.527152e-20
-8.898661e-22
-4.241030e-23
-6.124320e-25
3.754325e-25
1.263485e-25
3.465062e-26
9.012417e-27
2.261555e-27
5.475911e-28
1.275726e-28
2.847502e-29
6.053884e-30
1.216592e-30
2.292466e-31
4.055326e-32
7.109987e-33
1.537660e-33
5.391709e-34
2.623284e-34
1.349774e-34
6.729357e-35
3.232480e-35
1.511001e-35
6.937847e-36
3.149084e-36
1.418480e-36
6.354740e-37
2.834848e-37
1.260085e-37
5.582904e-38
2.466032e-38
1.086104e-38
4.770016e-39
2.089187e-39
1.460606e-07
2.806578e-07
4.617038e-07
6.336100e-07
6.829967e-07
4.703493e-07
-9.095698e-08
-9.487009e-07
-1.889510e-06
-2.620814e-06
-2.917199e-06
-2.732155e-06
-2.200324e-06
-1.541806e-06
-9.467329e-07
-5.117899e-07
-2.443464e-07
-1.032672e-07
-3.869880e-08
-1.287576e-08
-3.807381e-09
-1.001399e-09
-2.344212e-10
-4.886832e-11
-9.075933e-12
-1.502278e-12
-2.216877e-13
-2.917312e-14
-3.424332e-15
-3.585982e-16
-3.350850e-17
-2.794318e-18
-2.079645e-19
-1.380822e-20
-8.158471e-22
-4.221179e-23
-1.701977e-24
1.201137e-26
2.359849e-26
6.972451e-27
1.802348e-27
4.441262e-28
1.051198e-28
2.382600e-29
5.141635e-30
1.048392e-30
2.004372e-31
3.603617e-32
6.471660e-33
1.456999e-33
5.303647e-34
2.623284e-34
1.360775e-34
6.832436e-35
3.306051e-35
1.556951e-35
7.202135e-36
3.293031e-36
1.493978e-36
6.740030e-37
3.027439e-37
1.354785e-37
6.042309e-38
2.686360e-38
1.190727e-38
5.262474e-39
2.319166e-39
1.019224e-39
1.355298e-07
2.625123e-07
4.369810e-07
6.114372e-07
6.849854e-07
5.299434e-07
6.197972e-08
-6.812450e-07
-1.516349e-06
-2.183811e-06
-2.477698e-06
-2.347863e-06
-1.906021e-06
-1.343455e-06
-8.286989e-07
-4.496278e-07
-2.153233e-07
-9.123802e-08
-3.426833e-08
-1.142451e-08
-3.384327e-09
-8.915863e-10
-2.090289e-10
-4.363576e-11
-8.114704e-12
-1.344821e-12
-1.986830e-13
-2.617474e-14
-3.075634e-15
-3.224098e-16
-3.015661e-17
-2.517243e-18
-1.875376e-19
-1.247034e-20
-7.397386e-22
-3.900953e-23
-1.786683e-24
-5.869321e-26
2.356432e-27
1.278199e-27
3.411904e-28
8.255802e-29
1.898538e-29
4.149192e-30
8.555645e-31
1.651906e-31
3.001380e-32
5.507876e-33
1.307298e-33
5.050814e-34
2.570793e-34
1.349774e-34
6.832436e-35
3.330959e-35
1.580455e-35
7.365562e-36
3.392664e-36
1.550375e-36
7.044401e-37
3.186325e-37
1.435697e-37
6.446464e-38
2.885091e-38
1.287172e-38
5.725281e-39
2.539079e-39
1.122812e-39
4.951304e-40
1.258000e-07
2.454783e-07
4.130330e-07
5.879151e-07
6.802151e-07
5.729689e-07
1.844886e-07
-4.596212e-07
-1.201822e-06
-1.811618e-06
-2.100703e-06
-2.016488e-06
-1.651201e-06
-1.171141e-06
-7.258732e-07
-3.953450e-07
-1.899254e-07
-8.069148e-08
-3.037727e-08
-1.014795e-08
-3.011650e-09
-7.947178e-10
-1.866006e-10
-3.900833e-11
-7.263641e-12
-1.205254e-12
-1.782697e-13
-2.351132e-14
-2.765575e-15
-2.901993e-16
-2.717012e-17
-2.270088e-18
-1.692820e-19
-1.126787e-20
-6.694640e-22
-3.547931e-23
-1.669208e-24
-6.739623e-26
-1.687745e-27
1.631910e-28
5.903583e-29
1.428345e-29
3.165655e-30
6.575457e-31
1.274256e-31
2.322252e-32
4.347031e-33
1.109309e-33
4.664825e-34
2.470580e-34
1.317463e-34
6.729357e-35
3.306051e-35
1.580455e-35
7.420865e-36
3.443615e-36
1.585239e-36
7.254987e-37
3.304946e-37
1.499570e-37
6.779600e-38
3.054720e-38
1.371925e-38
6.142223e-39
2.741540e-39
1.220030e-39
5.413579e-40
2.395331e-40
1.168152e-07
2.295196e-07
3.899813e-07
5.636265e-07
6.702286e-07
6.025397e-07
2.817558e-07
-2.764745e-07
-9.369019e-07
-1.494565e-06
-1.777113e-06
-1.730480e-06
-1.430328e-06
-1.021270e-06
-6.361833e-07
-3.478807e-07
-1.676702e-07
-7.143230e-08
-2.695527e-08
-9.023497e-09
-2.682901e-09
-7.091505e-10
-1.667635e-10
-3.491051e-11
-6.509105e-12
-1.081378e-12
-1.601321e-13
-2.114238e-14
-2.489519e-15
-2.614931e-16
-2.450599e-17
-2.049394e-18
-1.529623e-19
-1.019072e-20
-6.060751e-22
-3.217550e-23
-1.523414e-24
-6.391819e-26
-2.265368e-27
-3.881806e-29
7.751468e-30
2.203793e-30
4.699900e-31
9.081187e-32
1.641085e-32
3.131354e-33
8.886159e-34
4.190925e-34
2.331268e-34
1.265811e-34
6.528353e-35
3.232480e-35
1.556951e-35
7.365562e-36
3.443615e-36
1.597036e-36
7.362651e-37
3.378249e-37
1.543738e-37
7.028151e-38
3.188523e-38
1.441723e-38
6.497759e-39
2.919265e-39
1.307512e-39
5.838635e-40
2.599568e-40
1.154103e-40
1.085201e-07
2.145915e-07
3.679036e-07
5.390242e-07
6.562739e-07
6.212205e-07
3.580962e-07
-1.256437e-07
-7.139916e-07
-1.224481e-06
-1.499215e-06
-1.483422e-06
-1.238686e-06
-8.907696e-07
-5.578564e-07
-3.063261e-07
-1.481435e-07
-6.329264e-08
-2.394180e-08
-8.031716e-09
-2.392514e-09
-6.334653e-10
-1.491948e-10
-3.127689e-11
-5.839271e-12
-9.712876e-13
-1.439958e-13
-1.903266e-14
-2.243428e-15
-2.358781e-16
-2.212652e-17
-1.852099e-18
-1.383591e-19
-9.225779e-21
-5.491616e-22
-2.918321e-23
-1.384408e-24
-5.856253e-26
-2.191432e-27
-6.821642e-29
-7.548101e-31
2.492449e-31
5.692960e-32
1.018924e-32
1.990840e-33
6.706672e-34
3.678998e-34
2.163777e-34
1.197791e-34
6.239193e-35
3.113614e-35
1.511001e-35
7.202135e-36
3.392664e-36
1.585239e-36
7.362651e-37
3.403047e-37
1.566313e-37
7.181679e-38
3.280999e-38
1.493764e-38
6.777991e-39
3.065505e-39
1.382038e-39
6.211369e-40
2.783142e-40
1.243352e-40
5.538507e-41
1.008623e-07
2.006443e-07
3.468445e-07
5.144573e-07
6.393590e-07
6.311235e-07
4.171031e-07
-1.961079e-09
-5.266854e-07
-9.944473e-07
-1.260458e-06
-1.269851e-06
-1.072247e-06
-7.770152e-07
-4.893740e-07
-2.699013e-07
-1.309895e-07
-5.612805e-08
-2.128467e-08
-7.155817e-09
-2.135681e-09
-5.664340e-10
-1.336151e-10
-2.805074e-11
-5.243872e-12
-8.733233e-13
-1.296218e-13
-1.715145e-14
-2.023778e-15
-2.129938e-16
-1.999874e-17
-1.675514e-18
-1.252772e-19
-8.360566e-21
-4.980722e-22
-2.649037e-23
-1.257919e-24
-5.332634e-26
-2.015850e-27
-6.740541e-29
-1.882566e-30
-2.370365e-32
3.755966e-33
9.972420e-34
4.758998e-34
3.174508e-34
1.979506e-34
1.116989e-34
5.875284e-35
2.954746e-35
1.444642e-35
6.937847e-36
3.293031e-36
1.550375e-36
7.254987e-37
3.378249e-37
1.566313e-37
7.233604e-38
3.328247e-38
1.525896e-38
6.971562e-39
3.174471e-39
1.440735e-39
6.517812e-40
2.939385e-40
1.321535e-40
5.923778e-41
2.647558e-41
9.379235e-08
1.876262e-07
3.268233e-07
4.901917e-07
6.202966e-07
6.339887e-07
4.617716e-07
9.891324e-08
-3.695752e-07
-7.986006e-07
-1.055271e-06
-1.085108e-06
-9.275730e-07
-6.777576e-07
-4.294327e-07
-2.379361e-07
-1.159017e-07
-4.981397e-08
-1.893882e-08
-6.381289e-09
-1.908238e-09
-5.069922e-10
-1.197818e-10
-2.518279e-11
-4.713975e-12
-7.860420e-13
-1.168020e-13
-1.547197e-14
-1.827492e-15
-1.925245e-16
-1.809378e-17
-1.517282e-18
-1.135448e-19
-7.583940e-21
-4.521729e-22
-2.406830e-23
-1.143826e-24
-4.853748e-26
-1.838959e-27
-6.216679e-29
-1.869358e-30
-4.953882e-32
-9.333496e-34
2.931744e-34
2.707063e-34
1.788654e-34
1.027188e-34
5.452441e-35
2.762675e-35
1.360729e-35
6.584191e-36
3.149084e-36
1.493978e-36
7.044401e-37
3.304946e-37
1.543738e-37
7.181679e-38
3.328247e-38
1.536760e-38
7.070432e-39
3.241719e-39
1.481259e-39
6.746005e-40
3.062354e-40
1.385762e-40
6.251393e-41
2.811577e-41
1.260774e-41
8.726402e-08
1.754842e-07
3.078402e-07
4.664269e-07
5.997396e-07
6.312493e-07
4.945996e-07
1.806277e-07
-2.380890e-07
-6.319625e-07
-8.789086e-07
-9.252126e-07
-8.017166e-07
-5.910674e-07
-3.769126e-07
-2.098531e-07
-1.026160e-07
-4.424283e-08
-1.686529e-08
-5.695566e-09
-1.706575e-09
-4.542161e-10
-1.074841e-10
-2.263014e-11
-4.241803e-12
-7.081848e-13
-1.053546e-13
-1.397080e-14
-1.651878e-15
-1.741941e-16
-1.638635e-17
-1.375333e-18
-1.030108e-19
-6.886063e-21
-4.108939e-22
-2.188817e-23
-1.041011e-24
-4.420871e-26
-1.676494e-27
-5.677928e-29
-1.718663e-30
-4.659532e-32
-9.142294e-34
2.070145e-34
1.594917e-34
9.319509e-35
4.987595e-35
2.545189e-35
1.262733e-35
6.156057e-36
2.966971e-36
1.418480e-36
6.740030e-37
3.186325e-37
1.499570e-37
7.028151e-38
3.280999e-38
1.525896e-38
7.070432e-39
3.264453e-39
1.501950e-39
6.886776e-40
3.147206e-40
1.433558e-40
6.509056e-41
2.946210e-41
1.329481e-41
5.981389e-42
8.123443e-08
1.641656e-07
2.898812e-07
4.433098e-07
5.782110e-07
6.240845e-07
5.176717e-07
2.462529e-07
-1.283564e-07
-4.903009e-07
-7.273221e-07
-7.867614e-07
-6.921519e-07
-5.152863e-07
-3.308490e-07
-1.851547e-07
-9.090393e-08
-3.932158e-08
-1.503032e-08
-5.087748e-09
-1.527558e-09
-4.073022e-10
-9.653840e-11
-2.035544e-11
-3.820568e-12
-6.386524e-13
-9.512076e-14
-1.262746e-14
-1.494580e-15
-1.577603e-16
-1.485424e-17
-1.247850e-18
-9.354237e-20
-6.258270e-21
-3.737304e-22
-1.992384e-23
-9.482969e-25
-4.030087e-26
-1.529406e-27
-5.183458e-29
-1.569295e-30
-4.227946e-32
-8.262837e-34
1.196578e-34
8.305057e-35
4.496953e-35
2.310522e-35
1.154492e-35
5.670676e-36
2.754179e-36
1.327037e-36
6.354740e-37
3.027439e-37
1.435697e-37
6.779600e-38
3.188523e-38
1.493764e-38
6.971562e-39
3.241719e-39
1.501950e-39
6.934355e-40
3.190518e-40
1.463032e-40
6.686762e-41
3.046343e-41
1.383480e-41
6.263657e-42
2.827306e-42
7.566384e-08
1.536187e-07
2.729219e-07
4.209451e-07
5.561280e-07
6.134644e-07
5.327281e-07
2.983753e-07
-3.709735e-08
-3.700124e-07
-5.970531e-07
-6.668367e-07
-5.967091e-07
-4.489873e-07
-2.904105e-07
-1.634108e-07
-8.056822e-08
-3.496960e-08
-1.340464e-08
-4.548367e-09
-1.368459e-09
-3.655511e-10
-8.678487e-11
-1.832606e-11
-3.444341e-12
-5.764833e-13
-8.596137e-14
-1.142399e-14
-1.353527e-15
-1.430107e-16
-1.347793e-17
-1.133234e-18
-8.502256e-20
-5.692918e-21
-3.402371e-22
-1.815213e-23
-8.646104e-25
-3.677080e-26
-1.396415e-27
-4.735787e-29
-1.434258e-30
-3.863066e-32
-8.129781e-34
5.357728e-35
3.959595e-35
2.066225e-35
1.039958e-35
5.146473e-36
2.519023e-36
1.223305e-36
5.904220e-37
2.834848e-37
1.354785e-37
6.446464e-38
3.054720e-38
1.441723e-38
6.777991e-39
3.174471e-39
1.481259e-39
6.886776e-40
3.190518e-40
1.472991e-40
6.777443e-41
3.108065e-41
1.420705e-41
6.473474e-42
2.940495e-42
1.331625e-42
7.051552e-08
1.437938e-07
2.569305e-07
3.994045e-07
5.338210e-07
6.001860e-07
5.412223e-07
3.391755e-07
3.847120e-08
-2.680257e-07
-4.851428e-07
-5.629358e-07
-5.135218e-07
-3.909401e-07
-2.548787e-07
-1.442496e-07
-7.143772e-08
-3.111695e-08
-1.196280e-08
-4.069187e-09
-1.226905e-09
-3.283527e-10
-7.808382e-11
-1.651351e-11
-3.107936e-12
-5.208355e-13
-7.775450e-14
-1.034463e-14
-1.226904e-15
-1.297580e-16
-1.224025e-17
-1.030076e-18
-7.734823e-20
-5.183265e-21
-3.100201e-22
-1.655252e-23
-7.889970e-25
-3.357894e-26
-1.276082e-27
-4.330564e-29
-1.312353e-30
-3.541951e-32
-7.945539e-34
1.649548e-35
1.786186e-35
9.223946e-36
4.601827e-36
2.270108e-36
1.111199e-36
5.405915e-37
2.616167e-37
1.260085e-37
6.042309e-38
2.885091e-38
1.371925e-38
6.497759e-39
3.065505e-39
1.440735e-39
6.746005e-40
3.147206e-40
1.463032e-40
6.777443e-41
3.128918e-41
1.439694e-41
6.602754e-42
3.018485e-42
1.375598e-42
6.249727e-43
6.575559e-08
1.346428e-07
2.418701e-07
3.787333e-07
5.115499e-07
5.849029e-07
5.443676e-07
3.704934e-07
1.007132e-07
-1.817191e-07
-3.890563e-07
-4.729080e-07
-4.409825e-07
-3.400829e-07
-2.236326e-07
-1.273486e-07
-6.336399e-08
-2.770283e-08
-1.068266e-08
-3.643031e-09
-1.100823e-09
-2.951744e-10
-7.031315e-11
-1.489285e-11
-2.806807e-12
-4.709705e-13
-7.039309e-14
-9.375534e-15
-1.113112e-15
-1.178378e-16
-1.112605e-17
-9.371331e-19
-7.042832e-20
-4.723355e-21
-2.827315e-22
-1.510686e-23
-7.206106e-25
-3.069009e-26
-1.167097e-27
-3.963348e-29
-1.201897e-30
-3.250182e-32
-7.573716e-34
-1.194763e-36
7.743014e-36
4.048821e-36
2.015731e-36
9.946494e-37
4.877908e-37
2.379562e-37
1.155220e-37
5.582904e-38
2.686360e-38
1.287172e-38
6.142223e-39
2.919265e-39
1.382038e-39
6.517812e-40
3.062354e-40
1.433558e-40
6.686762e-41
3.108065e-41
1.439694e-41
6.646424e-42
3.058259e-42
1.402681e-42
6.413155e-43
2.923082e-43
6.135287e-08
1.261201e-07
2.277005e-07
3.589561e-07
4.895174e-07
5.681500e-07
5.431776e-07
3.938821e-07
1.516386e-07
-1.088526e-07
-3.066192e-07
-3.949029e-07
-3.777043e-07
-2.954975e-07
-1.961341e-07
-1.124285e-07
-5.621802e-08
-2.467436e-08
-9.544941e-09
-3.263639e-09
-9.884046e-10
-2.655502e-10
-6.336598e-11
-1.344220e-11
-2.536968e-12
-4.262398e-13
-6.378305e-14
-8.504527e-15
-1.010745e-15
-1.071049e-16
-1.012198e-17
-8.533091e-19
-6.418236e-20
-4.307916e-21
-2.580630e-22
-1.379904e-23
-6.587004e-25
-2.807297e-26
-1.068296e-27
-3.630228e-29
-1.101623e-30
-2.983300e-32
-7.092651e-34
-8.674408e-36
3.217893e-36
1.758651e-36
8.773043e-37
4.337836e-37
2.133251e-37
1.043954e-37
5.085196e-38
2.466032e-38
1.190727e-38
5.725281e-39
2.741540e-39
1.307512e-39
6.211369e-40
2.939385e-40
1.385762e-40
6.509056e-41
3.046343e-41
1.420705e-41
6.602754e-42
3.058259e-42
1.411828e-42
6.496479e-43
2.979833e-43
1.362549e-43
5.727870e-08
1.181825e-07
2.143797e-07
3.400820e-07
4.678795e-07
5.503641e-07
5.384982e-07
4.106536e-07
1.929577e-07
-4.750966e-08
-2.359639e-07
-3.273260e-07
-3.224892e-07
-2.563892e-07
-1.719164e-07
-9.924609e-08
-4.988754e-08
-2.198543e-08
-8.532796e-09
-2.925538e-09
-8.880661e-10
-2.390721e-10
-5.714858e-11
-1.214239e-11
-2.294916e-12
-3.860731e-13
-5.784154e-14
-7.720872e-15
-9.185603e-16
-9.743133e-17
-9.216255e-18
-7.776333e-19
-5.853913e-20
-3.932280e-21
-2.357415e-22
-1.261479e-23
-6.025998e-25
-2.569980e-26
-9.786435e-28
-3.327750e-29
-1.010496e-30
-2.739386e-32
-6.579156e-34
-1.135125e-35
1.243352e-36
7.579395e-37
3.801262e-37
1.885030e-37
9.299683e-38
4.566283e-38
2.231919e-38
1.086104e-38
5.262474e-39
2.539079e-39
1.220030e-39
5.838635e-40
2.783142e-40
1.321535e-40
6.251393e-41
2.946210e-41
1.383480e-41
6.473474e-42
3.018485e-42
1.402681e-42
6.496479e-43
2.998995e-43
1.380008e-43
6.330290e-44
5.350674e-08
1.107892e-07
2.018647e-07
3.221071e-07
4.467541e-07
5.319007e-07
5.310348e-07
4.219163e-07
2.261272e-07
3.950749e-09
-1.754846e-07
-2.688021e-07
-2.743011e-07
-2.220688e-07
-1.505742e-07
-8.759012e-08
-4.427472e-08
-1.959581e-08
-7.631518e-09
-2.623943e-09
-7.984210e-10
-2.153822e-10
-5.157868e-11
-1.097655e-11
-2.077569e-12
-3.499683e-13
-5.249557e-14
-7.015100e-15
-8.354629e-16
-8.870377e-17
-8.398426e-18
-7.092470e-19
-5.343552e-20
-3.592308e-21
-2.155244e-22
-1.154142e-23
-5.517165e-25
-2.354586e-26
-8.972182e-28
-3.052848e-29
-9.276136e-31
-2.516767e-32
-6.075671e-34
-1.191529e-35
3.980917e-37
3.240400e-37
1.641252e-37
8.166607e-38
4.042454e-38
1.991689e-38
9.768563e-39
4.770016e-39
2.319166e-39
1.122812e-39
5.413579e-40
2.599568e-40
1.243352e-40
5.923778e-41
2.811577e-41
1.329481e-41
6.263657e-42
2.940495e-42
1.375598e-42
6.413155e-43
2.979833e-43
1.380008e-43
6.370444e-44
2.931465e-44
5.001281e-08
1.039020e-07
1.901127e-07
3.050187e-07
4.262287e-07
5.130478e-07
5.213758e-07
4.286072e-07
2.523887e-07
4.693554e-08
-1.237987e-07
-2.181431e-07
-2.322424e-07
-1.919384e-07
-1.317549e-07
-7.727637e-08
-3.929418e-08
-1.747035e-08
-6.828233e-09
-2.354660e-09
-7.182529e-10
-1.941665e-10
-4.658396e-11
-9.929836e-12
-1.882213e-12
-3.174824e-13
-4.768069e-14
-6.378848e-15
-7.604836e-16
-8.082210e-17
-7.659256e-18
-6.473890e-19
-4.881557e-20
-3.284324e-21
-1.971963e-22
-1.056766e-23
-5.055231e-25
-2.158913e-26
-8.231992e-28
-2.802787e-29
-8.521672e-31
-2.313703e-32
-5.600701e-34
-1.160314e-35
4.451490e-38
1.369200e-37
7.064069e-38
3.528309e-38
1.752462e-38
8.663807e-39
4.263870e-39
2.089187e-39
1.019224e-39
4.951304e-40
2.395331e-40
1.154103e-40
5.538507e-41
2.647558e-41
1.260774e-41
5.981389e-42
2.827306e-42
1.331625e-42
6.249727e-43
2.923082e-43
1.362549e-43
6.330290e-44
2.931465e-44
1.353205e-44
