E
2.084268e+01
2.113053e+01
2.391117e+01
2.520075e+01
2.401481e+01
2.084478e+01
1.668496e+01
1.246856e+01
8.815645e+00
5.996227e+00
4.010946e+00
2.708548e+00
1.889099e+00
1.371136e+00
1.021966e+00
7.610459e-01
5.488495e-01
3.713990e-01
2.266888e-01
1.155846e-01
3.727140e-02
-1.192982e-02
-3.785794e-02
-4.715231e-02
-4.601659e-02
-3.944786e-02
-3.096484e-02
-2.270719e-02
-1.573395e-02
-1.037474e-02
-6.540962e-03
-3.955976e-03
-2.300288e-03
-1.287674e-03
-6.941682e-04
-3.599537e-04
-1.788326e-04
-8.429767e-05
-3.679738e-05
-1.388124e-05
-3.341332e-06
1.198392e-06
2.942377e-06
3.441924e-06
3.420425e-06
3.202196e-06
2.926219e-06
2.648560e-06
2.389616e-06
2.155130e-06
1.945191e-06
1.757934e-06
1.591001e-06
1.442067e-06
1.309017e-06
1.189976e-06
1.083303e-06
9.875638e-07
9.015054e-07
8.240323e-07
7.541853e-07
6.911230e-07
6.341064e-07
5.824851e-07
5.356859e-07
4.932029e-07
4.545889e-07
4.194475e-07
2.113053e+01
2.509833e+01
2.688887e+01
2.607855e+01
2.336804e+01
1.965438e+01
1.568005e+01
1.194964e+01
8.746351e+00
6.179755e+00
4.239561e+00
2.845023e+00
1.884817e+00
1.245332e+00
8.276476e-01
5.550133e-01
3.734856e-01
2.484798e-01
1.596283e-01
9.566914e-02
5.035854e-02
1.975033e-02
7.294605e-04
-9.549369e-03
-1.371350e-02
-1.403451e-02
-1.229722e-02
-9.756530e-03
-7.184870e-03
-4.976197e-03
-3.266522e-03
-2.041671e-03
-1.217924e-03
-6.934690e-04
-3.757025e-04
-1.919065e-04
-9.030874e-05
-3.670914e-05
-9.874090e-06
2.686480e-06
7.969461e-06
9.720212e-06
9.857714e-06
9.322834e-06
8.555447e-06
7.749615e-06
6.983895e-06
6.285060e-06
5.657955e-06
5.098919e-06
4.601525e-06
4.158911e-06
3.764626e-06
3.412892e-06
3.098628e-06
2.817393e-06
2.565317e-06
2.339024e-06
2.135566e-06
1.952363e-06
1.787159e-06
1.637971e-06
1.503058e-06
1.380889e-06
1.270113e-06
1.169535e-06
1.078101e-06
9.948775e-07
2.391117e+01
2.688887e+01
2.704078e+01
2.486994e+01
2.144217e+01
1.765077e+01
1.402921e+01
1.082182e+01
8.107366e+00
5.888973e+00
4.138450e+00
2.811141e+00
1.849610e+00
1.186990e+00
7.530942e-01
4.818763e-01
3.176513e-01
2.183708e-01
1.556993e-01
1.127509e-01
8.077196e-02
5.589319e-02
3.662433e-02
2.228910e-02
1.227165e-02
5.802272e-03
2.012581e-03
6.659392e-05
-7.347960e-04
-9.081542e-04
-7.929072e-04
-5.859466e-04
-3.848943e-04
-2.268948e-04
-1.173612e-04
-4.829376e-05
-8.328884e-06
1.271237e-05
2.240168e-05
2.576596e-05
2.587267e-05
2.446580e-05
2.247358e-05
2.035662e-05
1.832402e-05
1.645748e-05
1.477829e-05
1.328129e-05
1.195131e-05
1.077052e-05
9.721500e-06
8.788384e-06
7.957118e-06
7.215402e-06
6.552516e-06
5.959129e-06
5.427114e-06
4.949382e-06
4.519741e-06
4.132777e-06
3.783744e-06
3.468477e-06
3.183313e-06
2.925030e-06
2.690783e-06
2.478062e-06
2.284644e-06
2.108561e-06
2.520075e+01
2.607855e+01
2.486994e+01
2.211147e+01
1.867622e+01
1.524057e+01
1.214761e+01
9.492585e+00
7.255773e+00
5.394176e+00
3.876594e+00
2.682014e+00
1.786274e+00
1.152945e+00
7.332648e-01
4.727557e-01
3.197342e-01
2.318438e-01
1.789357e-01
1.425564e-01
1.133411e-01
8.775860e-02
6.525242e-02
4.626593e-02
3.118110e-02
1.994612e-02
1.210094e-02
6.958639e-03
3.792343e-03
1.961824e-03
9.703843e-04
4.695566e-04
2.352817e-04
1.347283e-04
9.526790e-05
8.049599e-05
7.395617e-05
6.919803e-05
6.426584e-05
5.893309e-05
5.346749e-05
4.816305e-05
4.321233e-05
3.870551e-05
3.466251e-05
3.106403e-05
2.787273e-05
2.504570e-05
2.254061e-05
2.031851e-05
1.834468e-05
1.658863e-05
1.502379e-05
1.362705e-05
1.237833e-05
1.126016e-05
1.025731e-05
9.356507e-06
8.546145e-06
7.816070e-06
7.157380e-06
6.562257e-06
6.023828e-06
5.536037e-06
5.093540e-06
4.691617e-06
4.326090e-06
3.993256e-06
2.401481e+01
2.336804e+01
2.144217e+01
1.867622e+01
1.565333e+01
1.279956e+01
1.030140e+01
8.173592e+00
6.363755e+00
4.823893e+00
3.533320e+00
2.489192e+00
1.687533e+00
1.110222e+00
7.228262e-01
4.807134e-01
3.381677e-01
2.560366e-01
2.057424e-01
1.696348e-01
1.389035e-01
1.105456e-01
8.454151e-02
6.183072e-02
4.319102e-02
2.883258e-02
1.842360e-02
1.129676e-02
6.672127e-03
3.819009e-03
2.140396e-03
1.195273e-03
6.834408e-04
4.144983e-04
2.751432e-04
2.018456e-04
1.609509e-04
1.355861e-04
1.177289e-04
1.037451e-04
9.204386e-05
8.192681e-05
7.306079e-05
6.525401e-05
5.836891e-05
5.229163e-05
4.692256e-05
4.217363e-05
3.796737e-05
3.423601e-05
3.092056e-05
2.796981e-05
2.533930e-05
2.299044e-05
2.088968e-05
1.900784e-05
1.731948e-05
1.580240e-05
1.443720e-05
1.320687e-05
1.209650e-05
1.109301e-05
1.018487e-05
9.361918e-06
8.615196e-06
7.936780e-06
7.319656e-06
6.757603e-06
2.084478e+01
1.965438e+01
1.765077e+01
1.524057e+01
1.279956e+01
1.056704e+01
8.624658e+00
6.951643e+00
5.497592e+00
4.229401e+00
3.142139e+00
2.246171e+00
1.548468e+00
1.040500e+00
6.964693e-01
4.793076e-01
3.495141e-01
2.726443e-01
2.233891e-01
1.861744e-01
1.533986e-01
1.227083e-01
9.441112e-02
6.960505e-02
4.914145e-02
3.325873e-02
2.162459e-02
1.355052e-02
8.221233e-03
4.863283e-03
2.835698e-03
1.657110e-03
9.934321e-04
6.278375e-04
4.276966e-04
3.161221e-04
2.506825e-04
2.089909e-04
1.796956e-04
1.572164e-04
1.388522e-04
1.232780e-04
1.098046e-04
9.803109e-05
8.768973e-05
7.857909e-05
7.053569e-05
6.342166e-05
5.711888e-05
5.152542e-05
4.655315e-05
4.212574e-05
3.817700e-05
3.464947e-05
3.149320e-05
2.866468e-05
2.612599e-05
2.384399e-05
2.178971e-05
1.993775e-05
1.826582e-05
1.675435e-05
1.538608e-05
1.414581e-05
1.302012e-05
1.199714e-05
1.106634e-05
1.021839e-05
1.668496e+01
1.568005e+01
1.402921e+01
1.214761e+01
1.030140e+01
8.624658e+00
7.146267e+00
5.839577e+00
4.671216e+00
3.628184e+00
2.719757e+00
1.964044e+00
1.372312e+00
9.398461e-01
6.456338e-01
4.583412e-01
3.443643e-01
2.744655e-01
2.273227e-01
1.900139e-01
1.564468e-01
1.249655e-01
9.609552e-02
7.092678e-02
5.023415e-02
3.418612e-02
2.240980e-02
1.420208e-02
8.747852e-03
5.278695e-03
3.157776e-03
1.904998e-03
1.184907e-03
7.777592e-04
5.475386e-04
4.142271e-04
3.328622e-04
2.791924e-04
2.405807e-04
2.106036e-04
1.860233e-04
1.651766e-04
1.471587e-04
1.314261e-04
1.176119e-04
1.054411e-04
9.469252e-05
8.518154e-05
7.675066e-05
6.926449e-05
6.260607e-05
5.667412e-05
5.138081e-05
4.664983e-05
4.241478e-05
3.861782e-05
3.520847e-05
3.214262e-05
2.938162e-05
2.689164e-05
2.464291e-05
2.260931e-05
2.076778e-05
1.909801e-05
1.758204e-05
1.620400e-05
1.494979e-05
1.380693e-05
1.246856e+01
1.194964e+01
1.082182e+01
9.492585e+00
8.173592e+00
6.951643e+00
5.839577e+00
4.821063e+00
3.883248e+00
3.030678e+00
2.282103e+00
1.658402e+00
1.170829e+00
8.152532e-01
5.733691e-01
4.184960e-01
3.225529e-01
2.615242e-01
2.182265e-01
1.825223e-01
1.498794e-01
1.193132e-01
9.149720e-02
6.743733e-02
4.777547e-02
3.258455e-02
2.145494e-02
1.369418e-02
8.523920e-03
5.220009e-03
3.185757e-03
1.972056e-03
1.264735e-03
8.572922e-04
6.212135e-04
4.803356e-04
3.914496e-04
3.309622e-04
2.863863e-04
2.512464e-04
2.221947e-04
1.974573e-04
1.760357e-04
1.573114e-04
1.408578e-04
1.263517e-04
1.135323e-04
1.021813e-04
9.211293e-05
8.316706e-05
7.520551e-05
6.810850e-05
6.177204e-05
5.610573e-05
5.103085e-05
4.647875e-05
4.238948e-05
3.871059e-05
3.539614e-05
3.240582e-05
2.970422e-05
2.726017e-05
2.504619e-05
2.303803e-05
2.121427e-05
1.955591e-05
1.804614e-05
1.667001e-05
8.815645e+00
8.746351e+00
8.107366e+00
7.255773e+00
6.363755e+00
5.497592e+00
4.671216e+00
3.883248e+00
3.138265e+00
2.452750e+00
1.849845e+00
1.349632e+00
9.611765e-01
6.796888e-01
4.888472e-01
3.661672e-01
2.887680e-01
2.376097e-01
1.994516e-01
1.667834e-01
1.365098e-01
1.082248e-01
8.268620e-02
6.077974e-02
4.300208e-02
2.933724e-02
1.935854e-02
1.241087e-02
7.781379e-03
4.817137e-03
2.984712e-03
1.884374e-03
1.236975e-03
8.589794e-04
6.359432e-04
4.997950e-04
4.117125e-04
3.503431e-04
3.042748e-04
2.675115e-04
2.368992e-04
2.107298e-04
1.880175e-04
1.681371e-04
1.506494e-04
1.352179e-04
1.215698e-04
1.094758e-04
9.874059e-05
8.919566e-05
8.069538e-05
7.311338e-05
6.633986e-05
6.027928e-05
5.484834e-05
4.997434e-05
4.559374e-05
4.165090e-05
3.809707e-05
3.488940e-05
3.199024e-05
2.936644e-05
2.698874e-05
2.483131e-05
2.287130e-05
2.108847e-05
1.946486e-05
1.798453e-05
5.996227e+00
6.179755e+00
5.888973e+00
5.394176e+00
4.823893e+00
4.229401e+00
3.628184e+00
3.030678e+00
2.452750e+00
1.916888e+00
1.446623e+00
1.059316e+00
7.613042e-01
5.471780e-01
4.026646e-01
3.093364e-01
2.491732e-01
2.076746e-01
1.751190e-01
1.462814e-01
1.192663e-01
9.410583e-02
7.157395e-02
5.241517e-02
3.698578e-02
2.519788e-02
1.662837e-02
1.067960e-02
6.721802e-03
4.187884e-03
2.619194e-03
1.674153e-03
1.115084e-03
7.859858e-04
5.896045e-04
4.680296e-04
3.881535e-04
3.316968e-04
2.888358e-04
2.543694e-04
2.255336e-04
2.008121e-04
1.793169e-04
1.604769e-04
1.438865e-04
1.292330e-04
1.162615e-04
1.047576e-04
9.453823e-05
8.544518e-05
7.734159e-05
7.010857e-05
6.364269e-05
5.785384e-05
5.266340e-05
4.800266e-05
4.381152e-05
4.003732e-05
3.663385e-05
3.356050e-05
3.078152e-05
2.826542e-05
2.598441e-05
2.391392e-05
2.203220e-05
2.031998e-05
1.876015e-05
1.733750e-05
4.010946e+00
4.239561e+00
4.138450e+00
3.876594e+00
3.533320e+00
3.142139e+00
2.719757e+00
2.282103e+00
1.849845e+00
1.446623e+00
1.093835e+00
8.055187e-01
5.857246e-01
4.290482e-01
3.235874e-01
2.548546e-01
2.092404e-01
1.761914e-01
1.489373e-01
1.240937e-01
1.006707e-01
7.897632e-02
5.973236e-02
4.352773e-02
3.058914e-02
2.077428e-02
1.367940e-02
8.775607e-03
5.523302e-03
3.445367e-03
2.160307e-03
1.386156e-03
9.277059e-04
6.572489e-04
4.953208e-04
3.946420e-04
3.281793e-04
2.809924e-04
2.450380e-04
2.160477e-04
1.917461e-04
1.708807e-04
1.527159e-04
1.367773e-04
1.227276e-04
1.103061e-04
9.930021e-05
8.953107e-05
8.084541e-05
7.311094e-05
6.621289e-05
6.005148e-05
5.453980e-05
4.960202e-05
4.517194e-05
4.119162e-05
3.761034e-05
3.438361e-05
3.147233e-05
2.884215e-05
2.646278e-05
2.430753e-05
2.235282e-05
2.057779e-05
1.896396e-05
1.749494e-05
1.615619e-05
1.493475e-05
2.708548e+00
2.845023e+00
2.811141e+00
2.682014e+00
2.489192e+00
2.246171e+00
1.964044e+00
1.658402e+00
1.349632e+00
1.059316e+00
8.055187e-01
5.991896e-01
4.428912e-01
3.319086e-01
2.569269e-01
2.071239e-01
1.727034e-01
1.463564e-01
1.236295e-01
1.025032e-01
8.259284e-02
6.432655e-02
4.831493e-02
3.498474e-02
2.444657e-02
1.651922e-02
1.082833e-02
6.917342e-03
4.335719e-03
2.692851e-03
1.680403e-03
1.072499e-03
7.137566e-04
5.029847e-04
3.774284e-04
2.998394e-04
2.489584e-04
2.130544e-04
1.858226e-04
1.639256e-04
1.455917e-04
1.298522e-04
1.161433e-04
1.041050e-04
9.348343e-05
8.408380e-05
7.574749e-05
6.834108e-05
6.175028e-05
5.587630e-05
5.063333e-05
4.594668e-05
4.175121e-05
3.798999e-05
3.461328e-05
3.157749e-05
2.884442e-05
2.638052e-05
2.415629e-05
2.214577e-05
2.032608e-05
1.867701e-05
1.718070e-05
1.582134e-05
1.458492e-05
1.345900e-05
1.243252e-05
1.149565e-05
1.889099e+00
1.884817e+00
1.849610e+00
1.786274e+00
1.687533e+00
1.548468e+00
1.372312e+00
1.170829e+00
9.611765e-01
7.613042e-01
5.857246e-01
4.428912e-01
3.346364e-01
2.573818e-01
2.043524e-01
1.679161e-01
1.413777e-01
1.199299e-01
1.008095e-01
8.291632e-02
6.620483e-02
5.109620e-02
3.805049e-02
2.733585e-02
1.896334e-02
1.272655e-02
8.286145e-03
5.256002e-03
3.268187e-03
2.010419e-03
1.239698e-03
7.798215e-04
5.104897e-04
3.538100e-04
2.616936e-04
2.057044e-04
1.696671e-04
1.446885e-04
1.260105e-04
1.111315e-04
9.873718e-05
8.812050e-05
7.887842e-05
7.075985e-05
6.359134e-05
5.724161e-05
5.160471e-05
4.659177e-05
4.212669e-05
3.814368e-05
3.458552e-05
3.140234e-05
2.855056e-05
2.599209e-05
2.369357e-05
2.162575e-05
1.976294e-05
1.808258e-05
1.656480e-05
1.519210e-05
1.394904e-05
1.282197e-05
1.179881e-05
1.086887e-05
1.002265e-05
9.251743e-06
8.548637e-06
7.906661e-06
1.371136e+00
1.245332e+00
1.186990e+00
1.152945e+00
1.110222e+00
1.040500e+00
9.398461e-01
8.152532e-01
6.796888e-01
5.471780e-01
4.290482e-01
3.319086e-01
2.573818e-01
2.031559e-01
1.646930e-01
1.369317e-01
1.155304e-01
9.747813e-02
8.114541e-02
6.597970e-02
5.206899e-02
3.974220e-02
2.929374e-02
2.084828e-02
1.433715e-02
9.541452e-03
6.159627e-03
3.870935e-03
2.380681e-03
1.444418e-03
8.749153e-04
5.379605e-04
3.427142e-04
2.307586e-04
1.662272e-04
1.280127e-04
1.041633e-04
8.814088e-05
7.647021e-05
6.734151e-05
5.981834e-05
5.340835e-05
4.783994e-05
4.295026e-05
3.863078e-05
3.480149e-05
3.139879e-05
2.836972e-05
2.566905e-05
2.325769e-05
2.110160e-05
1.917107e-05
1.744013e-05
1.588602e-05
1.448877e-05
1.323089e-05
1.209696e-05
1.107343e-05
1.014838e-05
9.311263e-06
8.552782e-06
7.864709e-06
7.239759e-06
6.671470e-06
6.154108e-06
5.682574e-06
5.252329e-06
4.859331e-06
1.021966e+00
8.276476e-01
7.530942e-01
7.332648e-01
7.228262e-01
6.964693e-01
6.456338e-01
5.733691e-01
4.888472e-01
4.026646e-01
3.235874e-01
2.569269e-01
2.043524e-01
1.646930e-01
1.351848e-01
1.126774e-01
9.448671e-02
7.879352e-02
6.465725e-02
5.179741e-02
4.029999e-02
3.036033e-02
2.211558e-02
1.557183e-02
1.060303e-02
6.989591e-03
4.468800e-03
2.778704e-03
1.687452e-03
1.007364e-03
5.971305e-04
3.567361e-04
2.191406e-04
1.415631e-04
9.790442e-05
7.289033e-05
5.791810e-05
4.830873e-05
4.159377e-05
3.650159e-05
3.238541e-05
2.891434e-05
2.591312e-05
2.328195e-05
2.095777e-05
1.889605e-05
1.706233e-05
1.542831e-05
1.396997e-05
1.266656e-05
1.150002e-05
1.045458e-05
9.516421e-06
8.673408e-06
7.914900e-06
7.231536e-06
6.615078e-06
6.058270e-06
5.554707e-06
5.098735e-06
4.685354e-06
4.310136e-06
3.969158e-06
3.658936e-06
3.376376e-06
3.118724e-06
2.883528e-06
2.668600e-06
7.610459e-01
5.550133e-01
4.818763e-01
4.727557e-01
4.807134e-01
4.793076e-01
4.583412e-01
4.184960e-01
3.661672e-01
3.093364e-01
2.548546e-01
2.071239e-01
1.679161e-01
1.369317e-01
1.126774e-01
9.330873e-02
7.721933e-02
6.331477e-02
5.102452e-02
4.016237e-02
3.074221e-02
2.282192e-02
1.640745e-02
1.141738e-02
7.690989e-03
5.018577e-03
3.176113e-03
1.953332e-03
1.170969e-03
6.875486e-04
3.984827e-04
2.307503e-04
1.359247e-04
8.336435e-05
5.450710e-05
3.855575e-05
2.946388e-05
2.396274e-05
2.034062e-05
1.772505e-05
1.567962e-05
1.398710e-05
1.253732e-05
1.127123e-05
1.015410e-05
9.162919e-06
8.280676e-06
7.493740e-06
6.790677e-06
6.161659e-06
5.598136e-06
5.092631e-06
4.638586e-06
4.230240e-06
3.862525e-06
3.530981e-06
3.231676e-06
2.961140e-06
2.716310e-06
2.494475e-06
2.293237e-06
2.110471e-06
1.944288e-06
1.793015e-06
1.655159e-06
1.529393e-06
1.414534e-06
1.309525e-06
5.488495e-01
3.734856e-01
3.176513e-01
3.197342e-01
3.381677e-01
3.495141e-01
3.443643e-01
3.225529e-01
2.887680e-01
2.491732e-01
2.092404e-01
1.727034e-01
1.413777e-01
1.155304e-01
9.448671e-02
7.721933e-02
6.276657e-02
5.043444e-02
3.982144e-02
3.074144e-02
2.311712e-02
1.689092e-02
1.197345e-02
8.228016e-03
5.480151e-03
3.538549e-03
2.216658e-03
1.348801e-03
7.988059e-04
4.619444e-04
2.622533e-04
1.474619e-04
8.329749e-05
4.827240e-05
2.946790e-05
1.941826e-05
1.396741e-05
1.088188e-05
9.000124e-06
7.735568e-06
6.799006e-06
6.049876e-06
5.419658e-06
4.873866e-06
4.393822e-06
3.968198e-06
3.589194e-06
3.250839e-06
2.948234e-06
2.677212e-06
2.434157e-06
2.215908e-06
2.019690e-06
1.843061e-06
1.683870e-06
1.540220e-06
1.410437e-06
1.293042e-06
1.186726e-06
1.090331e-06
1.002829e-06
9.233094e-07
8.509631e-07
7.850699e-07
7.249888e-07
6.701487e-07
6.200395e-07
5.742059e-07
3.713990e-01
2.484798e-01
2.183708e-01
2.318438e-01
2.560366e-01
2.726443e-01
2.744655e-01
2.615242e-01
2.376097e-01
2.076746e-01
1.761914e-01
1.463564e-01
1.199299e-01
9.747813e-02
7.879352e-02
6.331477e-02
5.043444e-02
3.965981e-02
3.065127e-02
2.318948e-02
1.711953e-02
1.230360e-02
8.594527e-03
5.829606e-03
3.837733e-03
2.451838e-03
1.520573e-03
9.160198e-04
5.366461e-04
3.063425e-04
1.709637e-04
9.381024e-05
5.110567e-05
2.808716e-05
1.595017e-05
9.641173e-06
6.363947e-06
4.624436e-06
3.650413e-06
3.054888e-06
2.649182e-06
2.343265e-06
2.094622e-06
1.882979e-06
1.698228e-06
1.534854e-06
1.389433e-06
1.259534e-06
1.143251e-06
1.038993e-06
9.453942e-07
8.612600e-07
7.855430e-07
7.173202e-07
6.557772e-07
6.001946e-07
5.499364e-07
5.044397e-07
4.632061e-07
4.257936e-07
3.918099e-07
3.609063e-07
3.327730e-07
3.071340e-07
2.837432e-07
2.623813e-07
2.428520e-07
2.249802e-07
2.266888e-01
1.596283e-01
1.556993e-01
1.789357e-01
2.057424e-01
2.233891e-01
2.273227e-01
2.182265e-01
1.994516e-01
1.751190e-01
1.489373e-01
1.236295e-01
1.008095e-01
8.114541e-02
6.465725e-02
5.102452e-02
3.982144e-02
3.065127e-02
2.319372e-02
1.719956e-02
1.246554e-02
8.810814e-03
6.063737e-03
4.058874e-03
2.640658e-03
1.669199e-03
1.025105e-03
6.117741e-04
3.549925e-04
2.004950e-04
1.104175e-04
5.948755e-05
3.153331e-05
1.661500e-05
8.854234e-06
4.900975e-06
2.912992e-06
1.911498e-06
1.393392e-06
1.108123e-06
9.345452e-07
8.155876e-07
7.248932e-07
6.503816e-07
5.864296e-07
5.302728e-07
4.804005e-07
4.358599e-07
3.959611e-07
3.601530e-07
3.279709e-07
2.990119e-07
2.729230e-07
2.493929e-07
2.281464e-07
2.089403e-07
1.915591e-07
1.758118e-07
1.615288e-07
1.485598e-07
1.367710e-07
1.260435e-07
1.162713e-07
1.073599e-07
9.922517e-08
9.179177e-08
8.499242e-08
7.876688e-08
1.155846e-01
9.566914e-02
1.127509e-01
1.425564e-01
1.696348e-01
1.861744e-01
1.900139e-01
1.825223e-01
1.667834e-01
1.462814e-01
1.240937e-01
1.025032e-01
8.291632e-02
6.597970e-02
5.179741e-02
4.016237e-02
3.074144e-02
2.318948e-02
1.719956e-02
1.251240e-02
8.907901e-03
6.194203e-03
4.200531e-03
2.774787e-03
1.784042e-03
1.115832e-03
6.787121e-04
4.014554e-04
2.309536e-04
1.292834e-04
7.048123e-05
3.748181e-05
1.950200e-05
9.982753e-06
5.078754e-06
2.614707e-06
1.401971e-06
8.125434e-07
5.253090e-07
3.811907e-07
3.037435e-07
2.572641e-07
2.254929e-07
2.011631e-07
1.810470e-07
1.636831e-07
1.483670e-07
1.347166e-07
1.224895e-07
1.115080e-07
1.016283e-07
9.272853e-08
8.470210e-08
7.745535e-08
7.090544e-08
6.497893e-08
5.961070e-08
5.474292e-08
5.032421e-08
4.630888e-08
4.265624e-08
3.933006e-08
3.629803e-08
3.353132e-08
3.100415e-08
2.869351e-08
2.657875e-08
2.464140e-08
3.727140e-02
5.035854e-02
8.077196e-02
1.133411e-01
1.389035e-01
1.533986e-01
1.564468e-01
1.498794e-01
1.365098e-01
1.192663e-01
1.006707e-01
8.259284e-02
6.620483e-02
5.206899e-02
4.029999e-02
3.074221e-02
2.311712e-02
1.711953e-02
1.246554e-02
8.907901e-03
6.235576e-03
4.268601e-03
2.853549e-03
1.860710e-03
1.182450e-03
7.318431e-04
4.409545e-04
2.585828e-04
1.475704e-04
8.196629e-05
4.432544e-05
2.335381e-05
1.200436e-05
6.035663e-06
2.983268e-06
1.463583e-06
7.254971e-07
3.744254e-07
2.096274e-07
1.321335e-07
9.461722e-08
7.510519e-08
6.367530e-08
5.595695e-08
5.006054e-08
4.517390e-08
4.094080e-08
3.719421e-08
3.384506e-08
3.083707e-08
2.812884e-08
2.568667e-08
2.348176e-08
2.148889e-08
1.968578e-08
1.805268e-08
1.657202e-08
1.522819e-08
1.400730e-08
1.289695e-08
1.188611e-08
1.096494e-08
1.012464e-08
9.357349e-09
8.656039e-09
8.014417e-09
7.426841e-09
6.888253e-09
-1.192982e-02
1.975033e-02
5.589319e-02
8.775860e-02
1.105456e-01
1.227083e-01
1.249655e-01
1.193132e-01
1.082248e-01
9.410583e-02
7.897632e-02
6.432655e-02
5.109620e-02
3.974220e-02
3.036033e-02
2.282192e-02
1.689092e-02
1.230360e-02
8.810814e-03
6.194203e-03
4.268601e-03
2.879354e-03
1.898720e-03
1.222681e-03
7.681880e-04
4.705673e-04
2.808976e-04
1.633372e-04
9.249775e-05
5.100847e-05
2.739277e-05
1.432884e-05
7.304599e-06
3.632923e-06
1.766514e-06
8.434019e-07
3.987713e-07
1.898526e-07
9.377050e-08
5.022286e-08
3.049898e-08
2.132866e-08
1.675241e-08
1.416619e-08
1.245994e-08
1.116942e-08
1.010185e-08
9.175634e-09
8.353842e-09
7.617342e-09
6.954242e-09
6.355824e-09
5.814984e-09
5.325622e-09
4.882383e-09
4.480521e-09
4.115812e-09
3.784497e-09
3.483222e-09
3.208993e-09
2.959139e-09
2.731272e-09
2.523256e-09
2.333179e-09
2.159331e-09
2.000176e-09
1.854337e-09
1.720578e-09
-3.785794e-02
7.294605e-04
3.662433e-02
6.525242e-02
8.454151e-02
9.441112e-02
9.609552e-02
9.149720e-02
8.268620e-02
7.157395e-02
5.973236e-02
4.831493e-02
3.805049e-02
2.929374e-02
2.211558e-02
1.640745e-02
1.197345e-02
8.594527e-03
6.063737e-03
4.200531e-03
2.853549e-03
1.898720e-03
1.236081e-03
7.865299e-04
4.887628e-04
2.964085e-04
1.753266e-04
1.011066e-04
5.682590e-05
3.112106e-05
1.660556e-05
8.632584e-06
4.372965e-06
2.159325e-06
1.040184e-06
4.896287e-07
2.259820e-07
1.029987e-07
4.704261e-08
2.214246e-08
1.124305e-08
6.492358e-09
4.378433e-09
3.374218e-09
2.833472e-09
2.489431e-09
2.234162e-09
2.024398e-09
1.842528e-09
1.680916e-09
1.535764e-09
1.404784e-09
1.286317e-09
1.179015e-09
1.081722e-09
9.934171e-10
9.131943e-10
8.402456e-10
7.738491e-10
7.133598e-10
6.582005e-10
6.078545e-10
5.618591e-10
5.197996e-10
4.813039e-10
4.460381e-10
4.137021e-10
3.840262e-10
-4.715231e-02
-9.549369e-03
2.228910e-02
4.626593e-02
6.183072e-02
6.960505e-02
7.092678e-02
6.743733e-02
6.077974e-02
5.241517e-02
4.352773e-02
3.498474e-02
2.733585e-02
2.084828e-02
1.557183e-02
1.141738e-02
8.228016e-03
5.829606e-03
4.058874e-03
2.774787e-03
1.860710e-03
1.222681e-03
7.865299e-04
4.948848e-04
3.043271e-04
1.827812e-04
1.071591e-04
6.129588e-05
3.419617e-05
1.860139e-05
9.863897e-06
5.098392e-06
2.568514e-06
1.261314e-06
6.038908e-07
2.820488e-07
1.286580e-07
5.746608e-08
2.527382e-08
1.107716e-08
4.958852e-09
2.370329e-09
1.284362e-09
8.226591e-10
6.151211e-10
5.099325e-10
4.463645e-10
4.006346e-10
3.635406e-10
3.314880e-10
3.029930e-10
2.773566e-10
2.541752e-10
2.331640e-10
2.140933e-10
1.967659e-10
1.810077e-10
1.666638e-10
1.535956e-10
1.416790e-10
1.308029e-10
1.208675e-10
1.117834e-10
1.034702e-10
9.585593e-11
8.887559e-11
8.247088e-11
7.658927e-11
-4.601659e-02
-1.371350e-02
1.227165e-02
3.118110e-02
4.319102e-02
4.914145e-02
5.023415e-02
4.777547e-02
4.300208e-02
3.698578e-02
3.058914e-02
2.444657e-02
1.896334e-02
1.433715e-02
1.060303e-02
7.690989e-03
5.480151e-03
3.837733e-03
2.640658e-03
1.784042e-03
1.182450e-03
7.681880e-04
4.887628e-04
3.043271e-04
1.853063e-04
1.102743e-04
6.409940e-05
3.637690e-05
2.014743e-05
1.088677e-05
5.737942e-06
2.949247e-06
1.478121e-06
7.223130e-07
3.441623e-07
1.599118e-07
7.248177e-08
3.207426e-08
1.388187e-08
5.900275e-09
2.485523e-09
1.058798e-09
4.746954e-10
2.385561e-10
1.426023e-10
1.019159e-10
8.270564e-11
7.186265e-11
6.441406e-11
5.850172e-11
5.342940e-11
4.892454e-11
4.486683e-11
4.119095e-11
3.785249e-11
3.481623e-11
3.205204e-11
2.953329e-11
2.723624e-11
2.513960e-11
2.322426e-11
2.147305e-11
1.987055e-11
1.840289e-11
1.705757e-11
1.582338e-11
1.469017e-11
1.364882e-11
-3.944786e-02
-1.403451e-02
5.802272e-03
1.994612e-02
2.883258e-02
3.325873e-02
3.418612e-02
3.258455e-02
2.933724e-02
2.519788e-02
2.077428e-02
1.651922e-02
1.272655e-02
9.541452e-03
6.989591e-03
5.018577e-03
3.538549e-03
2.451838e-03
1.669199e-03
1.115832e-03
7.318431e-04
4.705673e-04
2.964085e-04
1.827812e-04
1.102743e-04
6.505373e-05
3.750614e-05
2.112359e-05
1.161712e-05
6.236635e-06
3.267426e-06
1.670205e-06
8.328550e-07
4.050901e-07
1.921692e-07
8.891122e-08
4.012322e-08
1.766402e-08
7.590268e-09
3.187235e-09
1.311499e-09
5.323039e-10
2.163595e-10
9.102391e-11
4.210672e-11
2.307009e-11
1.545306e-11
1.212427e-11
1.039853e-11
9.288201e-12
8.436512e-12
7.715101e-12
7.076373e-12
6.500794e-12
5.978558e-12
5.503368e-12
5.070353e-12
4.675379e-12
4.314796e-12
3.985343e-12
3.684091e-12
3.408404e-12
3.155908e-12
2.924465e-12
2.712148e-12
2.517220e-12
2.338112e-12
2.173409e-12
-3.096484e-02
-1.229722e-02
2.012581e-03
1.210094e-02
1.842360e-02
2.162459e-02
2.240980e-02
2.145494e-02
1.935854e-02
1.662837e-02
1.367940e-02
1.082833e-02
8.286145e-03
6.159627e-03
4.468800e-03
3.176113e-03
2.216658e-03
1.520573e-03
1.025105e-03
6.787121e-04
4.409545e-04
2.808976e-04
1.753266e-04
1.071591e-04
6.409940e-05
3.750614e-05
2.145712e-05
1.199710e-05
6.553184e-06
3.495878e-06
1.820812e-06
9.257138e-07
4.593113e-07
2.223771e-07
1.050448e-07
4.840899e-08
2.176336e-08
9.545073e-09
4.084425e-09
1.705722e-09
6.957087e-10
2.776252e-10
1.088645e-10
4.239416e-11
1.680873e-11
7.148282e-12
3.536352e-12
2.167793e-12
1.614704e-12
1.354856e-12
1.201828e-12
1.090417e-12
9.980517e-13
9.167909e-13
8.436135e-13
7.771395e-13
7.165491e-13
6.612339e-13
6.106840e-13
5.644511e-13
5.221337e-13
4.833707e-13
4.478364e-13
4.152369e-13
3.853067e-13
3.578062e-13
3.325185e-13
3.092479e-13
-2.270719e-02
-9.756530e-03
6.659392e-05
6.958639e-03
1.129676e-02
1.355052e-02
1.420208e-02
1.369418e-02
1.241087e-02
1.067960e-02
8.775607e-03
6.917342e-03
5.256002e-03
3.870935e-03
2.778704e-03
1.953332e-03
1.348801e-03
9.160198e-04
6.117741e-04
4.014554e-04
2.585828e-04
1.633372e-04
1.011066e-04
6.129588e-05
3.637690e-05
2.112359e-05
1.199710e-05
6.661653e-06
3.615184e-06
1.916825e-06
9.926947e-07
5.020243e-07
2.478679e-07
1.194615e-07
5.619369e-08
2.579596e-08
1.155539e-08
5.050844e-09
2.154178e-09
8.965096e-10
3.641251e-10
1.443938e-10
5.596390e-11
2.125657e-11
7.966621e-12
2.997142e-12
1.178226e-12
5.225144e-13
2.859316e-13
1.970813e-13
1.594872e-13
1.396930e-13
1.263517e-13
1.156738e-13
1.063890e-13
9.804840e-14
9.046728e-14
8.354668e-14
7.721747e-14
7.142311e-14
6.611416e-14
6.124636e-14
5.677982e-14
5.267850e-14
4.890978e-14
4.544415e-14
4.225491e-14
3.931785e-14
-1.573395e-02
-7.184870e-03
-7.347960e-04
3.792343e-03
6.672127e-03
8.221233e-03
8.747852e-03
8.523920e-03
7.781379e-03
6.721802e-03
5.523302e-03
4.335719e-03
3.268187e-03
2.380681e-03
1.687452e-03
1.170969e-03
7.988059e-04
5.366461e-04
3.549925e-04
2.309536e-04
1.475704e-04
9.249775e-05
5.682590e-05
3.419617e-05
2.014743e-05
1.161712e-05
6.553184e-06
3.615184e-06
1.949801e-06
1.027781e-06
5.293508e-07
2.663261e-07
1.308639e-07
6.278898e-08
2.941296e-08
1.345028e-08
6.003668e-09
2.615536e-09
1.112085e-09
4.614606e-10
1.868748e-10
7.386118e-11
2.849868e-11
1.074066e-11
3.960103e-12
1.434276e-12
5.158527e-13
1.894208e-13
7.558170e-14
3.622619e-14
2.236639e-14
1.706620e-14
1.461540e-14
1.313347e-14
1.201281e-14
1.105838e-14
1.020573e-14
9.430993e-15
8.722904e-15
8.074264e-15
7.479412e-15
6.933452e-15
6.432011e-15
5.971143e-15
5.547274e-15
5.157162e-15
4.797870e-15
4.466732e-15
-1.037474e-02
-4.976197e-03
-9.081542e-04
1.961824e-03
3.819009e-03
4.863283e-03
5.278695e-03
5.220009e-03
4.817137e-03
4.187884e-03
3.445367e-03
2.692851e-03
2.010419e-03
1.444418e-03
1.007364e-03
6.875486e-04
4.619444e-04
3.063425e-04
2.004950e-04
1.292834e-04
8.196629e-05
5.100847e-05
3.112106e-05
1.860139e-05
1.088677e-05
6.236635e-06
3.495878e-06
1.916825e-06
1.027781e-06
5.387539e-07
2.760193e-07
1.381804e-07
6.758034e-08
3.228358e-08
1.506126e-08
6.861212e-09
3.051762e-09
1.325165e-09
5.617280e-10
2.324306e-10
9.387587e-11
3.700835e-11
1.424095e-11
5.349514e-12
1.962260e-12
7.034390e-13
2.470124e-13
8.550361e-14
2.968512e-14
1.080293e-14
4.512658e-15
2.413246e-15
1.678641e-15
1.381823e-15
1.225995e-15
1.118170e-15
1.029614e-15
9.513613e-16
8.804027e-16
8.155024e-16
7.559639e-16
7.012727e-16
6.509931e-16
6.047376e-16
5.621563e-16
5.229317e-16
4.867755e-16
4.534257e-16
-6.540962e-03
-3.266522e-03
-7.929072e-04
9.703843e-04
2.140396e-03
2.835698e-03
3.157776e-03
3.185757e-03
2.984712e-03
2.619194e-03
2.160307e-03
1.680403e-03
1.239698e-03
8.749153e-04
5.971305e-04
3.984827e-04
2.622533e-04
1.709637e-04
1.104175e-04
7.048123e-05
4.432544e-05
2.739277e-05
1.660556e-05
9.863897e-06
5.737942e-06
3.267426e-06
1.820812e-06
9.926947e-07
5.293508e-07
2.760193e-07
1.407019e-07
7.010175e-08
3.413014e-08
1.623487e-08
7.543820e-09
3.423769e-09
1.517525e-09
6.568116e-10
2.775759e-10
1.145322e-10
4.613747e-11
1.814432e-11
6.965874e-12
2.610691e-12
9.552021e-13
3.412363e-13
1.190735e-13
4.063426e-14
1.360737e-14
4.515870e-15
1.526683e-15
5.628283e-16
2.549783e-16
1.547475e-16
1.189625e-16
1.030209e-16
9.334619e-17
8.588240e-17
7.942310e-17
7.359543e-17
6.826625e-17
6.337152e-17
5.886837e-17
5.472183e-17
5.090106e-17
4.737829e-17
4.412826e-17
4.112798e-17
-3.955976e-03
-2.041671e-03
-5.859466e-04
4.695566e-04
1.195273e-03
1.657110e-03
1.904998e-03
1.972056e-03
1.884374e-03
1.674153e-03
1.386156e-03
1.072499e-03
7.798215e-04
5.379605e-04
3.567361e-04
2.307503e-04
1.474619e-04
9.381024e-05
5.948755e-05
3.748181e-05
2.335381e-05
1.432884e-05
8.632584e-06
5.098392e-06
2.949247e-06
1.670205e-06
9.257138e-07
5.020243e-07
2.663261e-07
1.381804e-07
7.010175e-08
3.476736e-08
1.685356e-08
7.983843e-09
3.695422e-09
1.671037e-09
7.381154e-10
3.184427e-10
1.341735e-10
5.520721e-11
2.218144e-11
8.702111e-12
3.333349e-12
1.246648e-12
4.552021e-13
1.622793e-13
5.648636e-14
1.920114e-14
6.377693e-15
2.073486e-15
6.632611e-16
2.119861e-16
7.069766e-17
2.718639e-17
1.378847e-17
9.463809e-18
7.830349e-18
6.998231e-18
6.419774e-18
5.938409e-18
5.508820e-18
5.116695e-18
4.756277e-18
4.424232e-18
4.118013e-18
3.835418e-18
3.574468e-18
3.333362e-18
-2.300288e-03
-1.217924e-03
-3.848943e-04
2.352817e-04
6.834408e-04
9.934321e-04
1.184907e-03
1.264735e-03
1.236975e-03
1.115084e-03
9.277059e-04
7.137566e-04
5.104897e-04
3.427142e-04
2.191406e-04
1.359247e-04
8.329749e-05
5.110567e-05
3.153331e-05
1.950200e-05
1.200436e-05
7.304599e-06
4.372965e-06
2.568514e-06
1.478121e-06
8.328550e-07
4.593113e-07
2.478679e-07
1.308639e-07
6.758034e-08
3.413014e-08
1.685356e-08
8.135852e-09
3.838840e-09
1.770173e-09
7.976076e-10
3.511288e-10
1.510077e-10
6.343729e-11
2.602953e-11
1.043115e-11
4.082401e-12
1.560248e-12
5.822999e-13
2.122071e-13
7.551293e-14
2.623765e-14
8.901746e-15
2.949200e-15
9.543831e-16
3.019119e-16
9.359833e-17
2.866168e-17
8.880965e-18
2.977222e-18
1.235998e-18
7.146743e-19
5.437585e-19
4.725340e-19
4.303642e-19
3.977233e-19
3.692394e-19
3.433718e-19
3.195993e-19
2.976735e-19
2.774240e-19
2.587089e-19
2.414017e-19
-1.287674e-03
-6.934690e-04
-2.268948e-04
1.347283e-04
4.144983e-04
6.278375e-04
7.777592e-04
8.572922e-04
8.589794e-04
7.859858e-04
6.572489e-04
5.029847e-04
3.538100e-04
2.307586e-04
1.415631e-04
8.336435e-05
4.827240e-05
2.808716e-05
1.661500e-05
9.982753e-06
6.035663e-06
3.632923e-06
2.159325e-06
1.261314e-06
7.223130e-07
4.050901e-07
2.223771e-07
1.194615e-07
6.278898e-08
3.228358e-08
1.623487e-08
7.983843e-09
3.838840e-09
1.804451e-09
8.290561e-10
3.722696e-10
1.633475e-10
7.003265e-11
2.933447e-11
1.200349e-11
4.797941e-12
1.873229e-12
7.143162e-13
2.660308e-13
9.676020e-14
3.436921e-14
1.192168e-14
4.038233e-15
1.335756e-15
4.314724e-16
1.361171e-16
4.195235e-17
1.264668e-17
3.742657e-18
1.100510e-18
3.338573e-19
1.154345e-19
5.348651e-20
3.521197e-20
2.891942e-20
2.591615e-20
2.386957e-20
2.216288e-20
2.063125e-20
1.922639e-20
1.792979e-20
1.673077e-20
1.562103e-20
-6.941682e-04
-3.757025e-04
-1.173612e-04
9.526790e-05
2.751432e-04
4.276966e-04
5.475386e-04
6.212135e-04
6.359432e-04
5.896045e-04
4.953208e-04
3.774284e-04
2.616936e-04
1.662272e-04
9.790442e-05
5.450710e-05
2.946790e-05
1.595017e-05
8.854234e-06
5.078754e-06
2.983268e-06
1.766514e-06
1.040184e-06
6.038908e-07
3.441623e-07
1.921692e-07
1.050448e-07
5.619369e-08
2.941296e-08
1.506126e-08
7.543820e-09
3.695422e-09
1.770173e-09
8.290561e-10
3.795854e-10
1.698777e-10
7.430414e-11
3.176081e-11
1.326566e-11
5.413603e-12
2.158387e-12
8.406730e-13
3.198547e-13
1.188729e-13
4.315158e-14
1.529948e-14
5.297948e-15
1.791746e-15
5.917967e-16
1.908921e-16
6.013408e-17
1.850049e-17
5.559472e-18
1.632590e-18
4.692607e-19
1.327478e-19
3.764863e-20
1.134427e-20
4.177128e-21
2.210230e-21
1.626978e-21
1.407303e-21
1.284866e-21
1.191501e-21
1.109888e-21
1.035459e-21
9.667855e-22
9.032136e-22
-3.599537e-04
-1.919065e-04
-4.829376e-05
8.049599e-05
2.018456e-04
3.161221e-04
4.142271e-04
4.803356e-04
4.997950e-04
4.680296e-04
3.946420e-04
2.998394e-04
2.057044e-04
1.280127e-04
7.289033e-05
3.855575e-05
1.941826e-05
9.641173e-06
4.900975e-06
2.614707e-06
1.463583e-06
8.434019e-07
4.896287e-07
2.820488e-07
1.599118e-07
8.891122e-08
4.840899e-08
2.579596e-08
1.345028e-08
6.861212e-09
3.423769e-09
1.671037e-09
7.976076e-10
3.722696e-10
1.698777e-10
7.578330e-11
3.304604e-11
1.408407e-11
5.866204e-12
2.387636e-12
9.495675e-13
3.689768e-13
1.400747e-13
5.194967e-14
1.882117e-14
6.660877e-15
2.302611e-15
7.774977e-16
2.564213e-16
8.259890e-17
2.598665e-17
7.985008e-18
2.396343e-18
7.024073e-19
2.011280e-19
5.629656e-20
1.543903e-20
4.182593e-21
1.151620e-21
3.517442e-22
1.427567e-22
8.672485e-23
6.953908e-23
6.217143e-23
5.740179e-23
5.346407e-23
4.992394e-23
4.666528e-23
-1.788326e-04
-9.030874e-05
-8.328884e-06
7.395617e-05
1.609509e-04
2.506825e-04
3.328622e-04
3.914496e-04
4.117125e-04
3.881535e-04
3.281793e-04
2.489584e-04
1.696671e-04
1.041633e-04
5.791810e-05
2.946388e-05
1.396741e-05
6.363947e-06
2.912992e-06
1.401971e-06
7.254971e-07
3.987713e-07
2.259820e-07
1.286580e-07
7.248177e-08
4.012322e-08
2.176336e-08
1.155539e-08
6.003668e-09
3.051762e-09
1.517525e-09
7.381154e-10
3.511288e-10
1.633475e-10
7.430414e-11
3.304604e-11
1.436764e-11
6.106145e-12
2.536435e-12
1.029716e-12
4.085200e-13
1.583725e-13
5.999132e-14
2.220309e-14
8.028447e-15
2.836106e-15
9.787413e-16
3.299526e-16
1.086574e-16
3.495247e-17
1.098238e-17
3.370579e-18
1.010401e-18
2.958410e-19
8.460564e-20
2.363418e-20
6.450378e-21
1.721566e-21
4.508206e-22
1.172654e-22
3.164771e-23
1.006604e-23
4.637339e-24
3.194368e-24
2.719345e-24
2.481236e-24
2.306659e-24
2.154954e-24
-8.429767e-05
-3.670914e-05
1.271237e-05
6.919803e-05
1.355861e-04
2.089909e-04
2.791924e-04
3.309622e-04
3.503431e-04
3.316968e-04
2.809924e-04
2.130544e-04
1.446885e-04
8.814088e-05
4.830873e-05
2.396274e-05
1.088188e-05
4.624436e-06
1.911498e-06
8.125434e-07
3.744254e-07
1.898526e-07
1.029987e-07
5.746608e-08
3.207426e-08
1.766402e-08
9.545073e-09
5.050844e-09
2.615536e-09
1.325165e-09
6.568116e-10
3.184427e-10
1.510077e-10
7.003265e-11
3.176081e-11
1.408407e-11
6.106145e-12
2.588020e-12
1.072237e-12
4.342098e-13
1.718543e-13
6.647246e-14
2.512551e-14
9.280124e-15
3.349151e-15
1.180963e-15
4.068550e-16
1.369390e-16
4.502807e-17
1.446420e-17
4.538871e-18
1.391337e-18
4.166173e-19
1.218579e-19
3.481558e-20
9.716090e-21
2.648563e-21
7.052806e-22
1.835206e-22
4.672214e-23
1.169443e-23
2.931647e-24
7.863623e-25
2.690365e-25
1.429893e-25
1.090472e-25
9.655215e-26
8.919617e-26
-3.679738e-05
-9.874090e-06
2.240168e-05
6.426584e-05
1.177289e-04
1.796956e-04
2.405807e-04
2.863863e-04
3.042748e-04
2.888358e-04
2.450380e-04
1.858226e-04
1.260105e-04
7.647021e-05
4.159377e-05
2.034062e-05
9.000124e-06
3.650413e-06
1.393392e-06
5.253090e-07
2.096274e-07
9.377050e-08
4.704261e-08
2.527382e-08
1.388187e-08
7.590268e-09
4.084425e-09
2.154178e-09
1.112085e-09
5.617280e-10
2.775759e-10
1.341735e-10
6.343729e-11
2.933447e-11
1.326566e-11
5.866204e-12
2.536435e-12
1.072237e-12
4.431199e-13
1.790114e-13
7.068641e-14
2.728076e-14
1.028997e-14
3.792996e-15
1.366274e-15
4.809037e-16
1.653955e-16
5.557976e-17
1.824822e-17
5.853566e-18
1.834439e-18
5.616379e-19
1.679844e-19
4.908289e-20
1.400976e-20
3.906264e-21
1.063935e-21
2.830651e-22
7.356654e-23
1.867838e-23
4.635005e-24
1.126097e-24
2.697696e-25
6.553400e-26
1.781375e-26
6.779975e-27
4.151475e-27
3.412563e-27
-1.388124e-05
2.686480e-06
2.576596e-05
5.893309e-05
1.037451e-04
1.572164e-04
2.106036e-04
2.512464e-04
2.675115e-04
2.543694e-04
2.160477e-04
1.639256e-04
1.111315e-04
6.734151e-05
3.650159e-05
1.772505e-05
7.735568e-06
3.054888e-06
1.108123e-06
3.811907e-07
1.321335e-07
5.022286e-08
2.214246e-08
1.107716e-08
5.900275e-09
3.187235e-09
1.705722e-09
8.965096e-10
4.614606e-10
2.324306e-10
1.145322e-10
5.520721e-11
2.602953e-11
1.200349e-11
5.413603e-12
2.387636e-12
1.029716e-12
4.342098e-13
1.790114e-13
7.214855e-14
2.842558e-14
1.094703e-14
4.120601e-15
1.515921e-15
5.450303e-16
1.915008e-16
6.575159e-17
2.206019e-17
7.232069e-18
2.316599e-18
7.250365e-19
2.217057e-19
6.623531e-20
1.933246e-20
5.512634e-21
1.535663e-21
4.179150e-22
1.111033e-22
2.885394e-23
7.320117e-24
1.814152e-24
4.392669e-25
1.039772e-25
2.412023e-26
5.540983e-27
1.314912e-27
3.716613e-28
1.618118e-28
-3.341332e-06
7.969461e-06
2.587267e-05
5.346749e-05
9.204386e-05
1.388522e-04
1.860233e-04
2.221947e-04
2.368992e-04
2.255336e-04
1.917461e-04
1.455917e-04
9.873718e-05
5.981834e-05
3.238541e-05
1.567962e-05
6.799006e-06
2.649182e-06
9.345452e-07
3.037435e-07
9.461722e-08
3.049898e-08
1.124305e-08
4.958852e-09
2.485523e-09
1.311499e-09
6.957087e-10
3.641251e-10
1.868748e-10
9.387587e-11
4.613747e-11
2.218144e-11
1.043115e-11
4.797941e-12
2.158387e-12
9.495675e-13
4.085200e-13
1.718543e-13
7.068641e-14
2.842558e-14
1.117509e-14
4.294706e-15
1.613353e-15
5.923982e-16
2.126000e-16
7.456862e-17
2.556065e-17
8.562333e-18
2.802847e-18
8.965569e-19
2.802289e-19
8.558368e-20
2.553874e-20
7.446067e-21
2.121106e-21
5.903308e-22
1.605153e-22
4.263988e-23
1.106586e-23
2.805533e-24
6.948639e-25
1.681262e-25
3.974075e-26
9.178720e-27
2.073158e-27
4.595595e-28
1.015396e-28
2.382506e-29
1.198392e-06
9.720212e-06
2.446580e-05
4.816305e-05
8.192681e-05
1.232780e-04
1.651766e-04
1.974573e-04
2.107298e-04
2.008121e-04
1.708807e-04
1.298522e-04
8.812050e-05
5.340835e-05
2.891434e-05
1.398710e-05
6.049876e-06
2.343265e-06
8.155876e-07
2.572641e-07
7.510519e-08
2.132866e-08
6.492358e-09
2.370329e-09
1.058798e-09
5.323039e-10
2.776252e-10
1.443938e-10
7.386118e-11
3.700835e-11
1.814432e-11
8.702111e-12
4.082401e-12
1.873229e-12
8.406730e-13
3.689768e-13
1.583725e-13
6.647246e-14
2.728076e-14
1.094703e-14
4.294706e-15
1.647183e-15
6.175835e-16
2.263451e-16
8.108585e-17
2.839202e-17
9.716385e-18
3.249762e-18
1.062232e-18
3.393067e-19
1.059145e-19
3.230684e-20
9.629342e-21
2.804464e-21
7.980732e-22
2.219038e-22
6.028447e-23
1.600131e-23
4.149591e-24
1.051348e-24
2.602380e-25
6.293201e-26
1.486777e-26
3.431626e-27
7.738747e-28
1.705700e-28
3.679338e-29
7.810252e-30
2.942377e-06
9.857714e-06
2.247358e-05
4.321233e-05
7.306079e-05
1.098046e-04
1.471587e-04
1.760357e-04
1.880175e-04
1.793169e-04
1.527159e-04
1.161433e-04
7.887842e-05
4.783994e-05
2.591312e-05
1.253732e-05
5.419658e-06
2.094622e-06
7.248932e-07
2.254929e-07
6.367530e-08
1.675241e-08
4.378433e-09
1.284362e-09
4.746954e-10
2.163595e-10
1.088645e-10
5.596390e-11
2.849868e-11
1.424095e-11
6.965874e-12
3.333349e-12
1.560248e-12
7.143162e-13
3.198547e-13
1.400747e-13
5.999132e-14
2.512551e-14
1.028997e-14
4.120601e-15
1.613353e-15
6.175835e-16
2.311190e-16
8.455246e-17
3.023747e-17
1.056994e-17
3.611503e-18
1.206072e-18
3.936503e-19
1.255696e-19
3.914527e-20
1.192563e-20
3.550396e-21
1.032889e-21
2.936301e-22
8.156540e-23
2.213908e-23
5.871536e-24
1.521503e-24
3.852249e-25
9.529471e-26
2.303194e-26
5.438738e-27
1.254813e-27
2.828781e-28
6.232061e-29
1.342333e-29
2.829952e-30
3.441924e-06
9.322834e-06
2.035662e-05
3.870551e-05
6.525401e-05
9.803109e-05
1.314261e-04
1.573114e-04
1.681371e-04
1.604769e-04
1.367773e-04
1.041050e-04
7.075985e-05
4.295026e-05
2.328195e-05
1.127123e-05
4.873866e-06
1.882979e-06
6.503816e-07
2.011631e-07
5.595695e-08
1.416619e-08
3.374218e-09
8.226591e-10
2.385561e-10
9.102391e-11
4.239416e-11
2.125657e-11
1.074066e-11
5.349514e-12
2.610691e-12
1.246648e-12
5.822999e-13
2.660308e-13
1.188729e-13
5.194967e-14
2.220309e-14
9.280124e-15
3.792996e-15
1.515921e-15
5.923982e-16
2.263451e-16
8.455246e-17
3.087860e-17
1.102413e-17
3.847393e-18
1.312517e-18
4.376647e-19
1.426459e-19
4.544040e-20
1.414735e-20
4.304707e-21
1.280073e-21
3.719936e-22
1.056414e-22
2.931701e-23
7.950262e-24
2.106732e-24
5.454992e-25
1.380155e-25
3.411957e-26
8.241729e-27
1.945250e-27
4.486341e-28
1.011151e-28
2.227718e-29
4.800479e-30
1.013170e-30
3.420425e-06
8.555447e-06
1.832402e-05
3.466251e-05
5.836891e-05
8.768973e-05
1.176119e-04
1.408578e-04
1.506494e-04
1.438865e-04
1.227276e-04
9.348343e-05
6.359134e-05
3.863078e-05
2.095777e-05
1.015410e-05
4.393822e-06
1.698228e-06
5.864296e-07
1.810470e-07
5.006054e-08
1.245994e-08
2.833472e-09
6.151211e-10
1.426023e-10
4.210672e-11
1.680873e-11
7.966621e-12
3.960103e-12
1.962260e-12
9.552021e-13
4.552021e-13
2.122071e-13
9.676020e-14
4.315158e-14
1.882117e-14
8.028447e-15
3.349151e-15
1.366274e-15
5.450303e-16
2.126000e-16
8.108585e-17
3.023747e-17
1.102413e-17
3.929363e-18
1.369177e-18
4.663786e-19
1.552893e-19
5.054194e-20
1.607881e-20
4.999565e-21
1.519404e-21
4.512978e-22
1.310055e-22
3.716555e-23
1.030397e-23
2.791717e-24
7.391471e-25
1.912380e-25
4.834971e-26
1.194498e-26
2.883696e-27
6.802956e-28
1.568428e-28
3.534557e-29
7.789361e-30
1.680352e-30
3.556365e-31
3.202196e-06
7.749615e-06
1.645748e-05
3.106403e-05
5.229163e-05
7.857909e-05
1.054411e-04
1.263517e-04
1.352179e-04
1.292330e-04
1.103061e-04
8.408380e-05
5.724161e-05
3.480149e-05
1.889605e-05
9.162919e-06
3.968198e-06
1.534854e-06
5.302728e-07
1.636831e-07
4.517390e-08
1.116942e-08
2.489431e-09
5.099325e-10
1.019159e-10
2.307009e-11
7.148282e-12
2.997142e-12
1.434276e-12
7.034390e-13
3.412363e-13
1.622793e-13
7.551293e-14
3.436921e-14
1.529948e-14
6.660877e-15
2.836106e-15
1.180963e-15
4.809037e-16
1.915008e-16
7.456862e-17
2.839202e-17
1.056994e-17
3.847393e-18
1.369177e-18
4.763586e-19
1.620214e-19
5.387136e-20
1.750953e-20
5.562972e-21
1.727588e-21
5.243975e-22
1.555804e-22
4.511390e-23
1.278543e-23
3.541264e-24
9.585813e-25
2.535816e-25
6.555660e-26
1.656225e-26
4.089074e-27
9.865993e-28
2.326443e-28
5.362213e-29
1.208491e-29
2.665149e-30
5.761218e-31
1.225346e-31
2.926219e-06
6.983895e-06
1.477829e-05
2.787273e-05
4.692256e-05
7.053569e-05
9.469252e-05
1.135323e-04
1.215698e-04
1.162615e-04
9.930021e-05
7.574749e-05
5.160471e-05
3.139879e-05
1.706233e-05
8.280676e-06
3.589194e-06
1.389433e-06
4.804005e-07
1.483670e-07
4.094080e-08
1.010185e-08
2.234162e-09
4.463645e-10
8.270564e-11
1.545306e-11
3.536352e-12
1.178226e-12
5.158527e-13
2.470124e-13
1.190735e-13
5.648636e-14
2.623765e-14
1.192168e-14
5.297948e-15
2.302611e-15
9.787413e-16
4.068550e-16
1.653955e-16
6.575159e-17
2.556065e-17
9.716385e-18
3.611503e-18
1.312517e-18
4.663786e-19
1.620214e-19
5.502879e-20
1.827155e-20
5.930799e-21
1.881866e-21
5.836969e-22
1.769685e-22
5.244465e-23
1.519115e-23
4.300836e-24
1.190081e-24
3.218489e-25
8.506873e-26
2.197474e-26
5.547668e-27
1.368782e-27
3.300760e-28
7.780355e-29
1.793105e-29
4.042872e-30
8.929359e-31
1.937538e-31
4.156553e-32
2.648560e-06
6.285060e-06
1.328129e-05
2.504570e-05
4.217363e-05
6.342166e-05
8.518154e-05
1.021813e-04
1.094758e-04
1.047576e-04
8.953107e-05
6.834108e-05
4.659177e-05
2.836972e-05
1.542831e-05
7.493740e-06
3.250839e-06
1.259534e-06
4.358599e-07
1.347166e-07
3.719421e-08
9.175634e-09
2.024398e-09
4.006346e-10
7.186265e-11
1.212427e-11
2.167793e-12
5.225144e-13
1.894208e-13
8.550361e-14
4.063426e-14
1.920114e-14
8.901746e-15
4.038233e-15
1.791746e-15
7.774977e-16
3.299526e-16
1.369390e-16
5.557976e-17
2.206019e-17
8.562333e-18
3.249762e-18
1.206072e-18
4.376647e-19
1.552893e-19
5.387136e-20
1.827155e-20
6.058693e-21
1.964057e-21
6.224241e-22
1.928246e-22
5.839408e-23
1.728594e-23
5.001762e-24
1.414645e-24
3.910709e-25
1.056667e-25
2.790535e-26
7.202767e-27
1.817086e-27
4.480536e-28
1.079945e-28
2.544966e-29
5.866451e-30
1.324128e-30
2.933097e-31
6.407787e-32
1.395357e-32
2.389616e-06
5.657955e-06
1.195131e-05
2.254061e-05
3.796737e-05
5.711888e-05
7.675066e-05
9.211293e-05
9.874059e-05
9.453823e-05
8.084541e-05
6.175028e-05
4.212669e-05
2.566905e-05
1.396997e-05
6.790677e-06
2.948234e-06
1.143251e-06
3.959611e-07
1.224895e-07
3.384506e-08
8.353842e-09
1.842528e-09
3.635406e-10
6.441406e-11
1.039853e-11
1.614704e-12
2.859316e-13
7.558170e-14
2.968512e-14
1.360737e-14
6.377693e-15
2.949200e-15
1.335756e-15
5.917967e-16
2.564213e-16
1.086574e-16
4.502807e-17
1.824822e-17
7.232069e-18
2.802847e-18
1.062232e-18
3.936503e-19
1.426459e-19
5.054194e-20
1.750953e-20
5.930799e-21
1.964057e-21
6.358917e-22
2.012739e-22
6.228070e-23
1.883948e-23
5.570849e-24
1.610273e-24
4.549800e-25
1.256580e-25
3.392225e-26
8.950983e-27
2.308597e-27
5.820058e-28
1.434297e-28
3.455873e-29
8.144211e-30
1.878772e-30
4.250280e-31
9.466338e-32
2.093262e-32
4.676468e-33
2.155130e-06
5.098919e-06
1.077052e-05
2.031851e-05
3.423601e-05
5.152542e-05
6.926449e-05
8.316706e-05
8.919566e-05
8.544518e-05
7.311094e-05
5.587630e-05
3.814368e-05
2.325769e-05
1.266656e-05
6.161659e-06
2.677212e-06
1.038993e-06
3.601530e-07
1.115080e-07
3.083707e-08
7.617342e-09
1.680916e-09
3.314880e-10
5.850172e-11
9.288201e-12
1.354856e-12
1.970813e-13
3.622619e-14
1.080293e-14
4.515870e-15
2.073486e-15
9.543831e-16
4.314724e-16
1.908921e-16
8.259890e-17
3.495247e-17
1.446420e-17
5.853566e-18
2.316599e-18
8.965569e-19
3.393067e-19
1.255696e-19
4.544040e-20
1.607881e-20
5.562972e-21
1.881866e-21
6.224241e-22
2.012739e-22
6.363250e-23
1.966749e-23
5.942721e-24
1.755402e-24
5.068877e-25
1.430807e-25
3.947988e-26
1.064854e-26
2.807516e-27
7.235690e-28
1.823007e-28
4.490644e-29
1.081878e-29
2.550909e-30
5.895222e-31
1.339600e-31
3.013517e-32
6.806865e-33
1.586752e-33
1.945191e-06
4.601525e-06
9.721500e-06
1.834468e-05
3.092056e-05
4.655315e-05
6.260607e-05
7.520551e-05
8.069538e-05
7.734159e-05
6.621289e-05
5.063333e-05
3.458552e-05
2.110160e-05
1.150002e-05
5.598136e-06
2.434157e-06
9.453942e-07
3.279709e-07
1.016283e-07
2.812884e-08
6.954242e-09
1.535764e-09
3.029930e-10
5.342940e-11
8.436512e-12
1.201828e-12
1.594872e-13
2.236639e-14
4.512658e-15
1.526683e-15
6.632611e-16
3.019119e-16
1.361171e-16
6.013408e-17
2.598665e-17
1.098238e-17
4.538871e-18
1.834439e-18
7.250365e-19
2.802289e-19
1.059145e-19
3.914527e-20
1.414735e-20
4.999565e-21
1.727588e-21
5.836969e-22
1.928246e-22
6.228070e-23
1.966749e-23
6.072080e-24
1.832769e-24
5.408158e-25
1.560099e-25
4.399543e-26
1.212856e-26
3.268545e-27
8.610910e-28
2.217755e-28
5.584704e-29
1.375387e-29
3.314655e-30
7.826668e-31
1.815455e-31
4.160045e-32
9.527670e-33
2.231683e-33
5.561668e-34
1.757934e-06
4.158911e-06
8.788384e-06
1.658863e-05
2.796981e-05
4.212574e-05
5.667412e-05
6.810850e-05
7.311338e-05
7.010857e-05
6.005148e-05
4.594668e-05
3.140234e-05
1.917107e-05
1.045458e-05
5.092631e-06
2.215908e-06
8.612600e-07
2.990119e-07
9.272853e-08
2.568667e-08
6.355824e-09
1.404784e-09
2.773566e-10
4.892454e-11
7.715101e-12
1.090417e-12
1.396930e-13
1.706620e-14
2.413246e-15
5.628283e-16
2.119861e-16
9.359833e-17
4.195235e-17
1.850049e-17
7.985008e-18
3.370579e-18
1.391337e-18
5.616379e-19
2.217057e-19
8.558368e-20
3.230684e-20
1.192563e-20
4.304707e-21
1.519404e-21
5.243975e-22
1.769685e-22
5.839408e-23
1.883948e-23
5.942721e-24
1.832769e-24
5.526195e-25
1.629037e-25
4.694759e-26
1.322717e-26
3.643250e-27
9.810325e-28
2.582663e-28
6.647941e-29
1.673563e-29
4.122384e-30
9.946367e-31
2.355916e-31
5.504039e-32
1.280812e-32
3.027059e-33
7.521505e-34
2.062598e-34
1.591001e-06
3.764626e-06
7.957118e-06
1.502379e-05
2.533930e-05
3.817700e-05
5.138081e-05
6.177204e-05
6.633986e-05
6.364269e-05
5.453980e-05
4.175121e-05
2.855056e-05
1.744013e-05
9.516421e-06
4.638586e-06
2.019690e-06
7.855430e-07
2.729230e-07
8.470210e-08
2.348176e-08
5.814984e-09
1.286317e-09
2.541752e-10
4.486683e-11
7.076373e-12
9.980517e-13
1.263517e-13
1.461540e-14
1.678641e-15
2.549783e-16
7.069766e-17
2.866168e-17
1.264668e-17
5.559472e-18
2.396343e-18
1.010401e-18
4.166173e-19
1.679844e-19
6.623531e-20
2.553874e-20
9.629342e-21
3.550396e-21
1.280073e-21
4.512978e-22
1.555804e-22
5.244465e-23
1.728594e-23
5.570849e-24
1.755402e-24
5.408158e-25
1.629037e-25
4.797478e-26
1.381305e-26
3.888277e-27
1.070088e-27
2.879331e-28
7.575542e-29
1.949283e-29
4.907556e-30
1.209999e-30
2.927343e-31
6.977327e-32
1.652227e-32
3.952444e-33
9.845709e-34
2.671777e-34
8.257426e-35
1.442067e-06
3.412892e-06
7.215402e-06
1.362705e-05
2.299044e-05
3.464947e-05
4.664983e-05
5.610573e-05
6.027928e-05
5.785384e-05
4.960202e-05
3.798999e-05
2.599209e-05
1.588602e-05
8.673408e-06
4.230240e-06
1.843061e-06
7.173202e-07
2.493929e-07
7.745535e-08
2.148889e-08
5.325622e-09
1.179015e-09
2.331640e-10
4.119095e-11
6.500794e-12
9.167909e-13
1.156738e-13
1.313347e-14
1.381823e-15
1.547475e-16
2.718639e-17
8.880965e-18
3.742657e-18
1.632590e-18
7.024073e-19
2.958410e-19
1.218579e-19
4.908289e-20
1.933246e-20
7.446067e-21
2.804464e-21
1.032889e-21
3.719936e-22
1.310055e-22
4.511390e-23
1.519115e-23
5.001762e-24
1.610273e-24
5.068877e-25
1.560099e-25
4.694759e-26
1.381305e-26
3.973542e-27
1.117587e-27
3.073366e-28
8.264432e-29
2.173495e-29
5.592710e-30
1.409164e-30
3.482726e-31
8.473004e-32
2.044032e-32
4.961244e-33
1.244468e-33
3.362799e-34
1.024273e-34
3.590700e-35
1.309017e-06
3.098628e-06
6.552516e-06
1.237833e-05
2.088968e-05
3.149320e-05
4.241478e-05
5.103085e-05
5.484834e-05
5.266340e-05
4.517194e-05
3.461328e-05
2.369357e-05
1.448877e-05
7.914900e-06
3.862525e-06
1.683870e-06
6.557772e-07
2.281464e-07
7.090544e-08
1.968578e-08
4.882383e-09
1.081722e-09
2.140933e-10
3.785249e-11
5.978558e-12
8.436135e-13
1.063890e-13
1.201281e-14
1.225995e-15
1.189625e-16
1.378847e-17
2.977222e-18
1.100510e-18
4.692607e-19
2.011280e-19
8.460564e-20
3.481558e-20
1.400976e-20
5.512634e-21
2.121106e-21
7.980732e-22
2.936301e-22
1.056414e-22
3.716555e-23
1.278543e-23
4.300836e-24
1.414645e-24
4.549800e-25
1.430807e-25
4.399543e-26
1.322717e-26
3.888277e-27
1.117587e-27
3.140893e-28
8.631914e-29
2.320163e-29
6.101626e-30
1.571139e-30
3.967323e-31
9.855445e-32
2.424219e-32
5.981228e-33
1.516100e-33
4.101645e-34
1.238549e-34
4.285606e-35
1.677845e-35
1.189976e-06
2.817393e-06
5.959129e-06
1.126016e-05
1.900784e-05
2.866468e-05
3.861782e-05
4.647875e-05
4.997434e-05
4.800266e-05
4.119162e-05
3.157749e-05
2.162575e-05
1.323089e-05
7.231536e-06
3.530981e-06
1.540220e-06
6.001946e-07
2.089403e-07
6.497893e-08
1.805268e-08
4.480521e-09
9.934171e-10
1.967659e-10
3.481623e-11
5.503368e-12
7.771395e-13
9.804840e-14
1.105838e-14
1.118170e-15
1.030209e-16
9.463809e-18
1.235998e-18
3.338573e-19
1.327478e-19
5.629656e-20
2.363418e-20
9.716090e-21
3.906264e-21
1.535663e-21
5.903308e-22
2.219038e-22
8.156540e-23
2.931701e-23
1.030397e-23
3.541264e-24
1.190081e-24
3.910709e-25
1.256580e-25
3.947988e-26
1.212856e-26
3.643250e-27
1.070088e-27
3.073366e-28
8.631914e-29
2.371211e-29
6.373129e-30
1.677103e-30
4.327256e-31
1.097934e-31
2.755577e-32
6.921248e-33
1.777887e-33
4.837838e-34
1.456391e-34
4.997106e-35
1.942180e-35
8.254172e-36
1.083303e-06
2.565317e-06
5.427114e-06
1.025731e-05
1.731948e-05
2.612599e-05
3.520847e-05
4.238948e-05
4.559374e-05
4.381152e-05
3.761034e-05
2.884442e-05
1.976294e-05
1.209696e-05
6.615078e-06
3.231676e-06
1.410437e-06
5.499364e-07
1.915591e-07
5.961070e-08
1.657202e-08
4.115812e-09
9.131943e-10
1.810077e-10
3.205204e-11
5.070353e-12
7.165491e-13
9.046728e-14
1.020573e-14
1.029614e-15
9.334619e-17
7.830349e-18
7.146743e-19
1.154345e-19
3.764863e-20
1.543903e-20
6.450378e-21
2.648563e-21
1.063935e-21
4.179150e-22
1.605153e-22
6.028447e-23
2.213908e-23
7.950262e-24
2.791717e-24
9.585813e-25
3.218489e-25
1.056667e-25
3.392225e-26
1.064854e-26
3.268545e-27
9.810325e-28
2.879331e-28
8.264432e-29
2.320163e-29
6.373129e-30
1.713985e-30
4.519276e-31
1.171445e-31
3.001511e-32
7.683935e-33
2.004943e-33
5.509059e-34
1.661957e-34
5.681961e-35
2.199193e-35
9.338394e-36
4.188628e-36
9.875638e-07
2.339024e-06
4.949382e-06
9.356507e-06
1.580240e-05
2.384399e-05
3.214262e-05
3.871059e-05
4.165090e-05
4.003732e-05
3.438361e-05
2.638052e-05
1.808258e-05
1.107343e-05
6.058270e-06
2.961140e-06
1.293042e-06
5.044397e-07
1.758118e-07
5.474292e-08
1.522819e-08
3.784497e-09
8.402456e-10
1.666638e-10
2.953329e-11
4.675379e-12
6.612339e-13
8.354668e-14
9.430993e-15
9.513613e-16
8.588240e-17
6.998231e-18
5.437585e-19
5.348651e-20
1.134427e-20
4.182593e-21
1.721566e-21
7.052806e-22
2.830651e-22
1.111033e-22
4.263988e-23
1.600131e-23
5.871536e-24
2.106732e-24
7.391471e-25
2.535816e-25
8.506873e-26
2.790535e-26
8.950983e-27
2.807516e-27
8.610910e-28
2.582663e-28
7.575542e-29
2.173495e-29
6.101626e-30
1.677103e-30
4.519276e-31
1.197028e-31
3.132659e-32
8.182155e-33
2.172917e-33
6.049562e-34
1.837520e-34
6.290002e-35
2.433095e-35
1.034331e-35
4.657647e-36
2.159337e-36
9.015054e-07
2.135566e-06
4.519741e-06
8.546145e-06
1.443720e-05
2.178971e-05
2.938162e-05
3.539614e-05
3.809707e-05
3.663385e-05
3.147233e-05
2.415629e-05
1.656480e-05
1.014838e-05
5.554707e-06
2.716310e-06
1.186726e-06
4.632061e-07
1.615288e-07
5.032421e-08
1.400730e-08
3.483222e-09
7.738491e-10
1.535956e-10
2.723624e-11
4.314796e-12
6.106840e-13
7.721747e-14
8.722904e-15
8.804027e-16
7.942310e-17
6.419774e-18
4.725340e-19
3.521197e-20
4.177128e-21
1.151620e-21
4.508206e-22
1.835206e-22
7.356654e-23
2.885394e-23
1.106586e-23
4.149591e-24
1.521503e-24
5.454992e-25
1.912380e-25
6.555660e-26
2.197474e-26
7.202767e-27
2.308597e-27
7.235690e-28
2.217755e-28
6.647941e-29
1.949283e-29
5.592710e-30
1.571139e-30
4.327256e-31
1.171445e-31
3.132659e-32
8.355443e-33
2.262324e-33
6.400954e-34
1.966039e-34
6.770289e-35
2.627360e-35
1.120834e-35
5.073350e-36
2.368031e-36
1.120030e-36
8.240323e-07
1.952363e-06
4.132777e-06
7.816070e-06
1.320687e-05
1.993775e-05
2.689164e-05
3.240582e-05
3.488940e-05
3.356050e-05
2.884215e-05
2.214577e-05
1.519210e-05
9.311263e-06
5.098735e-06
2.494475e-06
1.090331e-06
4.257936e-07
1.485598e-07
4.630888e-08
1.289695e-08
3.208993e-09
7.133598e-10
1.416790e-10
2.513960e-11
3.985343e-12
5.644511e-13
7.142311e-14
8.074264e-15
8.155024e-16
7.359543e-17
5.938409e-18
4.303642e-19
2.891942e-20
2.210230e-21
3.517442e-22
1.172654e-22
4.672214e-23
1.867838e-23
7.320117e-24
2.805533e-24
1.051348e-24
3.852249e-25
1.380155e-25
4.834971e-26
1.656225e-26
5.547668e-27
1.817086e-27
5.820058e-28
1.823007e-28
5.584704e-29
1.673563e-29
4.907556e-30
1.409164e-30
3.967323e-31
1.097934e-31
3.001511e-32
8.182155e-33
2.262324e-33
6.522890e-34
2.034028e-34
7.078650e-35
2.766792e-35
1.187572e-35
5.411270e-36
2.544864e-36
1.213606e-36
5.813089e-37
7.541853e-07
1.787159e-06
3.783744e-06
7.157380e-06
1.209650e-05
1.826582e-05
2.464291e-05
2.970422e-05
3.199024e-05
3.078152e-05
2.646278e-05
2.032608e-05
1.394904e-05
8.552782e-06
4.685354e-06
2.293237e-06
1.002829e-06
3.918099e-07
1.367710e-07
4.265624e-08
1.188611e-08
2.959139e-09
6.582005e-10
1.308029e-10
2.322426e-11
3.684091e-12
5.221337e-13
6.611416e-14
7.479412e-15
7.559639e-16
6.826625e-17
5.508820e-18
3.977233e-19
2.591615e-20
1.626978e-21
1.427567e-22
3.164771e-23
1.169443e-23
4.635005e-24
1.814152e-24
6.948639e-25
2.602380e-25
9.529471e-26
3.411957e-26
1.194498e-26
4.089074e-27
1.368782e-27
4.480536e-28
1.434297e-28
4.490644e-29
1.375387e-29
4.122384e-30
1.209999e-30
3.482726e-31
9.855445e-32
2.755577e-32
7.683935e-33
2.172917e-33
6.400954e-34
2.034028e-34
7.184997e-35
2.839692e-35
1.229746e-35
5.649997e-36
2.679603e-36
1.289037e-36
6.229629e-37
3.010073e-37
6.911230e-07
1.637971e-06
3.468477e-06
6.562257e-06
1.109301e-05
1.675435e-05
2.260931e-05
2.726017e-05
2.936644e-05
2.826542e-05
2.430753e-05
1.867701e-05
1.282197e-05
7.864709e-06
4.310136e-06
2.110471e-06
9.233094e-07
3.609063e-07
1.260435e-07
3.933006e-08
1.096494e-08
2.731272e-09
6.078545e-10
1.208675e-10
2.147305e-11
3.408404e-12
4.833707e-13
6.124636e-14
6.933452e-15
7.012727e-16
6.337152e-17
5.116695e-18
3.692394e-19
2.386957e-20
1.407303e-21
8.672485e-23
1.006604e-23
2.931647e-24
1.126097e-24
4.392669e-25
1.681262e-25
6.293201e-26
2.303194e-26
8.241729e-27
2.883696e-27
9.865993e-28
3.300760e-28
1.079945e-28
3.455873e-29
1.081878e-29
3.314655e-30
9.946367e-31
2.927343e-31
8.473004e-32
2.424219e-32
6.921248e-33
2.004943e-33
6.049562e-34
1.966039e-34
7.078650e-35
2.839692e-35
1.244175e-35
5.773610e-36
2.764019e-36
1.341991e-36
6.545677e-37
3.192041e-37
1.552739e-37
6.341064e-07
1.503058e-06
3.183313e-06
6.023828e-06
1.018487e-05
1.538608e-05
2.076778e-05
2.504619e-05
2.698874e-05
2.598441e-05
2.235282e-05
1.718070e-05
1.179881e-05
7.239759e-06
3.969158e-06
1.944288e-06
8.509631e-07
3.327730e-07
1.162713e-07
3.629803e-08
1.012464e-08
2.523256e-09
5.618591e-10
1.117834e-10
1.987055e-11
3.155908e-12
4.478364e-13
5.677982e-14
6.432011e-15
6.509931e-16
5.886837e-17
4.756277e-18
3.433718e-19
2.216288e-20
1.284866e-21
6.953908e-23
4.637339e-24
7.863623e-25
2.697696e-25
1.039772e-25
3.974075e-26
1.486777e-26
5.438738e-27
1.945250e-27
6.802956e-28
2.326443e-28
7.780355e-29
2.544966e-29
8.144211e-30
2.550909e-30
7.826668e-31
2.355916e-31
6.977327e-32
2.044032e-32
5.981228e-33
1.777887e-33
5.509059e-34
1.837520e-34
6.770289e-35
2.766792e-35
1.229746e-35
5.773610e-36
2.792775e-36
1.369303e-36
6.743107e-37
3.319516e-37
1.629895e-37
7.973862e-38
5.824851e-07
1.380889e-06
2.925030e-06
5.536037e-06
9.361918e-06
1.414581e-05
1.909801e-05
2.303803e-05
2.483131e-05
2.391392e-05
2.057779e-05
1.582134e-05
1.086887e-05
6.671470e-06
3.658936e-06
1.793015e-06
7.850699e-07
3.071340e-07
1.073599e-07
3.353132e-08
9.357349e-09
2.333179e-09
5.197996e-10
1.034702e-10
1.840289e-11
2.924465e-12
4.152369e-13
5.267850e-14
5.971143e-15
6.047376e-16
5.472183e-17
4.424232e-18
3.195993e-19
2.063125e-20
1.191501e-21
6.217143e-23
3.194368e-24
2.690365e-25
6.553400e-26
2.412023e-26
9.178720e-27
3.431626e-27
1.254813e-27
4.486341e-28
1.568428e-28
5.362213e-29
1.793105e-29
5.866451e-30
1.878772e-30
5.895222e-31
1.815455e-31
5.504039e-32
1.652227e-32
4.961244e-33
1.516100e-33
4.837838e-34
1.661957e-34
6.290002e-35
2.627360e-35
1.187572e-35
5.649997e-36
2.764019e-36
1.369303e-36
6.810258e-37
3.385179e-37
1.678041e-37
8.286862e-38
4.075320e-38
5.356859e-07
1.270113e-06
2.690783e-06
5.093540e-06
8.615196e-06
1.302012e-05
1.758204e-05
2.121427e-05
2.287130e-05
2.203220e-05
1.896396e-05
1.458492e-05
1.002265e-05
6.154108e-06
3.376376e-06
1.655159e-06
7.249888e-07
2.837432e-07
9.922517e-08
3.100415e-08
8.656039e-09
2.159331e-09
4.813039e-10
9.585593e-11
1.705757e-11
2.712148e-12
3.853067e-13
4.890978e-14
5.547274e-15
5.621563e-16
5.090106e-17
4.118013e-18
2.976735e-19
1.922639e-20
1.109888e-21
5.740179e-23
2.719345e-24
1.429893e-25
1.781375e-26
5.540983e-27
2.073158e-27
7.738747e-28
2.828781e-28
1.011151e-28
3.534557e-29
1.208491e-29
4.042872e-30
1.324128e-30
4.250280e-31
1.339600e-31
4.160045e-32
1.280812e-32
3.952444e-33
1.244468e-33
4.101645e-34
1.456391e-34
5.681961e-35
2.433095e-35
1.120834e-35
5.411270e-36
2.679603e-36
1.341991e-36
6.743107e-37
3.385179e-37
1.694407e-37
8.447991e-38
4.193854e-38
2.072710e-38
4.932029e-07
1.169535e-06
2.478062e-06
4.691617e-06
7.936780e-06
1.199714e-05
1.620400e-05
1.955591e-05
2.108847e-05
2.031998e-05
1.749494e-05
1.345900e-05
9.251743e-06
5.682574e-06
3.118724e-06
1.529393e-06
6.701487e-07
2.623813e-07
9.179177e-08
2.869351e-08
8.014417e-09
2.000176e-09
4.460381e-10
8.887559e-11
1.582338e-11
2.517220e-12
3.578062e-13
4.544415e-14
5.157162e-15
5.229317e-16
4.737829e-17
3.835418e-18
2.774240e-19
1.792979e-20
1.035459e-21
5.346407e-23
2.481236e-24
1.090472e-25
6.779975e-27
1.314912e-27
4.595595e-28
1.705700e-28
6.232061e-29
2.227718e-29
7.789361e-30
2.665149e-30
8.929359e-31
2.933097e-31
9.466338e-32
3.013517e-32
9.527670e-33
3.027059e-33
9.845709e-34
3.362799e-34
1.238549e-34
4.997106e-35
2.199193e-35
1.034331e-35
5.073350e-36
2.544864e-36
1.289037e-36
6.545677e-37
3.319516e-37
1.678041e-37
8.447991e-38
4.234135e-38
2.112430e-38
1.049068e-38
4.545889e-07
1.078101e-06
2.284644e-06
4.326090e-06
7.319656e-06
1.106634e-05
1.494979e-05
1.804614e-05
1.946486e-05
1.876015e-05
1.615619e-05
1.243252e-05
8.548637e-06
5.252329e-06
2.883528e-06
1.414534e-06
6.200395e-07
2.428520e-07
8.499242e-08
2.657875e-08
7.426841e-09
1.854337e-09
4.137021e-10
8.247088e-11
1.469017e-11
2.338112e-12
3.325185e-13
4.225491e-14
4.797870e-15
4.867755e-16
4.412826e-17
3.574468e-18
2.587089e-19
1.673077e-20
9.667855e-22
4.992394e-23
2.306659e-24
9.655215e-26
4.151475e-27
3.716613e-28
1.015396e-28
3.679338e-29
1.342333e-29
4.800479e-30
1.680352e-30
5.761218e-31
1.937538e-31
6.407787e-32
2.093262e-32
6.806865e-33
2.231683e-33
7.521505e-34
2.671777e-34
1.024273e-34
4.285606e-35
1.942180e-35
9.338394e-36
4.657647e-36
2.368031e-36
1.213606e-36
6.229629e-37
3.192041e-37
1.629895e-37
8.286862e-38
4.193854e-38
2.112430e-38
1.059003e-38
5.284220e-39
4.194475e-07
9.948775e-07
2.108561e-06
3.993256e-06
6.757603e-06
1.021839e-05
1.380693e-05
1.667001e-05
1.798453e-05
1.733750e-05
1.493475e-05
1.149565e-05
7.906661e-06
4.859331e-06
2.668600e-06
1.309525e-06
5.742059e-07
2.249802e-07
7.876688e-08
2.464140e-08
6.888253e-09
1.720578e-09
3.840262e-10
7.658927e-11
1.364882e-11
2.173409e-12
3.092479e-13
3.931785e-14
4.466732e-15
4.534257e-16
4.112798e-17
3.333362e-18
2.414017e-19
1.562103e-20
9.032136e-22
4.666528e-23
2.154954e-24
8.919617e-26
3.412563e-27
1.618118e-28
2.382506e-29
7.810252e-30
2.829952e-30
1.013170e-30
3.556365e-31
1.225346e-31
4.156553e-32
1.395357e-32
4.676468e-33
1.586752e-33
5.561668e-34
2.062598e-34
8.257426e-35
3.590700e-35
1.677845e-35
8.254172e-36
4.188628e-36
2.159337e-36
1.120030e-36
5.813089e-37
3.010073e-37
1.552739e-37
7.973862e-38
4.075320e-38
2.072710e-38
1.049068e-38
5.284220e-39
2.649137e-39
