E
1.680980e+01
-3.450899e+00
1.993856e+00
1.313850e+01
2.141367e+01
2.479280e+01
2.408966e+01
2.090805e+01
1.672366e+01
1.257331e+01
9.030437e+00
6.300550e+00
4.351360e+00
3.032481e+00
2.163410e+00
1.585173e+00
1.181438e+00
8.792994e-01
6.397833e-01
4.455680e-01
2.903046e-01
1.713061e-01
8.565183e-02
2.888598e-02
-4.744264e-03
-2.142240e-02
-2.688193e-02
-2.581606e-02
-2.164694e-02
-1.658553e-02
-1.186203e-02
-8.013664e-03
-5.151350e-03
-3.166136e-03
-1.866810e-03
-1.058322e-03
-5.776712e-04
-3.037075e-04
-1.536285e-04
-7.448739e-05
-3.428544e-05
-1.462405e-05
-5.392442e-06
-1.262785e-06
4.633705e-07
1.101785e-06
1.270608e-06
1.249551e-06
1.160209e-06
1.052994e-06
9.474450e-07
8.502516e-07
7.630075e-07
6.854297e-07
6.166380e-07
5.556370e-07
5.014840e-07
4.533360e-07
4.104552e-07
3.722002e-07
3.380142e-07
3.074138e-07
2.799786e-07
2.553423e-07
2.331854e-07
2.132283e-07
1.952263e-07
1.789647e-07
-3.450899e+00
1.056424e+00
1.317670e+01
2.317956e+01
2.799427e+01
2.816313e+01
2.539100e+01
2.128133e+01
1.693174e+01
1.294871e+01
9.592379e+00
6.918237e+00
4.876854e+00
3.373610e+00
2.301323e+00
1.557273e+00
1.051831e+00
7.123531e-01
4.839411e-01
3.279555e-01
2.190666e-01
1.416867e-01
8.656265e-02
4.805714e-02
2.233002e-02
6.348380e-03
-2.505199e-03
-6.492825e-03
-7.464603e-03
-6.812717e-03
-5.484195e-03
-4.048268e-03
-2.792171e-03
-1.818298e-03
-1.124913e-03
-6.634408e-04
-3.734175e-04
-2.002193e-04
-1.015675e-04
-4.788207e-05
-1.998934e-05
-6.217525e-06
1.616818e-07
2.841050e-06
3.756856e-06
3.880779e-06
3.679386e-06
3.366265e-06
3.033639e-06
2.717984e-06
2.431366e-06
2.175773e-06
1.949405e-06
1.749296e-06
1.572344e-06
1.415675e-06
1.276741e-06
1.153320e-06
1.043487e-06
9.455742e-07
8.581399e-07
7.799316e-07
7.098616e-07
6.469831e-07
5.904704e-07
5.396021e-07
4.937469e-07
4.523512e-07
1.993856e+00
1.317670e+01
2.481983e+01
3.173278e+01
3.313571e+01
3.056411e+01
2.602333e+01
2.104291e+01
1.646717e+01
1.260963e+01
9.488977e+00
7.011500e+00
5.069006e+00
3.571900e+00
2.448669e+00
1.636168e+00
1.073139e+00
6.998347e-01
4.615173e-01
3.125153e-01
2.185253e-01
1.565061e-01
1.127152e-01
7.992728e-02
5.476663e-02
3.569812e-02
2.181133e-02
1.226483e-02
6.150678e-03
2.554128e-03
6.560063e-04
-1.970572e-04
-4.727858e-04
-4.724907e-04
-3.696734e-04
-2.514536e-04
-1.532653e-04
-8.353611e-05
-3.899531e-05
-1.294057e-05
1.015840e-06
7.708716e-06
1.035640e-05
1.091555e-05
1.049145e-05
9.668158e-06
8.733882e-06
7.819448e-06
6.976892e-06
6.221267e-06
5.551600e-06
4.960821e-06
4.440183e-06
3.981076e-06
3.575677e-06
3.217101e-06
2.899373e-06
2.617328e-06
2.366509e-06
2.143066e-06
1.943667e-06
1.765426e-06
1.605835e-06
1.462713e-06
1.334162e-06
1.218520e-06
1.114338e-06
1.020344e-06
1.313850e+01
2.317956e+01
3.173278e+01
3.560890e+01
3.471013e+01
3.063412e+01
2.526307e+01
1.996746e+01
1.542696e+01
1.179754e+01
8.966091e+00
6.748543e+00
4.992042e+00
3.600223e+00
2.518150e+00
1.707739e+00
1.130498e+00
7.418659e-01
4.940769e-01
3.422992e-01
2.498574e-01
1.905976e-01
1.484043e-01
1.149328e-01
8.679955e-02
6.313710e-02
4.392720e-02
2.912362e-02
1.836037e-02
1.098836e-02
6.232426e-03
3.343218e-03
1.692518e-03
8.082114e-04
3.665198e-04
1.628482e-04
7.757141e-05
4.600554e-05
3.600681e-05
3.312636e-05
3.170450e-05
3.000399e-05
2.779580e-05
2.528973e-05
2.273045e-05
2.028553e-05
1.804157e-05
1.602895e-05
1.424610e-05
1.267619e-05
1.129685e-05
1.008512e-05
9.019600e-06
8.081241e-06
7.253419e-06
6.521766e-06
5.873905e-06
5.299180e-06
4.788411e-06
4.333674e-06
3.928120e-06
3.565816e-06
3.241616e-06
2.951043e-06
2.690202e-06
2.455689e-06
2.244533e-06
2.054131e-06
2.141367e+01
2.799427e+01
3.313571e+01
3.471013e+01
3.268585e+01
2.829856e+01
2.305540e+01
1.808224e+01
1.392963e+01
1.068767e+01
8.205242e+00
6.275003e+00
4.733672e+00
3.486801e+00
2.490923e+00
1.724228e+00
1.164503e+00
7.801482e-01
5.317480e-01
3.785922e-01
2.851847e-01
2.250556e-01
1.813989e-01
1.454267e-01
1.137437e-01
8.581252e-02
6.209513e-02
4.300003e-02
2.848489e-02
1.806225e-02
1.097804e-02
6.409269e-03
3.607147e-03
1.969286e-03
1.054877e-03
5.657927e-04
3.138733e-04
1.876254e-04
1.247935e-04
9.255338e-05
7.454889e-05
6.307504e-05
5.469583e-05
4.795104e-05
4.223501e-05
3.728583e-05
3.297002e-05
2.919975e-05
2.590440e-05
2.302238e-05
2.049916e-05
1.828686e-05
1.634384e-05
1.463418e-05
1.312698e-05
1.179573e-05
1.061766e-05
9.573202e-06
8.645512e-06
7.820066e-06
7.084314e-06
6.427395e-06
5.839888e-06
5.313607e-06
4.841427e-06
4.417134e-06
4.035297e-06
3.691166e-06
2.479280e+01
2.816313e+01
3.056411e+01
3.063412e+01
2.829856e+01
2.435833e+01
1.986906e+01
1.566315e+01
1.216279e+01
9.432882e+00
7.339602e+00
5.700557e+00
4.372769e+00
3.276948e+00
2.382261e+00
1.678731e+00
1.155259e+00
7.898487e-01
5.504153e-01
4.010799e-01
3.090204e-01
2.489468e-01
2.044328e-01
1.667942e-01
1.327524e-01
1.019874e-01
7.524776e-02
5.322483e-02
3.609468e-02
2.349555e-02
1.470948e-02
8.882484e-03
5.196113e-03
2.964784e-03
1.668263e-03
9.420042e-04
5.473197e-04
3.370546e-04
2.253182e-04
1.644537e-04
1.292342e-04
1.068692e-04
9.111090e-05
7.898786e-05
6.909548e-05
6.074912e-05
5.358556e-05
4.738458e-05
4.199248e-05
3.729026e-05
3.318042e-05
2.958092e-05
2.642208e-05
2.364444e-05
2.119719e-05
1.903686e-05
1.712615e-05
1.543307e-05
1.393007e-05
1.259344e-05
1.140266e-05
1.034003e-05
9.390156e-06
8.539704e-06
7.777058e-06
7.092093e-06
6.475967e-06
5.920947e-06
2.408966e+01
2.539100e+01
2.602333e+01
2.526307e+01
2.305540e+01
1.986906e+01
1.636439e+01
1.309120e+01
1.034207e+01
8.164803e+00
6.461911e+00
5.097660e+00
3.966078e+00
3.011621e+00
2.217627e+00
1.583388e+00
1.105181e+00
7.675780e-01
5.442007e-01
4.036593e-01
3.162377e-01
2.585096e-01
2.150132e-01
1.775084e-01
1.429380e-01
1.111518e-01
8.307820e-02
5.959424e-02
4.103971e-02
2.717089e-02
1.733388e-02
1.069072e-02
6.404999e-03
3.754780e-03
2.177939e-03
1.270921e-03
7.630679e-04
4.833316e-04
3.292179e-04
2.422146e-04
1.903562e-04
1.568514e-04
1.331615e-04
1.150375e-04
1.003718e-04
8.808987e-05
7.760510e-05
6.856118e-05
6.071447e-05
5.388142e-05
4.791496e-05
4.269318e-05
3.811343e-05
3.408856e-05
3.054428e-05
2.741711e-05
2.465266e-05
2.220429e-05
2.003187e-05
1.810084e-05
1.638137e-05
1.484766e-05
1.347735e-05
1.225104e-05
1.115185e-05
1.016507e-05
9.277868e-06
8.479008e-06
2.090805e+01
2.128133e+01
2.104291e+01
1.996746e+01
1.808224e+01
1.566315e+01
1.309120e+01
1.069215e+01
8.644547e+00
6.977545e+00
5.627519e+00
4.506250e+00
3.547084e+00
2.719476e+00
2.020135e+00
1.455288e+00
1.025801e+00
7.205061e-01
5.173269e-01
3.888315e-01
3.084653e-01
2.549737e-01
2.141685e-01
1.784419e-01
1.450064e-01
1.138330e-01
8.594313e-02
6.232135e-02
4.342565e-02
2.912252e-02
1.884382e-02
1.180623e-02
7.199141e-03
4.304986e-03
2.553241e-03
1.526419e-03
9.393160e-04
6.083320e-04
4.213439e-04
3.130528e-04
2.470173e-04
2.036460e-04
1.727212e-04
1.490162e-04
1.298615e-04
1.138584e-04
1.002264e-04
8.848722e-05
7.831401e-05
6.946259e-05
6.173883e-05
5.498283e-05
4.906044e-05
4.385806e-05
3.927898e-05
3.524063e-05
3.167231e-05
2.851339e-05
2.571177e-05
2.322256e-05
2.100705e-05
1.903175e-05
1.726767e-05
1.568966e-05
1.427582e-05
1.300711e-05
1.186690e-05
1.084066e-05
1.672366e+01
1.693174e+01
1.646717e+01
1.542696e+01
1.392963e+01
1.216279e+01
1.034207e+01
8.644547e+00
7.165253e+00
5.916321e+00
4.858634e+00
3.941675e+00
3.131173e+00
2.417110e+00
1.806375e+00
1.309510e+00
9.298102e-01
6.587755e-01
4.776909e-01
3.627176e-01
2.904837e-01
2.420989e-01
2.048464e-01
1.718650e-01
1.406515e-01
1.112416e-01
8.466348e-02
6.192850e-02
4.355960e-02
2.951220e-02
1.930966e-02
1.224638e-02
7.568176e-03
4.592706e-03
2.767703e-03
1.682544e-03
1.052429e-03
6.912608e-04
4.836652e-04
3.614023e-04
2.857686e-04
2.356000e-04
1.996576e-04
1.720829e-04
1.498267e-04
1.312629e-04
1.154734e-04
1.018917e-04
9.013174e-05
7.990636e-05
7.098835e-05
6.319131e-05
5.635926e-05
5.036029e-05
4.508223e-05
4.042932e-05
3.631966e-05
3.268300e-05
2.945899e-05
2.659566e-05
2.404818e-05
2.177784e-05
1.975108e-05
1.793881e-05
1.631573e-05
1.485983e-05
1.355190e-05
1.237515e-05
1.257331e+01
1.294871e+01
1.260963e+01
1.179754e+01
1.068767e+01
9.432882e+00
8.164803e+00
6.977545e+00
5.916321e+00
4.982661e+00
4.153713e+00
3.404614e+00
2.723239e+00
2.113109e+00
1.586975e+00
1.157065e+00
8.274689e-01
5.913633e-01
4.328862e-01
3.316426e-01
2.675219e-01
2.241702e-01
1.905030e-01
1.604968e-01
1.319440e-01
1.048936e-01
8.030001e-02
5.912189e-02
4.188594e-02
2.860148e-02
1.887246e-02
1.207751e-02
7.535165e-03
4.617880e-03
2.810270e-03
1.724033e-03
1.086434e-03
7.170435e-04
5.026112e-04
3.753103e-04
2.961792e-04
2.436351e-04
2.060665e-04
1.773438e-04
1.542408e-04
1.350230e-04
1.187081e-04
1.046923e-04
9.256662e-05
8.202954e-05
7.284398e-05
6.481625e-05
5.778470e-05
5.161282e-05
4.618459e-05
4.140104e-05
3.717755e-05
3.344153e-05
3.013065e-05
2.719125e-05
2.457708e-05
2.224815e-05
2.016985e-05
1.831218e-05
1.664905e-05
1.515776e-05
1.381852e-05
1.261404e-05
9.030437e+00
9.592379e+00
9.488977e+00
8.966091e+00
8.205242e+00
7.339602e+00
6.461911e+00
5.627519e+00
4.858634e+00
4.153713e+00
3.500983e+00
2.891237e+00
2.325066e+00
1.812795e+00
1.368990e+00
1.005401e+00
7.258123e-01
5.245540e-01
3.883982e-01
3.003695e-01
2.437103e-01
2.047438e-01
1.741470e-01
1.468145e-01
1.208527e-01
9.629239e-02
7.395309e-02
5.467174e-02
3.891975e-02
2.671904e-02
1.773191e-02
1.141465e-02
7.162385e-03
4.411626e-03
2.694650e-03
1.655454e-03
1.041462e-03
6.838947e-04
4.757452e-04
3.522757e-04
2.759249e-04
2.256810e-04
1.901373e-04
1.632267e-04
1.417412e-04
1.239571e-04
1.089051e-04
9.599704e-05
8.484159e-05
7.515402e-05
6.671293e-05
5.933858e-05
5.288151e-05
4.721568e-05
4.223413e-05
3.784564e-05
3.397220e-05
3.054695e-05
2.751250e-05
2.481941e-05
2.242509e-05
2.029275e-05
1.839052e-05
1.669079e-05
1.516957e-05
1.380599e-05
1.258185e-05
1.148124e-05
6.300550e+00
6.918237e+00
7.011500e+00
6.748543e+00
6.275003e+00
5.700557e+00
5.097660e+00
4.506250e+00
3.941675e+00
3.404614e+00
2.891237e+00
2.401076e+00
1.940548e+00
1.521764e+00
1.158191e+00
8.596962e-01
6.291945e-01
4.619474e-01
3.472750e-01
2.715942e-01
2.215211e-01
1.861115e-01
1.578717e-01
1.326685e-01
1.089467e-01
8.670948e-02
6.660656e-02
4.930630e-02
3.517800e-02
2.421809e-02
1.612143e-02
1.040804e-02
6.544948e-03
4.033962e-03
2.459262e-03
1.502248e-03
9.352341e-04
6.049036e-04
4.132842e-04
3.006321e-04
2.320137e-04
1.877472e-04
1.570843e-04
1.342885e-04
1.163291e-04
1.015901e-04
8.917757e-05
7.856266e-05
6.940288e-05
6.145515e-05
5.453365e-05
4.848912e-05
4.319807e-05
3.855671e-05
3.447705e-05
3.088408e-05
2.771371e-05
2.491101e-05
2.242879e-05
2.022648e-05
1.826908e-05
1.652638e-05
1.497222e-05
1.358393e-05
1.234183e-05
1.122877e-05
1.022984e-05
9.331989e-06
4.351360e+00
4.876854e+00
5.069006e+00
4.992042e+00
4.733672e+00
4.372769e+00
3.966078e+00
3.547084e+00
3.131173e+00
2.723239e+00
2.325066e+00
1.940548e+00
1.577658e+00
1.247303e+00
9.602631e-01
7.239185e-01
5.401560e-01
4.051157e-01
3.105710e-01
2.461988e-01
2.018669e-01
1.692878e-01
1.427719e-01
1.191658e-01
9.726894e-02
7.706427e-02
5.902405e-02
4.362721e-02
3.111347e-02
2.142655e-02
1.427143e-02
9.216284e-03
5.791110e-03
3.559188e-03
2.156143e-03
1.302078e-03
7.961274e-04
5.023334e-04
3.333163e-04
2.354733e-04
1.772791e-04
1.408810e-04
1.164942e-04
9.889324e-05
8.532965e-05
7.435654e-05
6.519255e-05
5.739136e-05
5.067563e-05
4.485581e-05
3.979090e-05
3.536956e-05
3.150053e-05
2.810747e-05
2.512575e-05
2.250039e-05
2.018440e-05
1.813751e-05
1.632515e-05
1.471759e-05
1.328918e-05
1.201779e-05
1.088427e-05
9.872001e-06
8.966574e-06
8.155445e-06
7.427684e-06
6.773747e-06
3.032481e+00
3.373610e+00
3.571900e+00
3.600223e+00
3.486801e+00
3.276948e+00
3.011621e+00
2.719476e+00
2.417110e+00
2.113109e+00
1.812795e+00
1.521764e+00
1.247303e+00
9.977761e-01
7.807950e-01
6.012488e-01
4.601027e-01
3.543572e-01
2.780522e-01
2.238365e-01
1.845385e-01
1.543042e-01
1.291164e-01
1.067486e-01
8.635060e-02
6.790011e-02
5.170542e-02
3.805968e-02
2.706653e-02
1.860408e-02
1.237291e-02
7.976456e-03
4.998023e-03
3.056247e-03
1.834946e-03
1.091653e-03
6.521939e-04
3.983647e-04
2.539198e-04
1.718916e-04
1.245410e-04
9.610216e-05
7.791536e-05
6.535925e-05
5.601800e-05
4.863857e-05
4.256292e-05
3.743106e-05
3.303109e-05
2.922582e-05
2.591753e-05
2.303118e-05
2.050624e-05
1.829245e-05
1.634747e-05
1.463530e-05
1.312521e-05
1.179087e-05
1.060969e-05
9.562222e-06
8.631711e-06
7.803686e-06
7.065628e-06
6.406687e-06
5.817442e-06
5.289697e-06
4.816314e-06
4.391059e-06
2.163410e+00
2.301323e+00
2.448669e+00
2.518150e+00
2.490923e+00
2.382261e+00
2.217627e+00
2.020135e+00
1.806375e+00
1.586975e+00
1.368990e+00
1.158191e+00
9.602631e-01
7.807950e-01
6.244516e-01
4.939927e-01
3.896743e-01
3.092995e-01
2.488693e-01
2.035681e-01
1.687455e-01
1.406294e-01
1.166482e-01
9.539058e-02
7.632639e-02
5.944095e-02
4.490496e-02
3.284788e-02
2.324871e-02
1.592127e-02
1.055638e-02
6.784667e-03
4.234801e-03
2.574352e-03
1.530872e-03
8.966120e-04
5.226446e-04
3.078829e-04
1.870132e-04
1.197003e-04
8.205378e-05
6.045955e-05
4.742880e-05
3.896883e-05
3.300429e-05
2.847368e-05
2.483455e-05
2.180327e-05
1.922318e-05
1.699989e-05
1.507035e-05
1.338834e-05
1.191759e-05
1.062843e-05
9.496040e-06
8.499374e-06
7.620497e-06
6.844052e-06
6.156860e-06
5.547581e-06
5.006442e-06
4.525006e-06
4.095971e-06
3.713011e-06
3.370632e-06
3.064058e-06
2.789126e-06
2.542202e-06
1.585173e+00
1.557273e+00
1.636168e+00
1.707739e+00
1.724228e+00
1.678731e+00
1.583388e+00
1.455288e+00
1.309510e+00
1.157065e+00
1.005401e+00
8.596962e-01
7.239185e-01
6.012488e-01
4.939927e-01
4.032838e-01
3.288898e-01
2.692941e-01
2.220636e-01
1.843845e-01
1.535955e-01
1.275745e-01
1.049048e-01
8.483458e-02
6.709966e-02
5.169894e-02
3.869639e-02
2.809067e-02
1.975986e-02
1.346566e-02
8.891908e-03
5.693463e-03
3.538962e-03
2.139374e-03
1.261399e-03
7.287023e-04
4.154721e-04
2.364819e-04
1.366734e-04
8.200790e-05
5.228881e-05
3.598519e-05
2.674593e-05
2.118637e-05
1.755426e-05
1.496290e-05
1.296920e-05
1.135066e-05
9.992008e-06
8.829373e-06
7.823717e-06
6.948439e-06
6.183658e-06
5.513553e-06
4.925063e-06
4.407194e-06
3.950598e-06
3.547280e-06
3.190379e-06
2.873996e-06
2.593045e-06
2.343136e-06
2.120469e-06
1.921753e-06
1.744130e-06
1.585113e-06
1.442537e-06
1.314513e-06
1.181438e+00
1.051831e+00
1.073139e+00
1.130498e+00
1.164503e+00
1.155259e+00
1.105181e+00
1.025801e+00
9.298102e-01
8.274689e-01
7.258123e-01
6.291945e-01
5.401560e-01
4.601027e-01
3.896743e-01
3.288898e-01
2.772107e-01
2.336359e-01
1.968685e-01
1.655385e-01
1.384216e-01
1.145915e-01
9.347325e-02
7.479897e-02
5.850148e-02
4.459128e-02
3.305524e-02
2.379755e-02
1.662503e-02
1.126576e-02
7.404769e-03
4.722153e-03
2.923582e-03
1.759101e-03
1.030376e-03
5.891296e-04
3.302748e-04
1.828929e-04
1.012444e-04
5.705695e-05
3.354158e-05
2.110024e-05
1.443986e-05
1.073869e-05
8.538693e-06
7.106887e-06
6.082483e-06
5.289723e-06
4.642272e-06
4.096079e-06
3.626898e-06
3.219854e-06
2.864713e-06
2.553741e-06
2.280730e-06
2.040526e-06
1.828770e-06
1.641747e-06
1.476269e-06
1.329597e-06
1.199369e-06
1.083548e-06
9.803682e-07
8.883020e-07
8.060221e-07
7.323741e-07
6.663526e-07
6.070801e-07
8.792994e-01
7.123531e-01
6.998347e-01
7.418659e-01
7.801482e-01
7.898487e-01
7.675780e-01
7.205061e-01
6.587755e-01
5.913633e-01
5.245540e-01
4.619474e-01
4.051157e-01
3.543572e-01
3.092995e-01
2.692941e-01
2.336359e-01
2.016678e-01
1.728284e-01
1.466803e-01
1.229285e-01
1.014226e-01
8.213409e-02
6.510784e-02
5.040168e-02
3.803036e-02
2.792880e-02
1.994105e-02
1.383267e-02
9.318436e-03
6.095125e-03
3.871190e-03
2.388048e-03
1.431543e-03
8.346612e-04
4.740133e-04
2.628430e-04
1.428947e-04
7.670276e-05
4.113685e-05
2.246163e-05
1.281854e-05
7.868792e-06
5.297205e-06
3.907696e-06
3.100638e-06
2.583291e-06
2.215637e-06
1.931354e-06
1.698722e-06
1.501934e-06
1.332440e-06
1.185040e-06
1.056155e-06
9.430728e-07
8.436076e-07
7.559362e-07
6.785128e-07
6.100158e-07
5.493095e-07
4.954157e-07
4.474894e-07
4.047999e-07
3.667136e-07
3.326806e-07
3.022226e-07
2.749227e-07
2.504175e-07
6.397833e-01
4.839411e-01
4.615173e-01
4.940769e-01
5.317480e-01
5.504153e-01
5.442007e-01
5.173269e-01
4.776909e-01
4.328862e-01
3.883982e-01
3.472750e-01
3.105710e-01
2.780522e-01
2.488693e-01
2.220636e-01
1.968685e-01
1.728284e-01
1.497917e-01
1.278371e-01
1.071849e-01
8.811339e-02
7.089288e-02
5.573459e-02
4.275716e-02
3.197045e-02
2.327731e-02
1.649072e-02
1.136140e-02
7.609343e-03
4.953259e-03
3.133502e-03
1.926593e-03
1.151496e-03
6.693032e-04
3.785916e-04
2.086484e-04
1.122612e-04
5.917680e-05
3.075463e-05
1.593301e-05
8.381279e-06
4.600956e-06
2.722952e-06
1.780740e-06
1.289872e-06
1.014538e-06
8.429216e-07
7.230923e-07
6.311836e-07
5.561353e-07
4.926104e-07
4.378053e-07
3.900516e-07
3.482151e-07
3.114388e-07
2.790317e-07
2.504165e-07
2.251026e-07
2.026698e-07
1.827560e-07
1.650489e-07
1.492782e-07
1.352096e-07
1.226397e-07
1.113916e-07
1.013111e-07
9.226377e-08
4.455680e-01
3.279555e-01
3.125153e-01
3.422992e-01
3.785922e-01
4.010799e-01
4.036593e-01
3.888315e-01
3.627176e-01
3.316426e-01
3.003695e-01
2.715942e-01
2.461988e-01
2.238365e-01
2.035681e-01
1.843845e-01
1.655385e-01
1.466803e-01
1.278371e-01
1.093061e-01
9.152121e-02
7.493475e-02
5.993165e-02
4.677924e-02
3.560781e-02
2.641498e-02
1.908654e-02
1.342689e-02
9.192510e-03
6.123226e-03
3.967603e-03
2.500504e-03
1.532721e-03
9.138112e-04
5.299967e-04
2.991156e-04
1.643516e-04
8.799536e-05
4.598037e-05
2.351464e-05
1.183083e-05
5.912133e-06
2.984345e-06
1.563536e-06
8.812401e-07
5.518202e-07
3.875354e-07
2.995820e-07
2.470432e-07
2.114695e-07
1.846465e-07
1.628996e-07
1.445244e-07
1.286625e-07
1.148212e-07
1.026740e-07
9.197688e-08
8.253388e-08
7.418130e-08
6.677987e-08
6.020998e-08
5.436849e-08
4.916620e-08
4.452577e-08
4.038006e-08
3.667066e-08
3.334668e-08
3.036371e-08
2.903046e-01
2.190666e-01
2.185253e-01
2.498574e-01
2.851847e-01
3.090204e-01
3.162377e-01
3.084653e-01
2.904837e-01
2.675219e-01
2.437103e-01
2.215211e-01
2.018669e-01
1.845385e-01
1.687455e-01
1.535955e-01
1.384216e-01
1.229285e-01
1.071849e-01
9.152121e-02
7.639510e-02
6.226913e-02
4.952407e-02
3.841191e-02
2.904326e-02
2.139983e-02
1.536156e-02
1.074015e-02
7.312069e-03
4.846689e-03
3.127240e-03
1.964004e-03
1.200495e-03
7.141799e-04
4.135214e-04
2.330635e-04
1.278852e-04
6.834165e-05
3.559073e-05
1.808253e-05
8.981671e-06
4.378797e-06
2.111313e-06
1.021259e-06
5.080562e-07
2.697857e-07
1.592268e-07
1.066905e-07
8.011396e-08
6.513178e-08
5.545267e-08
4.836372e-08
4.269573e-08
3.793051e-08
3.382047e-08
3.023089e-08
2.707594e-08
2.429294e-08
2.183200e-08
1.965153e-08
1.771615e-08
1.599543e-08
1.446306e-08
1.309628e-08
1.187529e-08
1.078288e-08
9.804059e-09
8.925735e-09
1.713061e-01
1.416867e-01
1.565061e-01
1.905976e-01
2.250556e-01
2.489468e-01
2.585096e-01
2.549737e-01
2.420989e-01
2.241702e-01
2.047438e-01
1.861115e-01
1.692878e-01
1.543042e-01
1.406294e-01
1.275745e-01
1.145915e-01
1.014226e-01
8.811339e-02
7.493475e-02
6.226913e-02
5.050330e-02
3.995106e-02
3.081210e-02
2.316264e-02
1.696889e-02
1.211319e-02
8.424656e-03
5.708051e-03
3.767229e-03
2.421675e-03
1.516130e-03
9.243968e-04
5.488649e-04
3.173597e-04
1.787002e-04
9.799648e-05
5.234307e-05
2.723743e-05
1.381350e-05
6.832735e-06
3.301075e-06
1.562063e-06
7.280103e-07
3.378667e-07
1.594234e-07
7.921224e-08
4.341011e-08
2.721793e-08
1.952723e-08
1.549353e-08
1.305430e-08
1.134748e-08
1.001513e-08
8.906014e-09
7.952182e-09
7.119106e-09
6.386047e-09
5.738413e-09
5.164779e-09
4.655681e-09
4.203069e-09
3.800015e-09
3.440525e-09
3.119395e-09
2.832098e-09
2.574689e-09
2.343724e-09
8.565183e-02
8.656265e-02
1.127152e-01
1.484043e-01
1.813989e-01
2.044328e-01
2.150132e-01
2.141685e-01
2.048464e-01
1.905030e-01
1.741470e-01
1.578717e-01
1.427719e-01
1.291164e-01
1.166482e-01
1.049048e-01
9.347325e-02
8.213409e-02
7.089288e-02
5.993165e-02
4.952407e-02
3.995106e-02
3.143818e-02
2.412192e-02
1.804207e-02
1.315299e-02
9.345324e-03
6.471056e-03
4.366658e-03
2.871435e-03
1.839952e-03
1.148825e-03
6.989141e-04
4.142880e-04
2.392650e-04
1.346324e-04
7.381015e-05
3.942681e-05
2.052130e-05
1.040905e-05
5.146528e-06
2.481488e-06
1.167868e-06
5.374574e-07
2.427618e-07
1.084561e-07
4.868154e-08
2.261139e-08
1.138751e-08
6.544428e-09
4.386670e-09
3.343923e-09
2.765426e-09
2.387127e-09
2.103222e-09
1.871047e-09
1.672631e-09
1.499558e-09
1.347164e-09
1.212347e-09
1.092748e-09
9.864326e-10
8.917626e-10
8.073267e-10
7.319022e-10
6.644260e-10
6.039715e-10
5.497301e-10
2.888598e-02
4.805714e-02
7.992728e-02
1.149328e-01
1.454267e-01
1.667942e-01
1.775084e-01
1.784419e-01
1.718650e-01
1.604968e-01
1.468145e-01
1.326685e-01
1.191658e-01
1.067486e-01
9.539058e-02
8.483458e-02
7.479897e-02
6.510784e-02
5.573459e-02
4.677924e-02
3.841191e-02
3.081210e-02
2.412192e-02
1.842016e-02
1.371603e-02
9.957371e-03
7.047067e-03
4.861889e-03
3.269855e-03
2.143756e-03
1.370064e-03
8.535308e-04
5.183251e-04
3.068186e-04
1.770309e-04
9.956292e-05
5.457865e-05
2.916246e-05
1.518821e-05
7.710537e-06
3.815815e-06
1.841078e-06
8.662666e-07
3.976967e-07
1.783372e-07
7.829174e-08
3.381551e-08
1.452260e-08
6.338910e-09
2.928299e-09
1.517235e-09
9.247633e-10
6.614260e-10
5.295230e-10
4.510296e-10
3.956843e-10
3.517993e-10
3.147473e-10
2.825432e-10
2.541923e-10
2.290853e-10
2.067801e-10
1.869218e-10
1.692110e-10
1.533906e-10
1.392375e-10
1.265573e-10
1.151806e-10
-4.744264e-03
2.233002e-02
5.476663e-02
8.679955e-02
1.137437e-01
1.327524e-01
1.429380e-01
1.450064e-01
1.406515e-01
1.319440e-01
1.208527e-01
1.089467e-01
9.726894e-02
8.635060e-02
7.632639e-02
6.709966e-02
5.850148e-02
5.040168e-02
4.275716e-02
3.560781e-02
2.904326e-02
2.316264e-02
1.804207e-02
1.371603e-02
1.017242e-02
7.358113e-03
5.190372e-03
3.570219e-03
2.394677e-03
1.566222e-03
9.988842e-04
6.212026e-04
3.767095e-04
2.227573e-04
1.284415e-04
7.221402e-05
3.958907e-05
2.116228e-05
1.103013e-05
5.605709e-06
2.777905e-06
1.342316e-06
6.325158e-07
2.906872e-07
1.303287e-07
5.703895e-08
2.439958e-08
1.023112e-08
4.232571e-09
1.752532e-09
7.484276e-10
3.477564e-10
1.878712e-10
1.220422e-10
9.243383e-11
7.680258e-11
6.677150e-11
5.922503e-11
5.299571e-11
4.762318e-11
4.290153e-11
3.871805e-11
3.499680e-11
3.167890e-11
2.871533e-11
2.606411e-11
2.368881e-11
2.155768e-11
-2.142240e-02
6.348380e-03
3.569812e-02
6.313710e-02
8.581252e-02
1.019874e-01
1.111518e-01
1.138330e-01
1.112416e-01
1.048936e-01
9.629239e-02
8.670948e-02
7.706427e-02
6.790011e-02
5.944095e-02
5.169894e-02
4.459128e-02
3.803036e-02
3.197045e-02
2.641498e-02
2.139983e-02
1.696889e-02
1.315299e-02
9.957371e-03
7.358113e-03
5.305617e-03
3.732184e-03
2.560941e-03
1.714048e-03
1.118988e-03
7.125343e-04
4.425541e-04
2.681075e-04
1.584289e-04
9.131495e-05
5.133680e-05
2.815086e-05
1.505658e-05
7.854691e-06
3.996650e-06
1.983470e-06
9.601035e-07
4.532918e-07
2.087457e-07
9.377008e-08
4.109396e-08
1.757475e-08
7.339898e-09
2.998126e-09
1.202063e-09
4.770574e-10
1.910386e-10
8.036348e-11
3.799413e-11
2.161996e-11
1.494988e-11
1.186836e-11
1.013262e-11
8.935086e-12
7.986672e-12
7.181410e-12
6.476960e-12
5.853116e-12
5.297702e-12
4.801824e-12
4.358259e-12
3.960864e-12
3.604316e-12
-2.688193e-02
-2.505199e-03
2.181133e-02
4.392720e-02
6.209513e-02
7.524776e-02
8.307820e-02
8.594313e-02
8.466348e-02
8.030001e-02
7.395309e-02
6.660656e-02
5.902405e-02
5.170542e-02
4.490496e-02
3.869639e-02
3.305524e-02
2.792880e-02
2.327731e-02
1.908654e-02
1.536156e-02
1.211319e-02
9.345324e-03
7.047067e-03
5.190372e-03
3.732184e-03
2.619228e-03
1.793708e-03
1.198546e-03
7.813767e-04
4.970045e-04
3.084269e-04
1.867400e-04
1.103106e-04
6.357595e-05
3.574900e-05
1.961230e-05
1.049746e-05
5.481851e-06
2.792888e-06
1.388223e-06
6.731954e-07
3.184907e-07
1.470029e-07
6.619605e-08
2.908211e-08
1.246618e-08
5.214521e-09
2.129163e-09
8.492696e-10
3.315233e-10
1.272147e-10
4.850609e-11
1.884835e-11
7.867372e-12
3.826098e-12
2.306546e-12
1.687971e-12
1.390264e-12
1.210287e-12
1.077964e-12
9.690501e-13
8.747591e-13
7.914654e-13
7.172902e-13
6.509922e-13
5.916073e-13
5.383282e-13
-2.581606e-02
-6.492825e-03
1.226483e-02
2.912362e-02
4.300003e-02
5.322483e-02
5.959424e-02
6.232135e-02
6.192850e-02
5.912189e-02
5.467174e-02
4.930630e-02
4.362721e-02
3.805968e-02
3.284788e-02
2.809067e-02
2.379755e-02
1.994105e-02
1.649072e-02
1.342689e-02
1.074015e-02
8.424656e-03
6.471056e-03
4.861889e-03
3.570219e-03
2.560941e-03
1.793708e-03
1.226427e-03
8.184670e-04
5.330772e-04
3.388339e-04
2.101752e-04
1.272244e-04
7.515422e-05
4.332423e-05
2.437268e-05
1.338044e-05
7.168532e-06
3.747835e-06
1.912131e-06
9.520021e-07
4.625269e-07
2.192859e-07
1.014508e-07
4.580034e-08
2.017664e-08
8.673577e-09
3.638528e-09
1.489552e-09
5.951799e-10
2.321942e-10
8.851801e-11
3.304545e-11
1.214613e-11
4.455946e-12
1.685975e-12
7.035616e-13
3.552560e-13
2.271766e-13
1.745157e-13
1.478037e-13
1.304805e-13
1.170612e-13
1.057020e-13
9.573455e-14
8.686815e-14
7.893793e-14
7.182595e-14
-2.164694e-02
-7.464603e-03
6.150678e-03
1.836037e-02
2.848489e-02
3.609468e-02
4.103971e-02
4.342565e-02
4.355960e-02
4.188594e-02
3.891975e-02
3.517800e-02
3.111347e-02
2.706653e-02
2.324871e-02
1.975986e-02
1.662503e-02
1.383267e-02
1.136140e-02
9.192510e-03
7.312069e-03
5.708051e-03
4.366658e-03
3.269855e-03
2.394677e-03
1.714048e-03
1.198546e-03
8.184670e-04
5.457177e-04
3.552176e-04
2.257060e-04
1.399887e-04
8.474861e-05
5.007918e-05
2.888450e-05
1.626129e-05
8.935670e-06
4.792702e-06
2.509072e-06
1.282102e-06
6.394481e-07
3.112845e-07
1.479023e-07
6.858870e-08
3.104463e-08
1.371426e-08
5.912986e-09
2.488214e-09
1.021918e-09
4.096363e-10
1.602720e-10
6.121438e-11
2.283185e-11
8.323868e-12
2.973523e-12
1.047632e-12
3.702993e-13
1.369141e-13
5.754667e-14
3.037953e-14
2.055481e-14
1.643102e-14
1.420905e-14
1.267169e-14
1.143099e-14
1.035947e-14
9.410204e-15
8.561376e-15
-1.658553e-02
-6.812717e-03
2.554128e-03
1.098836e-02
1.806225e-02
2.349555e-02
2.717089e-02
2.912252e-02
2.951220e-02
2.860148e-02
2.671904e-02
2.421809e-02
2.142655e-02
1.860408e-02
1.592127e-02
1.346566e-02
1.126576e-02
9.318436e-03
7.609343e-03
6.123226e-03
4.846689e-03
3.767229e-03
2.871435e-03
2.143756e-03
1.566222e-03
1.118988e-03
7.813767e-04
5.330772e-04
3.552176e-04
2.311487e-04
1.468679e-04
9.110994e-05
5.518074e-05
3.262724e-05
1.883379e-05
1.061345e-05
5.838960e-06
3.135977e-06
1.644248e-06
8.416209e-07
4.205503e-07
2.051484e-07
9.769289e-08
4.541486e-08
2.060955e-08
9.129974e-09
3.948175e-09
1.666650e-09
6.867670e-10
2.762413e-10
1.084629e-10
4.157123e-11
1.555405e-11
5.681880e-12
2.027215e-12
7.071442e-13
2.418429e-13
8.172294e-14
2.786701e-14
1.010454e-14
4.307288e-15
2.387141e-15
1.700152e-15
1.402857e-15
1.232107e-15
1.107122e-15
1.003059e-15
9.118793e-16
-1.186203e-02
-5.484195e-03
6.560063e-04
6.232426e-03
1.097804e-02
1.470948e-02
1.733388e-02
1.884382e-02
1.930966e-02
1.887246e-02
1.773191e-02
1.612143e-02
1.427143e-02
1.237291e-02
1.055638e-02
8.891908e-03
7.404769e-03
6.095125e-03
4.953259e-03
3.967603e-03
3.127240e-03
2.421675e-03
1.839952e-03
1.370064e-03
9.988842e-04
7.125343e-04
4.970045e-04
3.388339e-04
2.257060e-04
1.468679e-04
9.333958e-05
5.793108e-05
3.511010e-05
2.077815e-05
1.200670e-05
6.774469e-06
3.732136e-06
2.007556e-06
1.054396e-06
5.407087e-07
2.707350e-07
1.323560e-07
6.317681e-08
2.944302e-08
1.339716e-08
5.951749e-09
2.581501e-09
1.093178e-09
4.519549e-10
1.824231e-10
7.188531e-11
2.765492e-11
1.038663e-11
3.808472e-12
1.363384e-12
4.765781e-13
1.627287e-13
5.433554e-14
1.779773e-14
5.771186e-15
1.900732e-15
6.782091e-16
2.949516e-16
1.718394e-16
1.279973e-16
1.082729e-16
9.620525e-17
8.694719e-17
-8.013664e-03
-4.048268e-03
-1.970572e-04
3.343218e-03
6.409269e-03
8.882484e-03
1.069072e-02
1.180623e-02
1.224638e-02
1.207751e-02
1.141465e-02
1.040804e-02
9.216284e-03
7.976456e-03
6.784667e-03
5.693463e-03
4.722153e-03
3.871190e-03
3.133502e-03
2.500504e-03
1.964004e-03
1.516130e-03
1.148825e-03
8.535308e-04
6.212026e-04
4.425541e-04
3.084269e-04
2.101752e-04
1.399887e-04
9.110994e-05
5.793108e-05
3.598052e-05
2.182676e-05
1.293146e-05
7.482090e-06
4.227684e-06
2.332807e-06
1.257032e-06
6.614577e-07
3.398936e-07
1.705558e-07
8.357375e-08
3.998984e-08
1.868540e-08
8.525572e-09
3.798470e-09
1.652543e-09
7.020221e-10
2.912037e-10
1.179467e-10
4.664573e-11
1.801231e-11
6.791305e-12
2.500106e-12
8.986321e-13
3.153738e-13
1.080699e-13
3.616380e-14
1.182228e-14
3.780005e-15
1.186239e-15
3.692592e-16
1.175800e-16
4.141441e-17
1.846167e-17
1.129499e-17
8.739656e-18
7.537098e-18
-5.151350e-03
-2.792171e-03
-4.727858e-04
1.692518e-03
3.607147e-03
5.196113e-03
6.404999e-03
7.199141e-03
7.568176e-03
7.535165e-03
7.162385e-03
6.544948e-03
5.791110e-03
4.998023e-03
4.234801e-03
3.538962e-03
2.923582e-03
2.388048e-03
1.926593e-03
1.532721e-03
1.200495e-03
9.243968e-04
6.989141e-04
5.183251e-04
3.767095e-04
2.681075e-04
1.867400e-04
1.272244e-04
8.474861e-05
5.518074e-05
3.511010e-05
2.182676e-05
1.325574e-05
7.863866e-06
4.556787e-06
2.579010e-06
1.425629e-06
7.696814e-07
4.058455e-07
2.090026e-07
1.051188e-07
5.163495e-08
2.477073e-08
1.160545e-08
5.310179e-09
2.372884e-09
1.035521e-09
4.413179e-10
1.836746e-10
7.465277e-11
2.963031e-11
1.148456e-11
4.346842e-12
1.606604e-12
5.798473e-13
2.043536e-13
7.032514e-14
2.363190e-14
7.754599e-15
2.485099e-15
7.780716e-16
2.382968e-16
7.166581e-17
2.142153e-17
6.600014e-18
2.300921e-18
1.054752e-18
6.757322e-19
-3.166136e-03
-1.818298e-03
-4.724907e-04
8.082114e-04
1.969286e-03
2.964784e-03
3.754780e-03
4.304986e-03
4.592706e-03
4.617880e-03
4.411626e-03
4.033962e-03
3.559188e-03
3.056247e-03
2.574352e-03
2.139374e-03
1.759101e-03
1.431543e-03
1.151496e-03
9.138112e-04
7.141799e-04
5.488649e-04
4.142880e-04
3.068186e-04
2.227573e-04
1.584289e-04
1.103106e-04
7.515422e-05
5.007918e-05
3.262724e-05
2.077815e-05
1.293146e-05
7.863866e-06
4.672217e-06
2.711893e-06
1.537658e-06
8.516608e-07
4.607667e-07
2.434976e-07
1.256901e-07
6.337176e-08
3.120866e-08
1.501189e-08
7.052993e-09
3.236573e-09
1.450665e-09
6.350598e-10
2.715331e-10
1.133931e-10
4.624887e-11
1.842299e-11
7.167342e-12
2.723258e-12
1.010523e-12
3.662042e-13
1.296027e-13
4.479318e-14
1.511855e-14
4.983145e-15
1.603948e-15
5.041743e-16
1.547824e-16
4.642786e-17
1.362389e-17
3.927334e-18
1.127422e-18
3.362865e-19
1.162813e-19
-1.866810e-03
-1.124913e-03
-3.696734e-04
3.665198e-04
1.054877e-03
1.668263e-03
2.177939e-03
2.553241e-03
2.767703e-03
2.810270e-03
2.694650e-03
2.459262e-03
2.156143e-03
1.834946e-03
1.530872e-03
1.261399e-03
1.030376e-03
8.346612e-04
6.693032e-04
5.299967e-04
4.135214e-04
3.173597e-04
2.392650e-04
1.770309e-04
1.284415e-04
9.131495e-05
6.357595e-05
4.332423e-05
2.888450e-05
1.883379e-05
1.200670e-05
7.482090e-06
4.556787e-06
2.711893e-06
1.576961e-06
8.959244e-07
4.972797e-07
2.696450e-07
1.428348e-07
7.391245e-08
3.736254e-08
1.844954e-08
8.899404e-09
4.193327e-09
1.930080e-09
8.677740e-10
3.811086e-10
1.634922e-10
6.850891e-11
2.804100e-11
1.121066e-11
4.377779e-12
1.669768e-12
6.220593e-13
2.263467e-13
8.044090e-14
2.792113e-14
9.465323e-15
3.133841e-15
1.013329e-15
3.199994e-16
9.868930e-17
2.972489e-17
8.744643e-18
2.513601e-18
7.068753e-19
1.953478e-19
5.386025e-20
-1.058322e-03
-6.634408e-04
-2.514536e-04
1.628482e-04
5.657927e-04
9.420042e-04
1.270921e-03
1.526419e-03
1.682544e-03
1.724033e-03
1.655454e-03
1.502248e-03
1.302078e-03
1.091653e-03
8.966120e-04
7.287023e-04
5.891296e-04
4.740133e-04
3.785916e-04
2.991156e-04
2.330635e-04
1.787002e-04
1.346324e-04
9.956292e-05
7.221402e-05
5.133680e-05
3.574900e-05
2.437268e-05
1.626129e-05
1.061345e-05
6.774469e-06
4.227684e-06
2.579010e-06
1.537658e-06
8.959244e-07
5.100925e-07
2.837680e-07
1.542387e-07
8.190736e-08
4.249528e-08
2.153962e-08
1.066617e-08
5.159967e-09
2.438646e-09
1.125927e-09
5.078402e-10
2.237668e-10
9.631887e-11
4.050140e-11
1.663669e-11
6.675697e-12
2.616700e-12
1.001920e-12
3.747387e-13
1.369095e-13
4.885867e-14
1.703124e-14
5.798832e-15
1.928488e-15
6.264234e-16
1.987402e-16
6.158321e-17
1.863761e-17
5.508890e-18
1.590335e-18
4.484366e-19
1.235534e-19
3.330513e-20
-5.776712e-04
-3.734175e-04
-1.532653e-04
7.757141e-05
3.138733e-04
5.473197e-04
7.630679e-04
9.393160e-04
1.052429e-03
1.086434e-03
1.041462e-03
9.352341e-04
7.961274e-04
6.521939e-04
5.226446e-04
4.154721e-04
3.302748e-04
2.628430e-04
2.086484e-04
1.643516e-04
1.278852e-04
9.799648e-05
7.381015e-05
5.457865e-05
3.958907e-05
2.815086e-05
1.961230e-05
1.338044e-05
8.935670e-06
5.838960e-06
3.732136e-06
2.332807e-06
1.425629e-06
8.516608e-07
4.972797e-07
2.837680e-07
1.582413e-07
8.622715e-08
4.591091e-08
2.388476e-08
1.214081e-08
6.029592e-09
2.925736e-09
1.387024e-09
6.424359e-10
2.907156e-10
1.285274e-10
5.551465e-11
2.342609e-11
9.657569e-12
3.889617e-12
1.530424e-12
5.882707e-13
2.209009e-13
8.103390e-14
2.903880e-14
1.016545e-14
3.476194e-15
1.161191e-15
3.788944e-16
1.207646e-16
3.759762e-17
1.143329e-17
3.395971e-18
9.852121e-19
2.791656e-19
7.726129e-20
2.088631e-20
-3.037075e-04
-2.002193e-04
-8.353611e-05
4.600554e-05
1.876254e-04
3.370546e-04
4.833316e-04
6.083320e-04
6.912608e-04
7.170435e-04
6.838947e-04
6.049036e-04
5.023334e-04
3.983647e-04
3.078829e-04
2.364819e-04
1.828929e-04
1.428947e-04
1.122612e-04
8.799536e-05
6.834165e-05
5.234307e-05
3.942681e-05
2.916246e-05
2.116228e-05
1.505658e-05
1.049746e-05
7.168532e-06
4.792702e-06
3.135977e-06
2.007556e-06
1.257032e-06
7.696814e-07
4.607667e-07
2.696450e-07
1.542387e-07
8.622715e-08
4.711003e-08
2.515229e-08
1.312255e-08
6.689931e-09
3.332554e-09
1.622096e-09
7.714596e-10
3.584939e-10
1.627712e-10
7.220980e-11
3.129921e-11
1.325516e-11
5.484624e-12
2.217248e-12
8.757544e-13
3.379451e-13
1.274091e-13
4.692877e-14
1.688717e-14
5.936726e-15
2.038934e-15
6.840985e-16
2.242261e-16
7.179566e-17
2.245676e-17
6.861583e-18
2.047960e-18
5.970753e-19
1.700348e-19
4.729748e-20
1.285054e-20
-1.536285e-04
-1.015675e-04
-3.899531e-05
3.600681e-05
1.247935e-04
2.253182e-04
3.292179e-04
4.213439e-04
4.836652e-04
5.026112e-04
4.757452e-04
4.132842e-04
3.333163e-04
2.539198e-04
1.870132e-04
1.366734e-04
1.012444e-04
7.670276e-05
5.917680e-05
4.598037e-05
3.559073e-05
2.723743e-05
2.052130e-05
1.518821e-05
1.103013e-05
7.854691e-06
5.481851e-06
3.747835e-06
2.509072e-06
1.644248e-06
1.054396e-06
6.614577e-07
4.058455e-07
2.434976e-07
1.428348e-07
8.190736e-08
4.591091e-08
2.515229e-08
1.346728e-08
7.046951e-09
3.603503e-09
1.800685e-09
8.792855e-10
4.195592e-10
1.956236e-10
8.912684e-11
3.967804e-11
1.726005e-11
7.336342e-12
3.046903e-12
1.236445e-12
4.902568e-13
1.899329e-13
7.189514e-14
2.658987e-14
9.608263e-15
3.392184e-15
1.170075e-15
3.943130e-16
1.298240e-16
4.175881e-17
1.312239e-17
4.028486e-18
1.208165e-18
3.539627e-19
1.013039e-19
2.832191e-20
7.734567e-21
-7.448739e-05
-4.788207e-05
-1.294057e-05
3.312636e-05
9.255338e-05
1.644537e-04
2.422146e-04
3.130528e-04
3.614023e-04
3.753103e-04
3.522757e-04
3.006321e-04
2.354733e-04
1.718916e-04
1.197003e-04
8.200790e-05
5.705695e-05
4.113685e-05
3.075463e-05
2.351464e-05
1.808253e-05
1.381350e-05
1.040905e-05
7.710537e-06
5.605709e-06
3.996650e-06
2.792888e-06
1.912131e-06
1.282102e-06
8.416209e-07
5.407087e-07
3.398936e-07
2.090026e-07
1.256901e-07
7.391245e-08
4.249528e-08
2.388476e-08
1.312255e-08
7.046951e-09
3.698663e-09
1.897270e-09
9.511273e-10
4.659737e-10
2.230939e-10
1.043782e-10
4.772233e-11
2.132148e-11
9.308772e-12
3.971386e-12
1.655626e-12
6.744482e-13
2.684705e-13
1.044244e-13
3.968803e-14
1.473888e-14
5.348251e-15
1.896249e-15
6.569161e-16
2.223560e-16
7.353701e-17
2.376153e-17
7.501479e-18
2.313749e-18
6.972270e-19
2.052640e-19
5.903681e-20
1.658805e-20
4.553237e-21
-3.428544e-05
-1.998934e-05
1.015840e-06
3.170450e-05
7.454889e-05
1.292342e-04
1.903562e-04
2.470173e-04
2.857686e-04
2.961792e-04
2.759249e-04
2.320137e-04
1.772791e-04
1.245410e-04
8.205378e-05
5.228881e-05
3.354158e-05
2.246163e-05
1.593301e-05
1.183083e-05
8.981671e-06
6.832735e-06
5.146528e-06
3.815815e-06
2.777905e-06
1.983470e-06
1.388223e-06
9.520021e-07
6.394481e-07
4.205503e-07
2.707350e-07
1.705558e-07
1.051188e-07
6.337176e-08
3.736254e-08
2.153962e-08
1.214081e-08
6.689931e-09
3.603503e-09
1.897270e-09
9.763634e-10
4.910823e-10
2.414033e-10
1.159756e-10
5.445226e-11
2.498523e-11
1.120373e-11
4.909629e-12
2.102502e-12
8.798759e-13
3.598316e-13
1.438023e-13
5.615865e-14
2.143123e-14
7.991943e-15
2.912243e-15
1.036973e-15
3.608003e-16
1.226646e-16
4.074922e-17
1.322696e-17
4.195028e-18
1.299980e-18
3.936029e-19
1.164371e-19
3.365334e-20
9.502970e-21
2.621657e-21
-1.462405e-05
-6.217525e-06
7.708716e-06
3.000399e-05
6.307504e-05
1.068692e-04
1.568514e-04
2.036460e-04
2.356000e-04
2.436351e-04
2.256810e-04
1.877472e-04
1.408810e-04
9.610216e-05
6.045955e-05
3.598519e-05
2.110024e-05
1.281854e-05
8.381279e-06
5.912133e-06
4.378797e-06
3.301075e-06
2.481488e-06
1.841078e-06
1.342316e-06
9.601035e-07
6.731954e-07
4.625269e-07
3.112845e-07
2.051484e-07
1.323560e-07
8.357375e-08
5.163495e-08
3.120866e-08
1.844954e-08
1.066617e-08
6.029592e-09
3.332554e-09
1.800685e-09
9.511273e-10
4.910823e-10
2.478359e-10
1.222510e-10
5.893932e-11
2.777233e-11
1.278984e-11
5.756470e-12
2.532095e-12
1.088506e-12
4.573028e-13
1.877564e-13
7.533544e-14
2.954017e-14
1.131961e-14
4.238871e-15
1.551188e-15
5.547144e-16
1.938473e-16
6.619574e-17
2.208892e-17
7.202566e-18
2.294890e-18
7.144824e-19
2.173548e-19
6.460822e-20
1.876459e-20
5.324944e-21
1.476409e-21
-5.392442e-06
1.616818e-07
1.035640e-05
2.779580e-05
5.469583e-05
9.111090e-05
1.331615e-04
1.727212e-04
1.996576e-04
2.060665e-04
1.901373e-04
1.570843e-04
1.164942e-04
7.791536e-05
4.742880e-05
2.674593e-05
1.443986e-05
7.868792e-06
4.600956e-06
2.984345e-06
2.111313e-06
1.562063e-06
1.167868e-06
8.662666e-07
6.325158e-07
4.532918e-07
3.184907e-07
2.192859e-07
1.479023e-07
9.769289e-08
6.317681e-08
3.998984e-08
2.477073e-08
1.501189e-08
8.899404e-09
5.159967e-09
2.925736e-09
1.622096e-09
8.792855e-10
4.659737e-10
2.414033e-10
1.222510e-10
6.051603e-11
2.928078e-11
1.384767e-11
6.400926e-12
2.891830e-12
1.276908e-12
5.510585e-13
2.324243e-13
9.580908e-14
3.859833e-14
1.519717e-14
5.847698e-15
2.199029e-15
8.081576e-16
2.902523e-16
1.018744e-16
3.494289e-17
1.171256e-17
3.836526e-18
1.228038e-18
3.841199e-19
1.174076e-19
3.506657e-20
1.023412e-20
2.918503e-21
8.132311e-22
-1.262785e-06
2.841050e-06
1.091555e-05
2.528973e-05
4.795104e-05
7.898786e-05
1.150375e-04
1.490162e-04
1.720829e-04
1.773438e-04
1.632267e-04
1.342885e-04
9.889324e-05
6.535925e-05
3.896883e-05
2.118637e-05
1.073869e-05
5.297205e-06
2.722952e-06
1.563536e-06
1.021259e-06
7.280103e-07
5.374574e-07
3.976967e-07
2.906872e-07
2.087457e-07
1.470029e-07
1.014508e-07
6.858870e-08
4.541486e-08
2.944302e-08
1.868540e-08
1.160545e-08
7.052993e-09
4.193327e-09
2.438646e-09
1.387024e-09
7.714596e-10
4.195592e-10
2.230939e-10
1.159756e-10
5.893932e-11
2.928078e-11
1.421944e-11
6.749799e-12
3.131820e-12
1.420335e-12
6.296008e-13
2.727807e-13
1.155128e-13
4.780903e-14
1.933963e-14
7.646105e-15
2.954488e-15
1.115757e-15
4.118112e-16
1.485468e-16
5.236735e-17
1.804201e-17
6.074793e-18
1.998917e-18
6.427901e-19
2.019988e-19
6.203367e-20
1.861653e-20
5.459531e-21
1.564553e-21
4.381228e-22
4.633705e-07
3.756856e-06
1.049145e-05
2.273045e-05
4.223501e-05
6.909548e-05
1.003718e-04
1.298615e-04
1.498267e-04
1.542408e-04
1.417412e-04
1.163291e-04
8.532965e-05
5.601800e-05
3.300429e-05
1.755426e-05
8.538693e-06
3.907696e-06
1.780740e-06
8.812401e-07
5.080562e-07
3.378667e-07
2.427618e-07
1.783372e-07
1.303287e-07
9.377008e-08
6.619605e-08
4.580034e-08
3.104463e-08
2.060955e-08
1.339716e-08
8.525572e-09
5.310179e-09
3.236573e-09
1.930080e-09
1.125927e-09
6.424359e-10
3.584939e-10
1.956236e-10
1.043782e-10
5.445226e-11
2.777233e-11
1.384767e-11
6.749799e-12
3.216174e-12
1.497994e-12
6.820126e-13
3.035132e-13
1.320257e-13
5.613435e-14
2.332829e-14
9.475802e-15
3.762040e-15
1.459826e-15
5.536614e-16
2.052339e-16
7.435515e-17
2.632848e-17
9.111478e-18
3.081735e-18
1.018685e-18
3.290925e-19
1.039019e-19
3.205905e-20
9.667037e-21
2.848691e-21
8.203506e-22
2.308601e-22
1.101785e-06
3.880779e-06
9.668158e-06
2.028553e-05
3.728583e-05
6.074912e-05
8.808987e-05
1.138584e-04
1.312629e-04
1.350230e-04
1.239571e-04
1.015901e-04
7.435654e-05
4.863857e-05
2.847368e-05
1.496290e-05
7.106887e-06
3.100638e-06
1.289872e-06
5.518202e-07
2.697857e-07
1.594234e-07
1.084561e-07
7.829174e-08
5.703895e-08
4.109396e-08
2.908211e-08
2.017664e-08
1.371426e-08
9.129974e-09
5.951749e-09
3.798470e-09
2.372884e-09
1.450665e-09
8.677740e-10
5.078402e-10
2.907156e-10
1.627712e-10
8.912684e-11
4.772233e-11
2.498523e-11
1.278984e-11
6.400926e-12
3.131820e-12
1.497994e-12
7.004373e-13
3.201567e-13
1.430476e-13
6.247624e-14
2.667221e-14
1.113030e-14
4.539969e-15
1.810058e-15
7.053770e-16
2.686797e-16
1.000297e-16
3.639983e-17
1.294619e-17
4.500411e-18
1.529064e-18
5.077589e-19
1.647946e-19
5.227292e-20
1.620516e-20
4.909835e-21
1.453823e-21
4.207080e-22
1.189784e-22
1.270608e-06
3.679386e-06
8.733882e-06
1.804157e-05
3.297002e-05
5.358556e-05
7.760510e-05
1.002264e-04
1.154734e-04
1.187081e-04
1.089051e-04
8.917757e-05
6.519255e-05
4.256292e-05
2.483455e-05
1.296920e-05
6.082483e-06
2.583291e-06
1.014538e-06
3.875354e-07
1.592268e-07
7.921224e-08
4.868154e-08
3.381551e-08
2.439958e-08
1.757475e-08
1.246618e-08
8.673577e-09
5.912986e-09
3.948175e-09
2.581501e-09
1.652543e-09
1.035521e-09
6.350598e-10
3.811086e-10
2.237668e-10
1.285274e-10
7.220980e-11
3.967804e-11
2.132148e-11
1.120373e-11
5.756470e-12
2.891830e-12
1.420335e-12
6.820126e-13
3.201567e-13
1.469226e-13
6.591137e-14
2.890471e-14
1.239098e-14
5.192369e-15
2.126876e-15
8.515896e-16
3.332926e-16
1.275039e-16
4.767821e-17
1.742652e-17
6.225747e-18
2.173993e-18
7.420046e-19
2.475324e-19
8.071050e-20
2.572146e-20
8.011679e-21
2.438981e-21
7.256795e-22
2.110214e-22
5.997185e-23
1.249551e-06
3.366265e-06
7.819448e-06
1.602895e-05
2.919975e-05
4.738458e-05
6.856118e-05
8.848722e-05
1.018917e-04
1.046923e-04
9.599704e-05
7.856266e-05
5.739136e-05
3.743106e-05
2.180327e-05
1.135066e-05
5.289723e-06
2.215637e-06
8.429216e-07
2.995820e-07
1.066905e-07
4.341011e-08
2.261139e-08
1.452260e-08
1.023112e-08
7.339898e-09
5.214521e-09
3.638528e-09
2.488214e-09
1.666650e-09
1.093178e-09
7.020221e-10
4.413179e-10
2.715331e-10
1.634922e-10
9.631887e-11
5.551465e-11
3.129921e-11
1.726005e-11
9.308772e-12
4.909629e-12
2.532095e-12
1.276908e-12
6.296008e-13
3.035132e-13
1.430476e-13
6.591137e-14
2.968970e-14
1.307396e-14
5.628023e-15
2.368347e-15
9.742470e-16
3.917616e-16
1.539922e-16
5.916911e-17
2.222320e-17
8.158858e-18
2.927919e-18
1.027051e-18
3.521465e-19
1.180183e-19
3.866034e-20
1.237848e-20
3.873911e-21
1.184971e-21
3.542712e-22
1.035211e-22
2.956520e-23
1.160209e-06
3.033639e-06
6.976892e-06
1.424610e-05
2.590440e-05
4.199248e-05
6.071447e-05
7.831401e-05
9.013174e-05
9.256662e-05
8.484159e-05
6.940288e-05
5.067563e-05
3.303109e-05
1.922318e-05
9.992008e-06
4.642272e-06
1.931354e-06
7.230923e-07
2.470432e-07
8.011396e-08
2.721793e-08
1.138751e-08
6.338910e-09
4.232571e-09
2.998126e-09
2.129163e-09
1.489552e-09
1.021918e-09
6.867670e-10
4.519549e-10
2.912037e-10
1.836746e-10
1.133931e-10
6.850891e-11
4.050140e-11
2.342609e-11
1.325516e-11
7.336342e-12
3.971386e-12
2.102502e-12
1.088506e-12
5.510585e-13
2.727807e-13
1.320257e-13
6.247624e-14
2.890471e-14
1.307396e-14
5.781225e-15
2.499183e-15
1.056171e-15
4.363364e-16
1.762196e-16
6.957081e-17
2.684946e-17
1.012920e-17
3.735438e-18
1.346576e-18
4.745034e-19
1.634416e-19
5.502963e-20
1.811078e-20
5.826130e-21
1.831980e-21
5.630594e-22
1.691514e-22
4.966838e-23
1.425482e-23
1.052994e-06
2.717984e-06
6.221267e-06
1.267619e-05
2.302238e-05
3.729026e-05
5.388142e-05
6.946259e-05
7.990636e-05
8.202954e-05
7.515402e-05
6.145515e-05
4.485581e-05
2.922582e-05
1.699989e-05
8.829373e-06
4.096079e-06
1.698722e-06
6.311836e-07
2.114695e-07
6.513178e-08
1.952723e-08
6.544428e-09
2.928299e-09
1.752532e-09
1.202063e-09
8.492696e-10
5.951799e-10
4.096363e-10
2.762413e-10
1.824231e-10
1.179467e-10
7.465277e-11
4.624887e-11
2.804100e-11
1.663669e-11
9.657569e-12
5.484624e-12
3.046903e-12
1.655626e-12
8.798759e-13
4.573028e-13
2.324243e-13
1.155128e-13
5.613435e-14
2.667221e-14
1.239098e-14
5.628023e-15
2.499183e-15
1.084983e-15
4.604919e-16
1.910682e-16
7.750255e-17
3.073259e-17
1.191332e-17
4.514534e-18
1.672380e-18
6.056122e-19
2.143820e-19
7.418430e-20
2.509353e-20
8.297238e-21
2.681780e-21
8.472789e-22
2.616608e-22
7.898699e-23
2.330623e-23
6.721761e-24
9.474450e-07
2.431366e-06
5.551600e-06
1.129685e-05
2.049916e-05
3.318042e-05
4.791496e-05
6.173883e-05
7.098835e-05
7.284398e-05
6.671293e-05
5.453365e-05
3.979090e-05
2.591753e-05
1.507035e-05
7.823717e-06
3.626898e-06
1.501934e-06
5.561353e-07
1.846465e-07
5.545267e-08
1.549353e-08
4.386670e-09
1.517235e-09
7.484276e-10
4.770574e-10
3.315233e-10
2.321942e-10
1.602720e-10
1.084629e-10
7.188531e-11
4.664573e-11
2.963031e-11
1.842299e-11
1.121066e-11
6.675697e-12
3.889617e-12
2.217248e-12
1.236445e-12
6.744482e-13
3.598316e-13
1.877564e-13
9.580908e-14
4.780903e-14
2.332829e-14
1.113030e-14
5.192369e-15
2.368347e-15
1.056171e-15
4.604919e-16
1.962909e-16
8.180141e-17
3.332711e-17
1.327409e-17
5.168648e-18
1.967477e-18
7.321471e-19
2.663416e-19
9.471698e-20
3.292766e-20
1.119011e-20
3.717440e-21
1.207220e-21
3.832279e-22
1.189193e-22
3.607175e-23
1.069541e-23
3.099837e-24
8.502516e-07
2.175773e-06
4.960821e-06
1.008512e-05
1.828686e-05
2.958092e-05
4.269318e-05
5.498283e-05
6.319131e-05
6.481625e-05
5.933858e-05
4.848912e-05
3.536956e-05
2.303118e-05
1.338834e-05
6.948439e-06
3.219854e-06
1.332440e-06
4.926104e-07
1.628996e-07
4.836372e-08
1.305430e-08
3.343923e-09
9.247633e-10
3.477564e-10
1.910386e-10
1.272147e-10
8.851801e-11
6.121438e-11
4.157123e-11
2.765492e-11
1.801231e-11
1.148456e-11
7.167342e-12
4.377779e-12
2.616700e-12
1.530424e-12
8.757544e-13
4.902568e-13
2.684705e-13
1.438023e-13
7.533544e-14
3.859833e-14
1.933963e-14
9.475802e-15
4.539969e-15
2.126876e-15
9.742470e-16
4.363364e-16
1.910682e-16
8.180141e-17
3.423975e-17
1.401169e-17
5.605767e-18
2.192595e-18
8.384084e-19
3.134169e-19
1.145393e-19
4.092118e-20
1.429220e-20
4.879824e-21
1.628768e-21
5.314477e-22
1.695135e-22
5.285504e-23
1.611028e-23
4.800094e-24
1.398049e-24
7.630075e-07
1.949405e-06
4.440183e-06
9.019600e-06
1.634384e-05
2.642208e-05
3.811343e-05
4.906044e-05
5.635926e-05
5.778470e-05
5.288151e-05
4.319807e-05
3.150053e-05
2.050624e-05
1.191759e-05
6.183658e-06
2.864713e-06
1.185040e-06
4.378053e-07
1.445244e-07
4.269573e-08
1.134748e-08
2.765426e-09
6.614260e-10
1.878712e-10
8.036348e-11
4.850609e-11
3.304545e-11
2.283185e-11
1.555405e-11
1.038663e-11
6.791305e-12
4.346842e-12
2.723258e-12
1.669768e-12
1.001920e-12
5.882707e-13
3.379451e-13
1.899329e-13
1.044244e-13
5.615865e-14
2.954017e-14
1.519717e-14
7.646105e-15
3.762040e-15
1.810058e-15
8.515896e-16
3.917616e-16
1.762196e-16
7.750255e-17
3.332711e-17
1.401169e-17
5.759540e-18
2.314635e-18
9.094299e-19
3.493356e-19
1.311894e-19
4.816511e-20
1.728783e-20
6.066225e-21
2.080957e-21
6.978638e-22
2.287902e-22
7.332628e-23
2.297385e-23
7.036484e-24
2.106793e-24
6.166353e-25
6.854297e-07
1.749296e-06
3.981076e-06
8.081241e-06
1.463418e-05
2.364444e-05
3.408856e-05
4.385806e-05
5.036029e-05
5.161282e-05
4.721568e-05
3.855671e-05
2.810747e-05
1.829245e-05
1.062843e-05
5.513553e-06
2.553741e-06
1.056155e-06
3.900516e-07
1.286625e-07
3.793051e-08
1.001513e-08
2.387127e-09
5.295230e-10
1.220422e-10
3.799413e-11
1.884835e-11
1.214613e-11
8.323868e-12
5.681880e-12
3.808472e-12
2.500106e-12
1.606604e-12
1.010523e-12
6.220593e-13
3.747387e-13
2.209009e-13
1.274091e-13
7.189514e-14
3.968803e-14
2.143123e-14
1.131961e-14
5.847698e-15
2.954488e-15
1.459826e-15
7.053770e-16
3.332926e-16
1.539922e-16
6.957081e-17
3.073259e-17
1.327409e-17
5.605767e-18
2.314635e-18
9.344161e-19
3.688098e-19
1.423193e-19
5.369324e-20
1.980457e-20
7.141626e-21
2.517741e-21
8.677677e-22
2.923956e-22
9.631847e-23
3.101817e-23
9.765336e-24
3.005516e-24
9.042907e-25
2.659813e-25
6.166380e-07
1.572344e-06
3.575677e-06
7.253419e-06
1.312698e-05
2.119719e-05
3.054428e-05
3.927898e-05
4.508223e-05
4.618459e-05
4.223413e-05
3.447705e-05
2.512575e-05
1.634747e-05
9.496040e-06
4.925063e-06
2.280730e-06
9.430728e-07
3.482151e-07
1.148212e-07
3.382047e-08
8.906014e-09
2.103222e-09
4.510296e-10
9.243383e-11
2.161996e-11
7.867372e-12
4.455946e-12
2.973523e-12
2.027215e-12
1.363384e-12
8.986321e-13
5.798473e-13
3.662042e-13
2.263467e-13
1.369095e-13
8.103390e-14
4.692877e-14
2.658987e-14
1.473888e-14
7.991943e-15
4.238871e-15
2.199029e-15
1.115757e-15
5.536614e-16
2.686797e-16
1.275039e-16
5.916911e-17
2.684946e-17
1.191332e-17
5.168648e-18
2.192595e-18
9.094299e-19
3.688098e-19
1.462352e-19
5.669078e-20
2.148714e-20
7.962443e-21
2.884771e-21
1.021809e-21
3.538491e-22
1.197989e-22
3.965248e-23
1.283120e-23
4.059202e-24
1.255414e-24
3.795796e-25
1.121982e-25
5.556370e-07
1.415675e-06
3.217101e-06
6.521766e-06
1.179573e-05
1.903686e-05
2.741711e-05
3.524063e-05
4.042932e-05
4.140104e-05
3.784564e-05
3.088408e-05
2.250039e-05
1.463530e-05
8.499374e-06
4.407194e-06
2.040526e-06
8.436076e-07
3.114388e-07
1.026740e-07
3.023089e-08
7.952182e-09
1.871047e-09
3.956843e-10
7.680258e-11
1.494988e-11
3.826098e-12
1.685975e-12
1.047632e-12
7.071442e-13
4.765781e-13
3.153738e-13
2.043536e-13
1.296027e-13
8.044090e-14
4.885867e-14
2.903880e-14
1.688717e-14
9.608263e-15
5.348251e-15
2.912243e-15
1.551188e-15
8.081576e-16
4.118112e-16
2.052339e-16
1.000297e-16
4.767821e-17
2.222320e-17
1.012920e-17
4.514534e-18
1.967477e-18
8.384084e-19
3.493356e-19
1.423193e-19
5.669078e-20
2.207918e-20
8.407562e-21
3.130182e-21
1.139402e-21
4.054981e-22
1.410916e-22
4.799660e-23
1.596297e-23
5.190478e-24
1.650017e-24
5.128072e-25
1.558122e-25
4.628377e-26
5.014840e-07
1.276741e-06
2.899373e-06
5.873905e-06
1.061766e-05
1.712615e-05
2.465266e-05
3.167231e-05
3.631966e-05
3.717755e-05
3.397220e-05
2.771371e-05
2.018440e-05
1.312521e-05
7.620497e-06
3.950598e-06
1.828770e-06
7.559362e-07
2.790317e-07
9.197688e-08
2.707594e-08
7.119106e-09
1.672631e-09
3.517993e-10
6.677150e-11
1.186836e-11
2.306546e-12
7.035616e-13
3.702993e-13
2.418429e-13
1.627287e-13
1.080699e-13
7.032514e-14
4.479318e-14
2.792113e-14
1.703124e-14
1.016545e-14
5.936726e-15
3.392184e-15
1.896249e-15
1.036973e-15
5.547144e-16
2.902523e-16
1.485468e-16
7.435515e-17
3.639983e-17
1.742652e-17
8.158858e-18
3.735438e-18
1.672380e-18
7.321471e-19
3.134169e-19
1.311894e-19
5.369324e-20
2.148714e-20
8.407562e-21
3.216538e-21
1.203177e-21
4.400367e-22
1.573485e-22
5.501066e-23
1.880349e-23
6.283970e-24
2.053198e-24
6.558819e-25
2.048406e-25
6.254606e-26
1.867137e-26
4.533360e-07
1.153320e-06
2.617328e-06
5.299180e-06
9.573202e-06
1.543307e-05
2.220429e-05
2.851339e-05
3.268300e-05
3.344153e-05
3.054695e-05
2.491101e-05
1.813751e-05
1.179087e-05
6.844052e-06
3.547280e-06
1.641747e-06
6.785128e-07
2.504165e-07
8.253388e-08
2.429294e-08
6.386047e-09
1.499558e-09
3.147473e-10
5.922503e-11
1.013262e-11
1.687971e-12
3.552560e-13
1.369141e-13
8.172294e-14
5.433554e-14
3.616380e-14
2.363190e-14
1.511855e-14
9.465323e-15
5.798832e-15
3.476194e-15
2.038934e-15
1.170075e-15
6.569161e-16
3.608003e-16
1.938473e-16
1.018744e-16
5.236735e-17
2.632848e-17
1.294619e-17
6.225747e-18
2.927919e-18
1.346576e-18
6.056122e-19
2.663416e-19
1.145393e-19
4.816511e-20
1.980457e-20
7.962443e-21
3.130182e-21
1.203177e-21
4.521910e-22
1.661660e-22
5.970162e-23
2.097252e-23
7.203307e-24
2.418951e-24
7.942063e-25
2.549459e-25
8.001454e-26
2.455245e-26
7.365907e-27
4.104552e-07
1.043487e-06
2.366509e-06
4.788411e-06
8.645512e-06
1.393007e-05
2.003187e-05
2.571177e-05
2.945899e-05
3.013065e-05
2.751250e-05
2.242879e-05
1.632515e-05
1.060969e-05
6.156860e-06
3.190379e-06
1.476269e-06
6.100158e-07
2.251026e-07
7.418130e-08
2.183200e-08
5.738413e-09
1.347164e-09
2.825432e-10
5.299571e-11
8.935086e-12
1.390264e-12
2.271766e-13
5.754667e-14
2.786701e-14
1.779773e-14
1.182228e-14
7.754599e-15
4.983145e-15
3.133841e-15
1.928488e-15
1.161191e-15
6.840985e-16
3.943130e-16
2.223560e-16
1.226646e-16
6.619574e-17
3.494289e-17
1.804201e-17
9.111478e-18
4.500411e-18
2.173993e-18
1.027051e-18
4.745034e-19
2.143820e-19
9.471698e-20
4.092118e-20
1.728783e-20
7.141626e-21
2.884771e-21
1.139402e-21
4.400367e-22
1.661660e-22
6.135248e-23
2.214906e-23
7.818219e-24
2.698277e-24
9.105178e-25
3.004076e-25
9.690625e-26
3.056396e-26
9.425066e-27
2.841701e-27
3.722002e-07
9.455742e-07
2.143066e-06
4.333674e-06
7.820066e-06
1.259344e-05
1.810084e-05
2.322256e-05
2.659566e-05
2.719125e-05
2.481941e-05
2.022648e-05
1.471759e-05
9.562222e-06
5.547581e-06
2.873996e-06
1.329597e-06
5.493095e-07
2.026698e-07
6.677987e-08
1.965153e-08
5.164779e-09
1.212347e-09
2.541923e-10
4.762318e-11
7.986672e-12
1.210287e-12
1.745157e-13
3.037953e-14
1.010454e-14
5.771186e-15
3.780005e-15
2.485099e-15
1.603948e-15
1.013329e-15
6.264234e-16
3.788944e-16
2.242261e-16
1.298240e-16
7.353701e-17
4.074922e-17
2.208892e-17
1.171256e-17
6.074793e-18
3.081735e-18
1.529064e-18
7.420046e-19
3.521465e-19
1.634416e-19
7.418430e-20
3.292766e-20
1.429220e-20
6.066225e-21
2.517741e-21
1.021809e-21
4.054981e-22
1.573485e-22
5.970162e-23
2.214906e-23
8.034632e-24
2.849803e-24
9.883223e-25
3.351309e-25
1.111118e-25
3.601922e-26
1.141659e-26
3.538082e-27
1.072098e-27
3.380142e-07
8.581399e-07
1.943667e-06
3.928120e-06
7.084314e-06
1.140266e-05
1.638137e-05
2.100705e-05
2.404818e-05
2.457708e-05
2.242509e-05
1.826908e-05
1.328918e-05
8.631711e-06
5.006442e-06
2.593045e-06
1.199369e-06
4.954157e-07
1.827560e-07
6.020998e-08
1.771615e-08
4.655681e-09
1.092748e-09
2.290853e-10
4.290153e-11
7.181410e-12
1.077964e-12
1.478037e-13
2.055481e-14
4.307288e-15
1.900732e-15
1.186239e-15
7.780716e-16
5.041743e-16
3.199994e-16
1.987402e-16
1.207646e-16
7.179566e-17
4.175881e-17
2.376153e-17
1.322696e-17
7.202566e-18
3.836526e-18
1.998917e-18
1.018685e-18
5.077589e-19
2.475324e-19
1.180183e-19
5.502963e-20
2.509353e-20
1.119011e-20
4.879824e-21
2.080957e-21
8.677677e-22
3.538491e-22
1.410916e-22
5.501066e-23
2.097252e-23
7.818219e-24
2.849803e-24
1.015706e-24
3.539686e-25
1.206153e-25
4.018638e-26
1.309163e-26
4.170120e-27
1.298815e-27
3.955492e-28
3.074138e-07
7.799316e-07
1.765426e-06
3.565816e-06
6.427395e-06
1.034003e-05
1.484766e-05
1.903175e-05
2.177784e-05
2.224815e-05
2.029275e-05
1.652638e-05
1.201779e-05
7.803686e-06
4.525006e-06
2.343136e-06
1.083548e-06
4.474894e-07
1.650489e-07
5.436849e-08
1.599543e-08
4.203069e-09
9.864326e-10
2.067801e-10
3.871805e-11
6.476960e-12
9.690501e-13
1.304805e-13
1.643102e-14
2.387141e-15
6.782091e-16
3.692592e-16
2.382968e-16
1.547824e-16
9.868930e-17
6.158321e-17
3.759762e-17
2.245676e-17
1.312239e-17
7.501479e-18
4.195028e-18
2.294890e-18
1.228038e-18
6.427901e-19
3.290925e-19
1.647946e-19
8.071050e-20
3.866034e-20
1.811078e-20
8.297238e-21
3.717440e-21
1.628768e-21
6.978638e-22
2.923956e-22
1.197989e-22
4.799660e-23
1.880349e-23
7.203307e-24
2.698277e-24
9.883223e-25
3.539686e-25
1.239602e-25
4.244725e-26
1.421233e-26
4.652970e-27
1.489527e-27
4.662602e-28
1.427214e-28
2.799786e-07
7.098616e-07
1.605835e-06
3.241616e-06
5.839888e-06
9.390156e-06
1.347735e-05
1.726767e-05
1.975108e-05
2.016985e-05
1.839052e-05
1.497222e-05
1.088427e-05
7.065628e-06
4.095971e-06
2.120469e-06
9.803682e-07
4.047999e-07
1.492782e-07
4.916620e-08
1.446306e-08
3.800015e-09
8.917626e-10
1.869218e-10
3.499680e-11
5.853116e-12
8.747591e-13
1.170612e-13
1.420905e-14
1.700152e-15
2.949516e-16
1.175800e-16
7.166581e-17
4.642786e-17
2.972489e-17
1.863761e-17
1.143329e-17
6.861583e-18
4.028486e-18
2.313749e-18
1.299980e-18
7.144824e-19
3.841199e-19
2.019988e-19
1.039019e-19
5.227292e-20
2.572146e-20
1.237848e-20
5.826130e-21
2.681780e-21
1.207220e-21
5.314477e-22
2.287902e-22
9.631847e-23
3.965248e-23
1.596297e-23
6.283970e-24
2.418951e-24
9.105178e-25
3.351309e-25
1.206153e-25
4.244725e-26
1.460680e-26
4.914955e-27
1.617133e-27
5.202854e-28
1.636905e-28
5.036441e-29
2.553423e-07
6.469831e-07
1.462713e-06
2.951043e-06
5.313607e-06
8.539704e-06
1.225104e-05
1.568966e-05
1.793881e-05
1.831218e-05
1.669079e-05
1.358393e-05
9.872001e-06
6.406687e-06
3.713011e-06
1.921753e-06
8.883020e-07
3.667136e-07
1.352096e-07
4.452577e-08
1.309628e-08
3.440525e-09
8.073267e-10
1.692110e-10
3.167890e-11
5.297702e-12
7.914654e-13
1.057020e-13
1.267169e-14
1.402857e-15
1.718394e-16
4.141441e-17
2.142153e-17
1.362389e-17
8.744643e-18
5.508890e-18
3.395971e-18
2.047960e-18
1.208165e-18
6.972270e-19
3.936029e-19
2.173548e-19
1.174076e-19
6.203367e-20
3.205905e-20
1.620516e-20
8.011679e-21
3.873911e-21
1.831980e-21
8.472789e-22
3.832279e-22
1.695135e-22
7.332628e-23
3.101817e-23
1.283120e-23
5.190478e-24
2.053198e-24
7.942063e-25
3.004076e-25
1.111118e-25
4.018638e-26
1.421233e-26
4.914955e-27
1.662051e-27
5.496001e-28
1.777221e-28
5.620267e-29
1.738396e-29
2.331854e-07
5.904704e-07
1.334162e-06
2.690202e-06
4.841427e-06
7.777058e-06
1.115185e-05
1.427582e-05
1.631573e-05
1.664905e-05
1.516957e-05
1.234183e-05
8.966574e-06
5.817442e-06
3.370632e-06
1.744130e-06
8.060221e-07
3.326806e-07
1.226397e-07
4.038006e-08
1.187529e-08
3.119395e-09
7.319022e-10
1.533906e-10
2.871533e-11
4.801824e-12
7.172902e-13
9.573455e-14
1.143099e-14
1.232107e-15
1.279973e-16
1.846167e-17
6.600014e-18
3.927334e-18
2.513601e-18
1.590335e-18
9.852121e-19
5.970753e-19
3.539627e-19
2.052640e-19
1.164371e-19
6.460822e-20
3.506657e-20
1.861653e-20
9.667037e-21
4.909835e-21
2.438981e-21
1.184971e-21
5.630594e-22
2.616608e-22
1.189193e-22
5.285504e-23
2.297385e-23
9.765336e-24
4.059202e-24
1.650017e-24
6.558819e-25
2.549459e-25
9.690625e-26
3.601922e-26
1.309163e-26
4.652970e-27
1.617133e-27
5.496001e-28
1.826614e-28
5.937071e-29
1.887440e-29
5.870074e-30
2.132283e-07
5.396021e-07
1.218520e-06
2.455689e-06
4.417134e-06
7.092093e-06
1.016507e-05
1.300711e-05
1.485983e-05
1.515776e-05
1.380599e-05
1.122877e-05
8.155445e-06
5.289697e-06
3.064058e-06
1.585113e-06
7.323741e-07
3.022226e-07
1.113916e-07
3.667066e-08
1.078288e-08
2.832098e-09
6.644260e-10
1.392375e-10
2.606411e-11
4.358259e-12
6.509922e-13
8.686815e-14
1.035947e-14
1.107122e-15
1.082729e-16
1.129499e-17
2.300921e-18
1.127422e-18
7.068753e-19
4.484366e-19
2.791656e-19
1.700348e-19
1.013039e-19
5.903681e-20
3.365334e-20
1.876459e-20
1.023412e-20
5.459531e-21
2.848691e-21
1.453823e-21
7.256795e-22
3.542712e-22
1.691514e-22
7.898699e-23
3.607175e-23
1.611028e-23
7.036484e-24
3.005516e-24
1.255414e-24
5.128072e-25
2.048406e-25
8.001454e-26
3.056396e-26
1.141659e-26
4.170120e-27
1.489527e-27
5.202854e-28
1.777221e-28
5.937071e-29
1.939907e-29
6.200892e-30
1.939785e-30
1.952263e-07
4.937469e-07
1.114338e-06
2.244533e-06
4.035297e-06
6.475967e-06
9.277868e-06
1.186690e-05
1.355190e-05
1.381852e-05
1.258185e-05
1.022984e-05
7.427684e-06
4.816314e-06
2.789126e-06
1.442537e-06
6.663526e-07
2.749227e-07
1.013111e-07
3.334668e-08
9.804059e-09
2.574689e-09
6.039715e-10
1.265573e-10
2.368881e-11
3.960864e-12
5.916073e-13
7.893793e-14
9.410204e-15
1.003059e-15
9.620525e-17
8.739656e-18
1.054752e-18
3.362865e-19
1.953478e-19
1.235534e-19
7.726129e-20
4.729748e-20
2.832191e-20
1.658805e-20
9.502970e-21
5.324944e-21
2.918503e-21
1.564553e-21
8.203506e-22
4.207080e-22
2.110214e-22
1.035211e-22
4.966838e-23
2.330623e-23
1.069541e-23
4.800094e-24
2.106793e-24
9.042907e-25
3.795796e-25
1.558122e-25
6.254606e-26
2.455245e-26
9.425066e-27
3.538082e-27
1.298815e-27
4.662602e-28
1.636905e-28
5.620267e-29
1.887440e-29
6.200892e-30
1.993661e-30
6.276885e-31
1.789647e-07
4.523512e-07
1.020344e-06
2.054131e-06
3.691166e-06
5.920947e-06
8.479008e-06
1.084066e-05
1.237515e-05
1.261404e-05
1.148124e-05
9.331989e-06
6.773747e-06
4.391059e-06
2.542202e-06
1.314513e-06
6.070801e-07
2.504175e-07
9.226377e-08
3.036371e-08
8.925735e-09
2.343724e-09
5.497301e-10
1.151806e-10
2.155768e-11
3.604316e-12
5.383282e-13
7.182595e-14
8.561376e-15
9.118793e-16
8.694719e-17
7.537098e-18
6.757322e-19
1.162813e-19
5.386025e-20
3.330513e-20
2.088631e-20
1.285054e-20
7.734567e-21
4.553237e-21
2.621657e-21
1.476409e-21
8.132311e-22
4.381228e-22
2.308601e-22
1.189784e-22
5.997185e-23
2.956520e-23
1.425482e-23
6.721761e-24
3.099837e-24
1.398049e-24
6.166353e-25
2.659813e-25
1.121982e-25
4.628377e-26
1.867137e-26
7.365907e-27
2.841701e-27
1.072098e-27
3.955492e-28
1.427214e-28
5.036441e-29
1.738396e-29
5.870074e-30
1.939785e-30
6.276885e-31
1.991145e-31
