R1,R2,R3,ETriat,E,ENew
2.300000,10.000000,9.864187,9.801732,0.668377,0.668377
10.000000,2.300000,9.864187,9.801732,0.668377,0.668377
2.150000,10.000000,9.856755,9.797706,0.001896,0.001896
10.000000,2.150000,9.856755,9.797706,0.001896,0.001896
2.000000,10.000000,9.851603,9.820704,0.039991,0.039991
10.000000,2.000000,9.851603,9.820704,0.039991,0.039991
2.150000,8.000000,7.915112,9.801560,0.000126,0.000126
8.000000,2.150000,7.915112,9.801560,0.000126,0.000126
2.000000,8.000000,7.902105,9.824708,0.038330,0.038330
8.000000,2.000000,7.902105,9.824708,0.038330,0.038330
1.900000,4.000000,4.119532,12.127899,1.840185,1.840185
4.000000,1.900000,4.119532,12.127899,1.840185,1.840185
1.900000,8.000000,7.895004,9.857395,0.716449,0.716449
8.000000,1.900000,7.895004,9.857395,0.716449,0.716449
2.000000,2.800000,3.145654,24.754414,6.254567,6.254567
2.800000,2.000000,3.145654,24.754414,6.254567,6.254567
2.000000,4.000000,4.149895,12.056032,1.151637,1.151637
4.000000,2.000000,4.149895,12.056032,1.151637,1.151637
2.300000,3.000000,3.448718,19.456809,4.333654,4.333654
3.000000,2.300000,3.448718,19.456809,4.333654,4.333654
2.500000,4.000000,4.333248,11.795868,3.054776,3.054776
4.000000,2.500000,4.333248,11.795868,3.054776,3.054776
2.800000,3.000000,3.731315,16.149557,5.480338,5.480338
3.000000,2.800000,3.731315,16.149557,5.480338,5.480338
1.900000,3.500000,3.681098,15.341906,3.292398,3.292398
3.500000,1.900000,3.681098,15.341906,3.292398,3.292398
2.000000,2.150000,2.670042,37.935711,11.912175,11.912175
2.150000,2.000000,2.670042,37.935711,11.912175,11.912175
2.000000,3.500000,3.717382,15.162098,2.550081,2.550081
3.500000,2.000000,3.717382,15.162098,2.550081,2.550081
2.000000,6.000000,5.986021,9.892131,0.058490,0.058490
6.000000,2.000000,5.986021,9.892131,0.058490,0.058490
2.150000,2.500000,3.000964,28.344928,6.696429,6.696429
2.500000,2.150000,3.000964,28.344928,6.696429,6.696429
2.150000,6.000000,6.011853,9.868740,0.020816,0.020816
6.000000,2.150000,6.011853,9.868740,0.020816,0.020816
2.300000,2.800000,3.300517,21.936947,4.850791,4.850791
2.800000,2.300000,3.300517,21.936947,4.850791,4.850791
2.300000,5.000000,5.127972,10.173490,0.846748,0.846748
5.000000,2.300000,5.127972,10.173490,0.846748,0.846748
2.500000,2.800000,3.414517,20.134233,4.892002,4.892002
2.800000,2.500000,3.414517,20.134233,4.892002,4.892002
2.500000,5.000000,5.187369,10.188983,2.245593,2.245593
5.000000,2.500000,5.187369,10.188983,2.245593,2.245593
1.900000,5.000000,5.030973,10.238120,0.894952,0.894952
5.000000,1.900000,5.030973,10.238120,0.894952,0.894952
2.000000,2.300000,2.773524,34.589591,10.010157,10.010157
2.300000,2.000000,2.773524,34.589591,10.010157,10.010157
2.000000,3.000000,3.303971,21.410099,5.061444,5.061444
3.000000,2.000000,3.303971,21.410099,5.061444,5.061444
2.150000,2.800000,3.220524,23.347170,5.221697,5.221697
2.800000,2.150000,3.220524,23.347170,5.221697,5.221697
2.300000,2.500000,3.089182,26.335805,5.884122,5.884122
2.500000,2.300000,3.089182,26.335805,5.884122,5.884122
2.300000,3.500000,3.839826,14.610644,2.886447,2.886447
3.500000,2.300000,3.839826,14.610644,2.886447,2.886447
2.300000,8.000000,7.930936,9.805441,0.666511,0.666511
8.000000,2.300000,7.930936,9.805441,0.666511,0.666511
2.500000,3.000000,3.556020,18.081808,4.684388,4.684388
3.000000,2.500000,3.556020,18.081808,4.684388,4.684388
1.900000,6.000000,5.970831,9.924809,0.736131,0.736131
6.000000,1.900000,5.970831,9.924809,0.736131,0.736131
1.900000,10.000000,9.849435,9.853290,0.718033,0.718033
10.000000,1.900000,9.849435,9.853290,0.718033,0.718033
2.000000,2.500000,2.917793,30.389316,8.211183,8.211183
2.500000,2.000000,2.917793,30.389316,8.211183,8.211183
2.000000,5.000000,5.052429,10.203754,0.218574,0.218574
5.000000,2.000000,5.052429,10.203754,0.218574,0.218574
2.150000,2.300000,2.862712,32.126618,8.177097,8.177097
2.300000,2.150000,2.862712,32.126618,8.177097,8.177097
2.300000,4.000000,4.253807,11.889083,1.717939,1.717939
4.000000,2.300000,4.253807,11.889083,1.717939,1.717939
2.300000,6.000000,6.041300,9.872083,0.687507,0.687507
6.000000,2.300000,6.041300,9.872083,0.687507,0.687507
2.500000,3.500000,3.932068,14.188631,3.986160,3.986160
3.500000,2.500000,3.932068,14.188631,3.986160,3.986160
2.500000,10.000000,9.877631,9.829030,2.071350,2.071350
10.000000,2.500000,9.877631,9.829030,2.071350,2.071350
1.600000,5.000000,4.978115,10.330852,9.124025,9.124025
5.000000,1.600000,4.978115,10.330852,9.124025,9.124025
1.700000,3.000000,3.181004,22.955455,10.643780,10.643780
3.000000,1.700000,3.181004,22.955455,10.643780,10.643780
1.700000,5.000000,4.993794,10.305164,4.940596,4.940596
5.000000,1.700000,4.993794,10.305164,4.940596,4.940596
1.800000,2.500000,2.815522,33.088507,12.266636,12.266636
2.500000,1.800000,2.815522,33.088507,12.266636,12.266636
1.800000,5.000000,5.011420,10.278115,2.360367,2.360367
5.000000,1.800000,5.011420,10.278115,2.360367,2.360367
1.600000,4.000000,4.041943,12.287631,10.063063,10.063063
4.000000,1.600000,4.041943,12.287631,10.063063,10.063063
1.600000,10.000000,9.849023,9.953163,8.963348,8.963348
10.000000,1.600000,9.849023,9.953163,8.963348,8.963348
1.700000,3.500000,3.615742,15.657139,7.428103,7.428103
3.500000,1.700000,3.615742,15.657139,7.428103,7.428103
1.700000,8.000000,7.884591,9.924613,4.768539,4.768539
8.000000,1.700000,7.884591,9.924613,4.768539,4.768539
1.800000,3.000000,3.219410,22.485742,7.813462,7.813462
3.000000,1.800000,3.219410,22.485742,7.813462,7.813462
1.800000,8.000000,7.889166,9.896851,2.184567,2.184567
8.000000,1.800000,7.889166,9.896851,2.184567,2.184567
1.600000,3.500000,3.586801,15.746636,11.598779,11.598779
3.500000,1.600000,3.586801,15.746636,11.598779,11.598779
1.600000,8.000000,7.881282,9.957047,8.961497,8.961497
8.000000,1.600000,7.881282,9.957047,8.961497,8.961497
1.700000,4.000000,4.065512,12.254530,5.895836,5.895836
4.000000,1.700000,4.065512,12.254530,5.895836,5.895836
1.700000,10.000000,9.848145,9.920327,4.769977,4.769977
10.000000,1.700000,9.848145,9.920327,4.769977,4.769977
1.800000,3.500000,3.647195,15.513478,4.809845,4.809845
3.500000,1.800000,3.647195,15.513478,4.809845,4.809845
1.800000,6.000000,5.957281,9.964106,2.203660,2.203660
6.000000,1.800000,5.957281,9.964106,2.203660,2.203660
1.600000,6.000000,5.935146,10.022000,8.977560,8.977560
6.000000,1.600000,5.935146,10.022000,8.977560,8.977560
1.700000,2.800000,3.012784,27.176948,12.530262,12.530262
2.800000,1.700000,3.012784,27.176948,12.530262,12.530262
1.700000,6.000000,5.945383,9.991538,4.786914,4.786914
6.000000,1.700000,5.945383,9.991538,4.786914,4.786914
1.800000,2.800000,3.054444,26.523077,9.575399,9.575399
2.800000,1.800000,3.054444,26.523077,9.575399,9.575399
1.800000,4.000000,4.091389,12.200494,3.313126,3.313126
4.000000,1.800000,4.091389,12.200494,3.313126,3.313126
