R1,R2,R3,ETriat,E,ENew
1.511781,2.951896,1.511784,20.416364,46.289936,46.289936
1.511784,2.951896,1.511781,20.416364,46.289936,46.289936
1.511781,3.136658,1.700761,19.970169,35.038422,35.038422
1.700761,3.136658,1.511781,19.970169,35.038422,35.038422
1.511781,3.321890,1.889731,19.259578,29.586035,29.586035
1.889731,3.321890,1.511781,19.259578,29.586035,29.586035
1.511781,3.507520,2.078701,18.361296,27.025427,27.025427
2.078701,3.507520,1.511781,18.361296,27.025427,27.025427
1.511781,3.693490,2.267671,17.192117,25.713056,25.713056
2.267671,3.693490,1.511781,17.192117,25.713056,25.713056
1.511781,3.879749,2.456641,15.884407,24.956655,24.956655
2.456641,3.879749,1.511781,15.884407,24.956655,24.956655
1.511781,4.066263,2.645619,13.728604,23.612932,23.612932
2.645619,4.066263,1.511781,13.728604,23.612932,23.612932
1.511781,4.252990,2.834588,11.482118,22.230961,22.230961
2.834588,4.252990,1.511781,11.482118,22.230961,22.230961
1.511781,4.626990,3.212528,8.258275,20.583515,20.583515
3.212528,4.626990,1.511781,8.258275,20.583515,20.583515
1.511781,5.189084,3.779463,6.091445,19.944631,19.944631
3.779463,5.189084,1.511781,6.091445,19.944631,19.944631
1.511781,5.564343,4.157402,5.767559,20.035392,20.035392
4.157402,5.564343,1.511781,5.767559,20.035392,20.035392
1.511781,6.503855,5.102259,6.069756,20.523065,20.523065
5.102259,6.503855,1.511781,6.069756,20.523065,20.523065
1.511781,7.444721,6.047116,5.492361,19.969305,19.969305
6.047116,7.444721,1.511781,5.492361,19.969305,19.969305
1.889726,3.689869,1.889731,17.568986,11.933111,11.933111
1.889731,3.689869,1.889726,17.568986,11.933111,11.933111
1.889726,3.874576,2.078701,16.389169,8.843721,8.843721
2.078701,3.874576,1.889726,16.389169,8.843721,8.843721
1.889726,4.059675,2.267671,15.168826,7.253125,7.253125
2.267671,4.059675,1.889726,15.168826,7.253125,7.253125
1.889726,4.245116,2.456641,14.604924,7.057596,7.057596
2.456641,4.245116,1.889726,14.604924,7.057596,7.057596
1.889726,4.430859,2.645619,13.888442,7.022645,7.022645
2.645619,4.430859,1.889726,13.888442,7.022645,7.022645
1.889726,4.616860,2.834588,12.380568,6.296383,6.296383
2.834588,4.616860,1.889726,12.380568,6.296383,6.296383
1.889726,4.989531,3.212528,9.719669,5.141683,5.141683
3.212528,4.989531,1.889726,9.719669,5.141683,5.141683
1.889726,5.549898,3.779463,6.829081,3.763702,3.763702
3.779463,5.549898,1.889726,6.829081,3.763702,3.763702
1.889726,5.924155,4.157402,5.975726,3.323599,3.323599
4.157402,5.924155,1.889726,5.975726,3.323599,3.323599
1.889726,6.861568,5.102259,5.426414,2.955915,2.955915
5.102259,6.861568,1.889726,5.426414,2.955915,2.955915
1.889726,7.800778,6.047116,5.343768,2.895249,2.895249
6.047116,7.800778,1.889726,5.343768,2.895249,2.895249
2.267671,4.427837,2.267671,13.574318,3.062807,3.062807
2.267671,4.427837,2.267671,13.574318,3.062807,3.062807
2.267671,4.612510,2.456641,12.895102,2.667544,2.667544
2.456641,4.612510,2.267671,12.895102,2.667544,2.667544
2.267671,4.797521,2.645619,12.324023,2.729901,2.729901
2.645619,4.797521,2.267671,12.324023,2.729901,2.729901
2.267671,4.982826,2.834588,11.929525,3.092772,3.092772
2.834588,4.982826,2.267671,11.929525,3.092772,3.092772
2.267671,5.354204,3.212528,9.662370,2.317075,2.317075
3.212528,5.354204,2.267671,9.662370,2.317075,2.317075
2.267671,5.912853,3.779463,6.723464,0.887924,0.887924
3.779463,5.912853,2.267671,6.723464,0.887924,0.887924
2.267671,6.286095,4.157402,5.860472,0.436503,0.436503
4.157402,6.286095,2.267671,5.860472,0.436503,0.436503
2.267671,7.221343,5.102259,5.313242,0.067778,0.067778
5.102259,7.221343,2.267671,5.313242,0.067778,0.067778
2.267671,8.158805,6.047116,5.235705,0.011145,0.011145
6.047116,8.158805,2.267671,5.235705,0.011145,0.011145
2.645617,5.165810,2.645619,11.340039,2.627909,2.627909
2.645619,5.165810,2.645617,11.340039,2.627909,2.627909
2.645617,5.350457,2.834588,10.829135,2.870184,2.870184
2.834588,5.350457,2.645617,10.829135,2.870184,2.870184
2.645617,5.720599,3.212528,9.118222,2.648507,2.648507
3.212528,5.720599,2.645617,9.118222,2.648507,2.648507
2.645617,6.277577,3.779463,6.538622,1.576286,1.576286
3.779463,6.277577,2.645617,6.538622,1.576286,1.576286
2.645617,6.649816,4.157402,5.733512,1.181152,1.181152
4.157402,6.649816,2.645617,5.733512,1.181152,1.181152
2.645617,7.582885,5.102259,5.227906,0.851888,0.851888
5.102259,7.582885,2.645617,5.227906,0.851888,0.851888
2.645617,8.518553,6.047116,5.160660,0.804838,0.804838
6.047116,8.518553,2.645617,5.160660,0.804838,0.804838
3.023562,6.088407,3.212528,8.257024,3.307078,3.307078
3.212528,6.088407,3.023562,8.257024,3.307078,3.307078
3.023562,6.643780,3.779463,6.352133,2.907087,2.907087
3.779463,6.643780,3.023562,6.352133,2.907087,2.907087
3.023562,7.015041,4.157402,5.637045,2.600806,2.600806
4.157402,7.015041,3.023562,5.637045,2.600806,2.600806
3.023562,7.945954,5.102259,5.191385,2.330084,2.330084
5.102259,7.945954,3.023562,5.191385,2.330084,2.330084
3.023562,8.879813,6.047116,5.137665,2.296087,2.296087
6.047116,8.879813,3.023562,5.137665,2.296087,2.296087
3.779452,7.379738,3.779463,6.084577,4.859296,4.859296
3.779463,7.379738,3.779452,6.084577,4.859296,4.859296
3.779452,7.749152,4.157402,5.656161,4.838438,4.838438
4.157402,7.749152,3.779452,5.656161,4.838438,4.838438
3.779452,8.675905,5.102259,5.213693,4.569407,4.569407
5.102259,8.675905,3.779452,5.213693,4.569407,4.569407
3.779452,9.606185,6.047116,5.172013,4.546901,4.546901
6.047116,9.606185,3.779452,5.172013,4.546901,4.546901
4.535343,9.409952,5.102259,5.270958,5.166531,5.166531
5.102259,9.409952,4.535343,5.270958,5.166531,5.166531
4.535343,10.336791,6.047116,5.234622,5.149098,5.149098
6.047116,10.336791,4.535343,5.234622,5.149098,5.149098
5.291233,11.070793,6.047116,5.223303,5.181795,5.181795
6.047116,11.070793,5.291233,5.223303,5.181795,5.181795
