R1,R2,R3,ETriat,E,ENew
1.511781,3.020692,1.511788,20.615052,46.764165,46.764165
1.511788,3.020692,1.511781,20.615052,46.764165,46.764165
1.511781,3.209496,1.700762,20.267340,35.603587,35.603587
1.700762,3.209496,1.511781,20.267340,35.603587,35.603587
1.511781,3.398301,1.889718,19.552796,30.119414,30.119414
1.889718,3.398301,1.511781,19.552796,30.119414,30.119414
1.511781,3.587140,2.078691,18.088974,26.950104,26.950104
2.078691,3.587140,1.511781,18.088974,26.950104,26.950104
1.511781,3.775992,2.267665,16.827718,25.496148,25.496148
2.267665,3.775992,1.511781,16.827718,25.496148,25.496148
1.511781,3.964856,2.456638,15.461249,24.634026,24.634026
2.456638,3.964856,1.511781,15.461249,24.634026,24.634026
1.511781,4.153730,2.645612,13.652021,23.598665,23.598665
2.645612,4.153730,1.511781,13.652021,23.598665,23.598665
1.511781,4.342612,2.834585,11.310079,22.094147,22.094147
2.834585,4.342612,1.511781,11.310079,22.094147,22.094147
1.511781,4.720399,3.212532,7.932199,20.266523,20.266523
3.212532,4.720399,1.511781,7.932199,20.266523,20.266523
1.511781,5.287123,3.779453,5.918194,19.773646,19.773646
3.779453,5.287123,1.511781,5.918194,19.773646,19.773646
1.511781,5.664961,4.157400,5.688826,19.958594,19.958594
4.157400,5.664961,1.511781,5.688826,19.958594,19.958594
1.511781,6.609610,5.102269,6.201579,20.655759,20.655759
5.102269,6.609610,1.511781,6.201579,20.655759,20.655759
1.511781,7.554295,6.047118,5.482243,19.959505,19.959505
6.047118,7.554295,1.511781,5.482243,19.959505,19.959505
1.889718,3.775847,1.889726,17.117204,11.635850,11.635850
1.889726,3.775847,1.889718,17.117204,11.635850,11.635850
1.889726,3.964648,2.078691,16.069283,8.631020,8.631020
2.078691,3.964648,1.889726,16.069283,8.631020,8.631020
1.889726,4.153467,2.267665,15.101542,7.253385,7.253385
2.267665,4.153467,1.889726,15.101542,7.253385,7.253385
1.889726,4.342298,2.456638,14.514127,7.005560,7.005560
2.456638,4.342298,1.889726,14.514127,7.005560,7.005560
1.889726,4.531141,2.645612,13.418723,6.573349,6.573349
2.645612,4.531141,1.889726,13.418723,6.573349,6.573349
1.889726,4.719995,2.834585,12.279632,6.205665,6.205665
2.834585,4.719995,1.889726,12.279632,6.205665,6.205665
1.889726,5.097729,3.212532,9.476276,4.901576,4.901576
3.212532,5.097729,1.889726,9.476276,4.901576,4.901576
1.889726,5.664383,3.779453,6.718258,3.655075,3.655075
3.779453,5.664383,1.889726,6.718258,3.655075,3.655075
1.889726,6.042181,4.157400,5.918327,3.267963,3.267963
4.157400,6.042181,1.889726,5.918327,3.267963,3.267963
1.889726,6.986745,5.102269,5.413853,2.944033,2.944033
5.102269,6.986745,1.889726,5.413853,2.944033,2.944033
1.889726,7.931363,6.047118,5.340601,2.892343,2.892343
6.047118,7.931363,1.889726,5.340601,2.892343,2.892343
2.267665,4.531019,2.267671,13.612771,3.122433,3.122433
2.267671,4.531019,2.267665,13.612771,3.122433,3.122433
2.267671,4.719820,2.456638,12.963502,2.746683,2.746683
2.456638,4.719820,2.267671,12.963502,2.746683,2.746683
2.267671,4.908635,2.645612,12.351471,2.762945,2.762945
2.645612,4.908635,2.267671,12.351471,2.762945,2.762945
2.267671,5.097460,2.834585,11.684074,2.850800,2.850800
2.834585,5.097460,2.267671,11.684074,2.850800,2.850800
2.267671,5.475143,3.212532,9.472869,2.130132,2.130132
3.212532,5.475143,2.267671,9.472869,2.130132,2.130132
2.267671,6.041729,3.779453,6.642187,0.808567,0.808567
3.779453,6.041729,2.267671,6.642187,0.808567,0.808567
2.267671,6.419486,4.157400,5.817680,0.395090,0.395090
4.157400,6.419486,2.267671,5.817680,0.395090,0.395090
2.267671,7.363964,5.102269,5.302927,0.057978,0.057978
5.102269,7.363964,2.267671,5.302927,0.057978,0.057978
2.267671,8.308511,6.047118,5.232719,0.008369,0.008369
6.047118,8.308511,2.267671,5.232719,0.008369,0.008369
2.645612,5.286192,2.645617,11.142351,2.433030,2.433030
2.645617,5.286192,2.645612,11.142351,2.433030,2.433030
2.645617,5.474992,2.834585,10.579395,2.623052,2.623052
2.834585,5.474992,2.645617,10.579395,2.623052,2.623052
2.645617,5.852625,3.212532,8.856029,2.388626,2.388626
3.212532,5.852625,2.645617,8.856029,2.388626,2.388626
2.645617,6.419145,3.779453,6.441850,1.480971,1.480971
3.779453,6.419145,2.645617,6.441850,1.480971,1.480971
2.645617,6.796862,4.157400,5.683596,1.132237,1.132237
4.157400,6.796862,2.645617,5.683596,1.132237,1.132237
2.645617,7.741253,5.102269,5.214812,0.839182,0.839182
5.102269,7.741253,2.645617,5.214812,0.839182,0.839182
2.645617,8.685728,6.047118,5.156979,0.801325,0.801325
6.047118,8.685728,2.645617,5.156979,0.801325,0.801325
3.023562,6.230164,3.212532,8.037742,3.089606,3.089606
3.212532,6.230164,3.023562,8.037742,3.089606,3.089606
3.023562,6.796620,3.779453,6.222441,2.778426,2.778426
3.779453,6.796620,3.023562,6.222441,2.778426,2.778426
3.023562,7.174298,4.157400,5.572327,2.536801,2.536801
4.157400,7.174298,3.023562,5.572327,2.536801,2.536801
3.023562,8.118603,5.102269,5.176174,2.315167,2.315167
5.102269,8.118603,3.023562,5.176174,2.315167,2.315167
3.023562,9.063006,6.047118,5.136231,2.294786,2.294786
6.047118,9.063006,3.023562,5.136231,2.294786,2.294786
3.779452,7.551711,3.779453,6.064171,4.839392,4.839392
3.779453,7.551711,3.779452,6.064171,4.839392,4.839392
3.779452,7.929316,4.157400,5.493524,4.676169,4.676169
4.157400,7.929316,3.779452,5.493524,4.676169,4.676169
3.779452,8.873455,5.102269,5.196046,4.551931,4.551931
5.102269,8.873455,3.779452,5.196046,4.551931,4.551931
3.779452,9.817716,6.047118,5.171148,4.546120,4.546120
6.047118,9.817716,3.779452,5.171148,4.546120,4.546120
4.535343,9.628470,5.102269,5.269772,5.165447,5.165447
5.102269,9.628470,4.535343,5.269772,5.165447,5.165447
4.535343,10.572594,6.047118,5.235393,5.149922,5.149922
6.047118,10.572594,4.535343,5.235393,5.149922,5.149922
5.291233,11.327608,6.047118,5.223398,5.181925,5.181925
6.047118,11.327608,5.291233,5.223398,5.181925,5.181925
