R1,R2,R3,ETriat,E,ENew
1.511781,2.398759,1.511782,31.452575,55.351084,55.351084
1.511782,2.398759,1.511781,31.452575,55.351084,55.351084
1.511781,2.551270,1.700749,29.054897,41.836311,41.836311
1.700749,2.551270,1.511781,29.054897,41.836311,41.836311
1.511781,2.708394,1.889734,26.429031,34.391256,34.391256
1.889734,2.708394,1.511781,26.429031,34.391256,34.391256
1.511781,2.869350,2.078701,23.748718,30.150159,30.150159
2.078701,2.869350,1.511781,23.748718,30.150159,30.150159
1.511781,3.033540,2.267668,21.064152,27.561711,27.561711
2.267668,3.033540,1.511781,21.064152,27.561711,27.561711
1.511781,3.200464,2.456635,16.497008,23.879578,23.879578
2.456635,3.200464,1.511781,16.497008,23.879578,23.879578
1.511781,3.369744,2.645625,13.392356,21.963057,21.963057
2.645625,3.369744,1.511781,13.392356,21.963057,21.963057
1.511781,3.540992,2.834592,10.842359,20.642837,20.642837
2.834592,3.540992,1.511781,10.842359,20.642837,20.642837
1.511781,3.888416,3.212526,7.399736,19.331202,19.331202
3.212526,3.888416,1.511781,7.399736,19.331202,19.331202
1.511781,4.418978,3.779450,5.324405,19.111953,19.111953
3.779450,4.418978,1.511781,5.324405,19.111953,19.111953
1.511781,4.777328,4.157402,5.131084,19.375260,19.375260
4.157402,4.777328,1.511781,5.131084,19.375260,19.375260
1.511781,5.684306,5.102260,5.696538,20.138729,20.138729
5.102260,5.684306,1.511781,5.696538,20.138729,20.138729
1.511781,6.601918,6.047118,5.501731,19.974422,19.974422
6.047118,6.601918,1.511781,5.501731,19.974422,19.974422
1.889726,2.998447,1.889734,24.175724,16.383917,16.383917
1.889734,2.998447,1.889726,24.175724,16.383917,16.383917
1.889726,3.150465,2.078701,21.601357,12.189306,12.189306
2.078701,3.150465,1.889726,21.601357,12.189306,12.189306
1.889726,3.306295,2.267668,18.501961,9.074158,9.074158
2.267668,3.306295,1.889726,18.501961,9.074158,9.074158
1.889726,3.465424,2.456635,15.844221,7.152911,7.152911
2.456635,3.465424,1.889726,15.844221,7.152911,7.152911
1.889726,3.627444,2.645625,13.500358,5.827530,5.827530
2.645625,3.627444,1.889726,13.500358,5.827530,5.827530
1.889726,3.791934,2.834592,11.599261,4.984315,4.984315
2.834592,3.791934,1.889726,11.599261,4.984315,4.984315
1.889726,4.127209,3.212526,9.204486,4.438317,4.438317
3.212526,4.127209,1.889726,9.204486,4.438317,4.438317
1.889726,4.642452,3.779450,6.973571,3.873326,3.873326
3.779450,4.642452,1.889726,6.973571,3.873326,3.873326
1.889726,4.992173,4.157402,6.048284,3.376113,3.376113
4.157402,4.992173,1.889726,6.048284,3.376113,3.376113
1.889726,5.881761,5.102260,5.443988,2.963243,2.963243
5.102260,5.881761,1.889726,5.443988,2.963243,2.963243
1.889726,6.786307,6.047118,5.346853,2.894468,2.894468
6.047118,6.786307,1.889726,5.346853,2.894468,2.894468
2.267668,3.598124,2.267671,15.732679,4.349464,4.349464
2.267671,3.598124,2.267668,15.732679,4.349464,4.349464
2.267671,3.749805,2.456635,14.287238,3.459416,3.459416
2.456635,3.749805,2.267671,14.287238,3.459416,3.459416
2.267671,3.904767,2.645625,13.112656,3.130846,3.130846
2.645625,3.904767,2.267671,13.112656,3.130846,3.130846
2.267671,4.062585,2.834592,11.531998,2.459222,2.459222
2.834592,4.062585,2.267671,11.531998,2.459222,2.459222
2.267671,4.385615,3.212526,9.525900,2.102162,2.102162
3.212526,4.385615,2.267671,9.525900,2.102162,2.102162
2.267671,4.884981,3.779450,6.875141,1.015544,1.015544
3.779450,4.884981,2.267671,6.875141,1.015544,1.015544
2.267671,5.225553,4.157402,5.950945,0.508488,0.508488
4.157402,5.225553,2.267671,5.950945,0.508488,0.508488
2.267671,6.096276,5.102260,5.339624,0.085384,0.085384
5.102260,6.096276,2.267671,5.339624,0.085384,0.085384
2.267671,6.986292,6.047118,5.242074,0.014137,0.014137
6.047118,6.986292,2.267671,5.242074,0.014137,0.014137
2.645617,4.197827,2.645625,10.942107,2.079743,2.079743
2.645625,4.197827,2.645617,10.942107,2.079743,2.079743
2.645617,4.349265,2.834592,10.186287,2.137808,2.137808
2.834592,4.349265,2.645617,10.186287,2.137808,2.137808
2.645617,4.660372,3.212526,9.128592,2.622662,2.622662
3.212526,4.660372,2.645617,9.128592,2.622662,2.622662
2.645617,5.143870,3.779450,6.765445,1.782699,1.782699
3.779450,5.143870,2.645617,6.765445,1.782699,1.782699
2.645617,5.475098,4.157402,5.868240,1.299492,1.299492
4.157402,5.475098,2.645617,5.868240,1.299492,1.299492
2.645617,5.102265,3.733958,6.919027,1.857372,1.857372
3.733958,5.102265,2.645617,6.919027,1.857372,1.857372
2.645617,6.326115,5.102260,5.267477,0.884281,0.884281
5.102260,6.326115,2.645617,5.267477,0.884281,0.884281
2.645617,6.047120,4.795815,5.350349,0.951539,0.951539
4.795815,6.047120,2.645617,5.350349,0.951539,0.951539
2.645617,7.200575,6.047118,5.171254,0.812557,0.812557
6.047118,7.200575,2.645617,5.171254,0.812557,0.812557
3.023562,4.948757,3.212526,7.806923,2.832978,2.832978
3.212526,4.948757,3.023562,7.806923,2.832978,2.832978
3.023562,5.416775,3.779450,6.673168,3.210549,3.210549
3.779450,5.416775,3.023562,6.673168,3.210549,3.210549
3.023562,5.738701,4.157402,5.815082,2.765330,2.765330
4.157402,5.738701,3.023562,5.815082,2.765330,2.765330
3.023562,6.569671,5.102260,5.237816,2.370803,2.370803
5.102260,6.569671,3.023562,5.237816,2.370803,2.370803
3.023562,7.427918,6.047118,5.149221,2.305236,2.305236
6.047118,7.427918,3.023562,5.149221,2.305236,2.305236
3.779450,5.996883,3.779452,5.680306,4.444258,4.444258
3.779452,5.996883,3.779450,5.680306,4.444258,4.444258
3.779452,6.300929,4.157402,5.531713,4.706134,4.706134
4.157402,6.300929,3.779452,5.531713,4.706134,4.706134
3.779452,7.092200,5.102260,5.265883,4.618105,4.618105
5.102260,7.092200,3.779452,5.265883,4.618105,4.618105
3.779452,7.917222,6.047118,5.182665,4.555921,4.555921
6.047118,7.917222,3.779452,5.182665,4.555921,4.555921
4.535343,7.653808,5.102260,5.279446,5.172905,5.172905
5.102260,7.653808,4.535343,5.279446,5.172905,5.172905
4.535343,8.445921,6.047118,5.235142,5.148535,5.148535
6.047118,8.445921,4.535343,5.235142,5.148535,5.148535
5.291233,9.007081,6.047118,5.223280,5.181058,5.181058
6.047118,9.007081,5.291233,5.223280,5.181058,5.181058
1.322810,2.918915,2.282033,19.520595,48.481688,48.481688
2.282033,2.918915,1.322810,19.520595,48.481688,48.481688
1.228318,2.857866,2.282033,19.198537,66.020608,66.020608
2.282033,2.857866,1.228318,19.198537,66.020608,66.020608
