R1,R2,R3,ETriat,E,ENew
1.511781,2.645610,1.776799,29.843287,40.259028,40.259028
1.776799,2.645610,1.511781,29.843287,40.259028,40.259028
2.199635,3.597132,2.282033,16.161276,4.850493,4.850493
2.282033,3.597132,2.199635,16.161276,4.850493,4.850493
2.282033,3.758226,2.399960,14.557979,3.613402,3.613402
2.399960,3.758226,2.282033,14.557979,3.613402,3.613402
2.282033,3.922924,2.600267,13.276594,3.148061,3.148061
2.600267,3.922924,2.282033,13.276594,3.148061,3.148061
2.282033,4.090800,2.800574,11.706630,2.515379,2.515379
2.800574,4.090800,2.282033,11.706630,2.515379,2.515379
2.282033,4.261480,3.000881,10.475879,2.197954,2.197954
3.000881,4.261480,2.282033,10.475879,2.197954,2.197954
2.282033,4.433001,3.199311,9.576380,2.115432,2.115432
3.199311,4.433001,2.282033,9.576380,2.115432,2.115432
2.282033,4.608687,3.400013,8.692570,1.930354,1.930354
3.400013,4.608687,2.282033,8.692570,1.930354,1.930354
2.282033,4.785721,3.600021,7.601516,1.384486,1.384486
3.600021,4.785721,2.282033,7.601516,1.384486,1.384486
2.282033,4.964485,3.800012,6.797274,0.971530,0.971530
3.800012,4.964485,2.282033,6.797274,0.971530,0.971530
2.282033,5.144827,4.000020,6.243662,0.673748,0.673748
4.000020,5.144827,2.282033,6.243662,0.673748,0.673748
2.282033,5.326573,4.200028,5.881415,0.463692,0.463692
4.200028,5.326573,2.282033,5.881415,0.463692,0.463692
2.282033,5.509570,4.400018,5.653379,0.318509,0.318509
4.400018,5.509570,2.282033,5.653379,0.318509,0.318509
2.282033,5.693737,4.600032,5.509594,0.216864,0.216864
4.600032,5.693737,2.282033,5.509594,0.216864,0.216864
2.282033,5.878913,4.800022,5.418591,0.147004,0.147004
4.800022,5.878913,2.282033,5.418591,0.147004,0.147004
2.282033,6.065045,5.000031,5.358866,0.098957,0.098957
5.000031,6.065045,2.282033,5.358866,0.098957,0.098957
2.282033,6.252018,5.200021,5.317746,0.065740,0.065740
5.200021,6.252018,2.282033,5.317746,0.065740,0.065740
2.282033,6.439789,5.400029,5.288458,0.042887,0.042887
5.400029,6.439789,2.282033,5.288458,0.042887,0.042887
2.282033,6.628261,5.600019,5.267412,0.027493,0.027493
5.600019,6.628261,2.282033,5.267412,0.027493,0.027493
2.282033,6.817405,5.800028,5.252127,0.017172,0.017172
5.800028,6.817405,2.282033,5.252127,0.017172,0.017172
2.282033,7.007163,6.000042,5.241116,0.010407,0.010407
6.000042,7.007163,2.282033,5.241116,0.010407,0.010407
2.282033,7.483845,6.500035,5.225540,0.002472,0.002472
6.500035,7.483845,2.282033,5.225540,0.002472,0.002472
2.282033,7.963386,7.000029,5.219123,0.000520,0.000520
7.000029,7.963386,2.282033,5.219123,0.000520,0.000520
2.282033,8.445326,7.500046,5.216592,0.000607,0.000607
7.500046,8.445326,2.282033,5.216592,0.000607,0.000607
2.282033,8.929229,8.000040,5.215610,0.001214,0.001214
8.000040,8.929229,2.282033,5.215610,0.001214,0.001214
2.282033,9.414822,8.500039,5.215174,0.001778,0.001778
8.500039,9.414822,2.282033,5.215174,0.001778,0.001778
2.282033,9.901857,9.000050,5.215003,0.002255,0.002255
9.000050,9.901857,2.282033,5.215003,0.002255,0.002255
2.282033,10.390108,9.500044,5.214964,0.002645,0.002645
9.500044,10.390108,2.282033,5.214964,0.002645,0.002645
2.282033,10.879452,10.000061,5.214932,0.002905,0.002905
10.000061,10.879452,2.282033,5.214932,0.002905,0.002905
