R1,R2,R3,ETriat,E,ENew
1.511781,2.042701,1.511788,40.258593,64.863523,64.863523
1.511788,2.042701,1.511781,40.258593,64.863523,64.863523
1.511781,2.174831,1.700762,37.091276,49.475594,49.475594
1.700762,2.174831,1.511781,37.091276,49.475594,49.475594
1.511781,2.314845,1.889718,32.178427,39.039672,39.039672
1.889718,2.314845,1.511781,32.178427,39.039672,39.039672
1.511781,2.461435,2.078691,27.611572,32.517579,32.517579
2.078691,2.461435,1.511781,27.611572,32.517579,32.517579
1.511781,2.613463,2.267665,24.288510,29.113843,29.113843
2.267665,2.613463,1.511781,24.288510,29.113843,29.113843
1.511781,2.770052,2.456638,21.856190,27.538512,27.538512
2.456638,2.770052,1.511781,21.856190,27.538512,27.538512
1.511781,2.930454,2.645612,17.579767,24.531861,24.531861
2.645612,2.930454,1.511781,17.579767,24.531861,24.531861
1.511781,3.094091,2.834585,14.022254,22.373368,22.373368
2.834585,3.094091,1.511781,14.022254,22.373368,22.373368
1.511781,3.429184,3.212532,8.937102,19.917312,19.917312
3.212532,3.429184,1.511781,8.937102,19.917312,19.917312
1.511781,3.946364,3.779453,5.570056,19.069933,19.069933
3.779453,3.946364,1.511781,5.570056,19.069933,19.069933
1.511781,4.298129,4.157400,5.053538,19.209046,19.209046
4.157400,4.298129,1.511781,5.053538,19.209046,19.209046
1.511781,5.193657,5.102269,5.484711,19.916618,19.916618
5.102269,5.193657,1.511781,5.484711,19.916618,19.916618
1.511781,6.104062,6.047118,5.507314,19.974812,19.974812
6.047118,6.104062,1.511781,5.507314,19.974812,19.974812
1.889718,2.553349,1.889726,26.191593,16.657631,16.657631
1.889726,2.553349,1.889718,26.191593,16.657631,16.657631
1.889726,2.684642,2.078691,23.322643,12.055918,12.055918
2.078691,2.684642,1.889726,23.322643,12.055918,12.055918
1.889726,2.822477,2.267665,20.415723,9.133090,9.133090
2.267665,2.822477,1.889726,20.415723,9.133090,9.133090
1.743803,2.456647,1.889726,28.477868,22.418987,22.418987
1.889726,2.456647,1.743803,28.477868,22.418987,22.418987
1.889726,2.965962,2.456638,18.018150,7.570377,7.570377
2.456638,2.965962,1.889726,18.018150,7.570377,7.570377
1.889726,3.114297,2.645612,16.270521,7.023729,7.023729
2.645612,3.114297,1.889726,16.270521,7.023729,7.023729
1.889726,3.266840,2.834585,14.351438,6.407742,6.407742
2.834585,3.266840,1.889726,14.351438,6.407742,6.407742
1.889726,3.582352,3.212532,11.119055,5.575107,5.575107
3.212532,3.582352,1.889726,11.119055,5.575107,5.575107
1.889726,4.075584,3.779453,7.167821,3.863136,3.863136
3.779453,4.075584,1.889726,7.167821,3.863136,3.863136
1.889726,4.414251,4.157400,6.073859,3.340381,3.340381
4.157400,4.414251,1.889726,6.073859,3.340381,3.340381
1.889726,5.284271,5.102269,5.436310,2.943946,2.943946
5.102269,5.284271,1.889726,5.436310,2.943946,2.943946
1.889726,6.176307,6.047118,5.348901,2.890955,2.890955
6.047118,6.176307,1.889726,5.348901,2.890955,2.890955
2.267665,3.064024,2.267671,16.595806,3.510065,3.510065
2.267671,3.064024,2.267665,16.595806,3.510065,3.510065
2.267671,3.194739,2.456638,14.765139,2.423924,2.423924
2.456638,3.194739,2.267671,14.765139,2.423924,2.423924
2.267671,3.331038,2.645612,13.244967,1.989762,1.989762
2.645612,3.331038,2.267671,13.244967,1.989762,1.989762
2.267671,3.472287,2.834585,12.124551,2.041669,2.041669
2.834585,3.472287,2.267671,12.124551,2.041669,2.041669
2.267671,3.767344,3.212532,10.677807,2.727906,2.727906
3.212532,3.767344,2.267671,10.677807,2.727906,2.727906
2.267671,4.234698,3.779453,7.030078,1.048284,1.048284
3.779453,4.234698,2.267671,7.030078,1.048284,1.048284
2.267671,4.558837,4.157400,5.994469,0.513344,0.513344
4.157400,4.558837,2.267671,5.994469,0.513344,0.513344
2.267671,5.399875,5.102269,5.344717,0.078185,0.078185
5.102269,5.399875,2.267671,5.344717,0.078185,0.078185
2.267671,6.270538,6.047118,5.243269,0.009757,0.009757
6.047118,6.270538,2.267671,5.243269,0.009757,0.009757
2.645612,3.574699,2.645617,10.829248,1.128031,1.128031
2.645617,3.574699,2.645612,10.829248,1.128031,1.128031
2.645617,3.704995,2.834585,9.937786,1.263153,1.263153
2.834585,3.704995,2.645617,9.937786,1.263153,1.263153
2.645617,3.979723,3.212532,8.754574,1.956069,1.956069
3.212532,3.979723,2.645617,8.754574,1.956069,1.956069
2.645617,4.420479,3.779453,6.884361,1.837511,1.837511
3.779453,4.420479,2.645617,6.884361,1.837511,1.837511
2.645617,4.729277,4.157400,5.921464,1.327419,1.327419
4.157400,4.729277,2.645617,5.921464,1.327419,1.327419
2.645617,5.538905,5.102269,5.284708,0.889311,0.889311
5.102269,5.538905,2.645617,5.284708,0.889311,0.889311
2.645617,6.385782,6.047118,5.175613,0.811603,0.811603
6.047118,6.385782,2.645617,5.175613,0.811603,0.811603
3.023562,4.215353,3.212532,7.457919,2.349511,2.349511
3.212532,4.215353,3.023562,7.457919,2.349511,2.349511
3.023562,4.629717,3.779453,6.767638,3.271476,3.271476
3.779453,4.629717,3.023562,6.767638,3.271476,3.271476
3.023562,4.922886,4.157400,5.877481,2.808260,2.808260
4.157400,4.922886,3.023562,5.877481,2.808260,2.808260
3.023562,5.699647,5.102269,5.259830,2.381427,2.381427
5.102269,5.699647,3.023562,5.259830,2.381427,2.381427
3.023562,6.520925,6.047118,5.155430,2.306581,2.306581
6.047118,6.520925,3.023562,5.155430,2.306581,2.306581
3.779452,5.106725,3.779453,5.609260,4.355492,4.355492
3.779453,5.106725,3.779452,5.609260,4.355492,4.355492
3.779452,5.369299,4.157400,5.502054,4.661035,4.661035
4.157400,5.369299,3.779452,5.502054,4.661035,4.661035
3.779452,6.079147,5.102269,5.282678,4.626431,4.626431
5.102269,6.079147,3.779452,5.282678,4.626431,4.626431
3.779452,6.846022,6.047118,5.187831,4.557352,4.557352
6.047118,6.846022,3.779452,5.187831,4.557352,4.557352
4.535343,6.524479,5.102269,5.284041,5.172038,5.172038
5.102269,6.524479,4.535343,5.284041,5.172038,5.172038
4.535343,7.235766,6.047118,5.236367,5.147104,5.147104
6.047118,7.235766,4.535343,5.236367,5.147104,5.147104
5.291233,7.680323,6.047118,5.224177,5.180147,5.180147
6.047118,7.680323,5.291233,5.224177,5.180147,5.180147
2.621385,3.539951,2.621428,11.097335,1.131803,1.131803
2.621428,3.539951,2.621385,11.097335,1.131803,1.131803
2.621385,3.552738,2.640325,10.992727,1.128811,1.128811
2.640325,3.552738,2.621385,10.992727,1.128811,1.128811
2.621385,3.565579,2.659223,10.890583,1.129071,1.129071
2.659223,3.565579,2.621385,10.890583,1.129071,1.129071
2.621428,3.552739,2.640280,10.992737,1.128811,1.128811
2.640280,3.552739,2.621428,10.992737,1.128811,1.128811
2.640280,3.565471,2.640325,10.888825,1.125776,1.125776
2.640325,3.565471,2.640280,10.888825,1.125776,1.125776
2.640280,3.578258,2.659223,10.787937,1.126556,1.126556
2.659223,3.578258,2.640280,10.787937,1.126556,1.126556
2.621428,3.565583,2.659195,10.890520,1.129071,1.129071
2.659195,3.565583,2.621428,10.890520,1.129071,1.129071
2.640325,3.578260,2.659195,10.787865,1.126556,1.126556
2.659195,3.578260,2.640325,10.787865,1.126556,1.126556
2.659195,3.590993,2.659223,10.687408,1.127033,1.127033
2.659223,3.590993,2.659195,10.687408,1.127033,1.127033
