R1,R2,R3,ETriat,E,ENew
1.511777,2.681929,1.511781,24.538921,49.324860,49.324860
1.511781,2.681929,1.511777,24.538921,49.324860,49.324860
1.511781,2.850893,1.700760,23.201464,37.133342,37.133342
1.700760,2.850893,1.511781,23.201464,37.133342,37.133342
1.511781,3.022220,1.889727,21.677499,30.906906,30.906906
1.889727,3.022220,1.511781,21.677499,30.906906,30.906906
1.511781,3.195531,2.078699,20.027189,27.707415,27.707415
2.078699,3.195531,1.511781,20.027189,27.707415,27.707415
1.511781,3.370530,2.267666,18.273608,25.978444,25.978444
2.267666,3.370530,1.511781,18.273608,25.978444,25.978444
1.511781,3.546974,2.456648,15.293137,23.742330,23.742330
2.456648,3.546974,1.511781,15.293137,23.742330,23.742330
1.511781,3.724637,2.645615,12.572668,22.020384,22.020384
2.645615,3.724637,1.511781,12.572668,22.020384,22.020384
1.511781,3.903359,2.834587,10.371166,20.839580,20.839580
2.834587,3.903359,1.511781,10.371166,20.839580,20.839580
1.511781,4.263472,3.212537,7.425307,19.660726,19.660726
3.212537,4.263472,1.511781,7.425307,19.660726,19.660726
1.511781,4.808757,3.779443,5.597952,19.437488,19.437488
3.779443,4.808757,1.511781,5.597952,19.437488,19.437488
1.511781,5.174876,4.157393,5.399306,19.658688,19.658688
4.157393,5.174876,1.511781,5.399306,19.658688,19.658688
1.511781,6.096488,5.102264,5.881572,20.330398,20.330398
5.102264,6.096488,1.511781,5.881572,20.330398,20.330398
1.511781,7.024269,6.047124,5.503618,19.978932,19.978932
6.047124,7.024269,1.511781,5.503618,19.978932,19.978932
1.889726,3.352419,1.889727,20.941312,14.439643,14.439643
1.889727,3.352419,1.889726,20.941312,14.439643,14.439643
1.889726,3.521113,2.078699,19.092303,10.865356,10.865356
2.078699,3.521113,1.889726,19.092303,10.865356,10.865356
1.889726,3.691779,2.267666,17.416563,9.007811,9.007811
2.267666,3.691779,1.889726,17.416563,9.007811,9.007811
1.889726,3.864158,2.456648,15.168532,7.293671,7.293671
2.456648,3.864158,1.889726,15.168532,7.293671,7.293671
1.889726,4.038013,2.645615,13.084073,6.018289,6.018289
2.645615,4.038013,1.889726,13.084073,6.018289,6.018289
1.889726,4.213164,2.834587,11.423023,5.226113,5.226113
2.834587,4.213164,1.889726,11.423023,5.226113,5.226113
1.889726,4.566794,3.212537,9.288286,4.679335,4.679335
3.212537,4.566794,1.889726,9.288286,4.679335,4.679335
1.889726,5.103758,3.779443,6.945219,3.869814,3.869814
3.779443,5.103758,1.889726,6.945219,3.869814,3.869814
1.889726,5.465109,4.157393,6.047418,3.386867,3.386867
4.157393,5.465109,1.889726,6.047418,3.386867,3.386867
1.889726,6.376903,5.102264,5.445441,2.971179,2.971179
5.102264,6.376903,1.889726,5.445441,2.971179,2.971179
1.889726,7.297104,6.047124,5.348251,2.898327,2.898327
6.047124,7.297104,1.889726,5.348251,2.898327,2.898327
2.267666,4.022893,2.267671,14.774818,4.050599,4.050599
2.267671,4.022893,2.267666,14.774818,4.050599,4.050599
2.267671,4.191430,2.456648,13.768617,3.417222,3.417222
2.456648,4.191430,2.267671,13.768617,3.417222,3.417222
2.267671,4.361635,2.645615,12.902646,3.240904,3.240904
2.645615,4.361635,2.267671,12.902646,3.240904,3.240904
2.267671,4.533319,2.834587,11.571340,2.698592,2.698592
2.834587,4.533319,2.267671,11.571340,2.698592,2.698592
2.267671,4.880543,3.212537,9.840609,2.481685,2.481685
3.212537,4.880543,2.267671,9.840609,2.481685,2.481685
2.267671,5.409088,3.779443,6.840749,0.995770,0.995770
3.779443,5.409088,2.267671,6.840749,0.995770,0.995770
2.267671,5.765516,4.157393,5.931543,0.500075,0.500075
4.157393,5.765516,2.267671,5.931543,0.500075,0.500075
2.267671,6.666956,5.102264,5.333186,0.084733,0.084733
5.102264,6.666956,2.267671,5.333186,0.084733,0.084733
2.267671,7.578970,6.047124,5.241129,0.015394,0.015394
6.047124,7.578970,2.267671,5.241129,0.015394,0.015394
2.645615,4.693384,2.645617,11.264252,2.530686,2.530686
2.645617,4.693384,2.645615,11.264252,2.530686,2.530686
2.645617,4.861779,2.834587,10.608053,2.634630,2.634630
2.834587,4.861779,2.645617,10.608053,2.634630,2.634630
2.645617,5.202835,3.212537,9.501938,3.021525,3.021525
3.212537,5.202835,2.645617,9.501938,3.021525,3.021525
2.645617,5.723094,3.779443,6.700884,1.730358,1.730358
3.779443,5.723094,2.645617,6.700884,1.730358,1.730358
2.645617,6.074588,4.157393,5.826897,1.268574,1.268574
4.157393,6.074588,2.645617,5.826897,1.268574,1.268574
2.645617,6.965444,5.102264,5.254032,0.875695,0.875695
5.102264,6.965444,2.645617,5.254032,0.875695,0.875695
2.645617,7.868896,6.047124,5.167869,0.811082,0.811082
6.047124,7.868896,2.645617,5.167869,0.811082,0.811082
3.023562,5.532175,3.212537,8.237921,3.278544,3.278544
3.212537,5.532175,3.023562,8.237921,3.278544,3.278544
3.023562,6.044424,3.779443,6.569552,3.118140,3.118140
3.779443,6.044424,3.023562,6.569552,3.118140,3.118140
3.023562,6.391067,4.157393,5.756710,2.716025,2.716025
4.157393,6.391067,3.023562,5.756710,2.716025,2.716025
3.023562,7.271327,5.102264,5.220665,2.357577,2.357577
5.102264,7.271327,3.023562,5.220665,2.357577,2.357577
3.023562,8.166024,6.047124,5.144694,2.302331,2.302331
6.047124,8.166024,3.023562,5.144694,2.302331,2.302331
3.779443,6.704822,3.779452,5.814702,4.586102,4.586102
3.779452,6.704822,3.779443,5.814702,4.586102,4.586102
3.779452,7.042233,4.157393,5.602833,4.782758,4.782758
4.157393,7.042233,3.779452,5.602833,4.782758,4.782758
3.779452,7.901824,5.102264,5.246668,4.601323,4.601323
5.102264,7.901824,3.779452,5.246668,4.601323,4.601323
3.779452,8.778945,6.047124,5.177987,4.552365,4.552365
6.047124,8.778945,3.779452,5.177987,4.552365,4.552365
4.535343,8.552671,5.102264,5.276319,5.171257,5.171257
5.102264,8.552671,4.535343,5.276319,5.171257,5.171257
4.535343,9.412679,6.047124,5.234649,5.148795,5.148795
6.047124,9.412679,4.535343,5.234649,5.148795,5.148795
5.291233,10.063296,6.047124,5.223041,5.181318,5.181318
6.047124,10.063296,5.291233,5.223041,5.181318,5.181318
