R1,R2,R3,ETriat,E,ENew
1.511781,1.733438,1.700761,47.930500,67.086281,67.086281
1.700761,1.733438,1.511781,47.930500,67.086281,67.086281
1.511781,1.855220,1.889731,45.619262,55.933247,55.933247
1.889731,1.855220,1.511781,45.619262,55.933247,55.933247
1.511781,1.987534,2.078701,40.243227,46.240891,46.240891
2.078701,1.987534,1.511781,40.243227,46.240891,46.240891
1.511781,2.128418,2.267671,34.801143,39.177787,39.177787
2.267671,2.128418,1.511781,34.801143,39.177787,39.177787
1.511781,2.276281,2.456641,27.904782,32.229858,32.229858
2.456641,2.276281,1.511781,27.904782,32.229858,32.229858
1.511781,2.429846,2.645619,22.572772,27.702515,27.702515
2.645619,2.429846,1.511781,22.572772,27.702515,27.702515
1.511781,2.588104,2.834588,19.620640,25.972503,25.972503
2.834588,2.588104,1.511781,19.620640,25.972503,25.972503
1.511781,2.915614,3.212528,12.288713,21.411292,21.411292
3.212528,2.915614,1.511781,12.288713,21.411292,21.411292
1.511781,3.426422,3.779463,6.717627,19.188968,19.188968
3.779463,3.426422,1.511781,6.717627,19.188968,19.188968
1.511781,3.775858,4.157402,5.376857,19.049856,19.049856
4.157402,3.775858,1.511781,5.376857,19.049856,19.049856
1.511781,4.668918,5.102259,5.312675,19.720178,19.720178
5.102259,4.668918,1.511781,5.312675,19.720178,19.720178
1.511781,5.579068,6.047116,5.528808,19.987561,19.987561
6.047116,5.579068,1.511781,5.528808,19.987561,19.987561
1.597256,1.889723,1.889726,45.354612,48.735542,48.735542
1.889726,1.889723,1.597256,45.354612,48.735542,48.735542
1.889726,2.030700,1.889731,42.037274,32.890814,32.890814
1.889731,2.030700,1.889726,42.037274,32.890814,32.890814
1.889726,2.138184,2.078701,41.900831,29.876791,29.876791
2.078701,2.138184,1.889726,41.900831,29.876791,29.876791
1.889726,2.256399,2.267671,36.963947,24.118340,24.118340
2.267671,2.256399,1.889726,36.963947,24.118340,24.118340
1.889726,2.383750,2.456641,30.842340,18.335042,18.335042
2.456641,2.383750,1.889726,30.842340,18.335042,18.335042
1.889726,2.518845,2.645619,25.142950,13.589360,13.589360
2.645619,2.518845,1.889726,25.142950,13.589360,13.589360
1.889726,2.660516,2.834588,20.343689,10.034977,10.034977
2.834588,2.660516,1.889726,20.343689,10.034977,10.034977
1.889726,2.959753,3.212528,14.125916,6.501105,6.501105
3.212528,2.959753,1.889726,14.125916,6.501105,6.501105
1.889726,3.437817,3.779463,9.204953,4.782888,4.782888
3.779463,3.437817,1.889726,9.204953,4.782888,4.782888
1.889726,3.770224,4.157402,7.146169,3.883473,3.883473
4.157402,3.770224,1.889726,7.146169,3.883473,3.883473
1.889726,4.631894,5.102259,5.590497,3.067708,3.067708
5.102259,4.631894,1.889726,5.590497,3.067708,3.067708
1.889726,5.520852,6.047116,5.381417,2.912638,2.912638
6.047116,5.520852,1.889726,5.381417,2.912638,2.912638
1.916709,2.267671,2.267672,36.803479,23.489517,23.489517
2.267672,2.267671,1.916709,36.803479,23.489517,23.489517
2.267671,2.436841,2.267671,31.012518,15.587275,15.587275
2.267671,2.436841,2.267671,31.012518,15.587275,15.587275
2.267671,2.543375,2.456641,27.464349,12.595021,12.595021
2.456641,2.543375,2.267671,27.464349,12.595021,12.595021
2.267671,2.659077,2.645619,23.744940,9.905144,9.905144
2.645619,2.659077,2.267671,23.744940,9.905144,9.905144
2.267671,2.782821,2.834588,19.868529,7.265484,7.265484
2.834588,2.782821,2.267671,19.868529,7.265484,7.265484
2.267671,3.050435,3.212528,13.551855,3.511973,3.511973
3.212528,3.050435,2.267671,13.551855,3.511973,3.511973
2.267671,3.490343,3.779463,8.869351,1.816566,1.816566
3.779463,3.490343,2.267671,8.869351,1.816566,1.816566
2.267671,3.802337,4.157402,6.998920,1.011208,1.011208
4.157402,3.802337,2.267671,6.998920,1.011208,1.011208
2.267671,4.625557,5.102259,5.507267,0.207064,0.207064
5.102259,4.625557,2.267671,5.507267,0.207064,0.207064
2.267671,5.488106,6.047116,5.282727,0.036599,0.036599
6.047116,5.488106,2.267671,5.282727,0.036599,0.036599
2.236170,2.645610,2.645617,23.963653,10.094125,10.094125
2.645617,2.645610,2.236170,23.963653,10.094125,10.094125
2.645617,2.842972,2.645619,19.483905,7.244669,7.244669
2.645619,2.842972,2.645617,19.483905,7.244669,7.244669
2.645617,2.948817,2.834588,17.247736,6.188450,6.188450
2.834588,2.948817,2.645617,17.247736,6.188450,6.188450
2.645617,3.183686,3.212528,12.712518,4.047346,4.047346
3.212528,3.183686,2.645617,12.712518,4.047346,4.047346
2.645617,3.582190,3.779463,8.324202,2.370629,2.370629
3.779463,3.582190,2.645617,8.324202,2.370629,2.370629
2.645617,3.871257,4.157402,6.756481,1.736473,1.736473
4.157402,3.871257,2.645617,6.756481,1.736473,1.736473
2.645617,4.650032,5.102259,5.442802,1.013593,1.013593
5.102259,4.650032,2.645617,5.442802,1.013593,1.013593
2.645617,5.481285,6.047116,5.218386,0.840397,0.840397
6.047116,5.481285,2.645617,5.218386,0.840397,0.840397
3.023562,3.354436,3.212528,11.111652,4.544256,4.544256
3.212528,3.354436,3.023562,11.111652,4.544256,4.544256
3.023562,3.710440,3.779463,7.568524,3.399096,3.399096
3.779463,3.710440,3.023562,7.568524,3.399096,3.399096
3.023562,3.975069,4.157402,6.486799,3.103136,3.103136
4.157402,3.975069,3.023562,6.486799,3.103136,3.103136
3.023562,4.704838,5.102259,5.404075,2.494000,2.494000
5.102259,4.704838,3.023562,5.404075,2.494000,2.494000
3.023562,5.500486,6.047116,5.197113,2.333423,2.333423
6.047116,5.500486,3.023562,5.197113,2.333423,2.333423
3.194529,3.779452,3.779460,7.361384,3.964824,3.964824
3.779460,3.779452,3.194529,7.361384,3.964824,3.964824
3.779452,4.061400,3.779463,6.382160,4.887656,4.887656
3.779463,4.061400,3.779452,6.382160,4.887656,4.887656
3.779452,4.276368,4.157402,5.874968,4.916797,4.916797
4.157402,4.276368,3.779452,5.874968,4.916797,4.916797
3.779452,4.900813,5.102259,5.381368,4.699326,4.699326
5.102259,4.900813,3.779452,5.381368,4.699326,4.699326
3.779452,5.615526,6.047116,5.223282,4.577906,4.577906
6.047116,5.615526,3.779452,5.223282,4.577906,4.577906
4.535343,5.200305,5.102259,5.348566,5.215142,5.215142
5.102259,5.200305,4.535343,5.348566,5.215142,5.215142
4.535343,5.827148,6.047116,5.270934,5.168742,5.168742
6.047116,5.827148,4.535343,5.270934,5.168742,5.168742
5.291233,6.125351,6.047116,5.249722,5.195888,5.195888
6.047116,6.125351,5.291233,5.249722,5.195888,5.195888
