R1,R2,R3,ETriat,E,ENew
1.511781,1.943512,1.511788,44.255523,69.943196,69.943196
1.511788,1.943512,1.511781,44.255523,69.943196,69.943196
1.511781,2.070054,1.700758,41.014805,53.886505,53.886505
1.700758,2.070054,1.511781,41.014805,53.886505,53.886505
1.511781,2.205534,1.889731,36.956692,43.874598,43.874598
1.889731,2.205534,1.511781,36.956692,43.874598,43.874598
1.511781,2.348426,2.078700,31.962722,36.645019,36.645019
2.078700,2.348426,1.511781,31.962722,36.645019,36.645019
1.511781,2.497439,2.267673,26.765033,31.204817,31.204817
2.267673,2.497439,1.511781,26.765033,31.204817,31.204817
1.511781,2.651559,2.456643,22.358749,27.576325,27.576325
2.456643,2.651559,1.511781,22.358749,27.576325,27.576325
1.511781,2.809930,2.645616,19.425099,25.886079,25.886079
2.645616,2.809930,1.511781,19.425099,25.886079,25.886079
1.511781,2.971886,2.834585,15.363300,23.231934,23.231934
2.834585,2.971886,1.511781,15.363300,23.231934,23.231934
1.511781,3.304411,3.212528,9.600069,20.191460,20.191460
3.212528,3.304411,1.511781,9.600069,20.191460,20.191460
1.511781,3.819089,3.779462,5.758576,19.092960,19.092960
3.779462,3.819089,1.511781,5.758576,19.092960,19.092960
1.511781,4.169734,4.157404,5.080303,19.173227,19.173227
4.157404,4.169734,1.511781,5.080303,19.173227,19.173227
1.511781,5.063562,5.102259,5.434443,19.862933,19.862933
5.102259,5.063562,1.511781,5.434443,19.862933,19.862933
1.511781,5.973117,6.047113,5.510478,19.976113,19.976113
6.047113,5.973117,1.511781,5.510478,19.976113,19.976113
1.889726,2.429386,1.889731,30.376842,20.487463,20.487463
1.889731,2.429386,1.889726,30.376842,20.487463,20.487463
1.889726,2.554964,2.078700,27.121944,15.383073,15.383073
2.078700,2.554964,1.889726,27.121944,15.383073,15.383073
1.889726,2.687960,2.267673,23.721621,11.901151,11.901151
2.267673,2.687960,1.889726,23.721621,11.901151,11.901151
1.889726,2.827348,2.456643,20.514942,9.503203,9.503203
2.456643,2.827348,1.889726,20.514942,9.503203,9.503203
1.889726,2.972209,2.645616,17.564772,7.759401,7.759401
2.645616,2.972209,1.889726,17.564772,7.759401,7.759401
1.889726,3.121799,2.834585,15.121633,6.652315,6.652315
2.834585,3.121799,1.889726,15.121633,6.652315,6.652315
1.889726,3.432644,3.212528,11.826086,5.889931,5.889931
3.212528,3.432644,1.889726,11.826086,5.889931,5.889931
1.889726,3.921088,3.779462,7.319836,3.864350,3.864350
3.779462,3.921088,1.889726,7.319836,3.864350,3.864350
1.889726,4.257531,4.157404,6.120695,3.332792,3.332792
4.157404,4.257531,1.889726,6.120695,3.332792,3.332792
1.889726,5.124014,5.102259,5.438261,2.942038,2.942038
5.102259,5.124014,1.889726,5.438261,2.942038,2.942038
1.889726,6.014148,6.047113,5.352043,2.891909,2.891909
6.047113,6.014148,1.889726,5.352043,2.891909,2.891909
2.267671,2.915260,2.267673,19.228475,5.547485,5.547485
2.267673,2.915260,2.267671,19.228475,5.547485,5.547485
2.267671,3.040183,2.456643,17.034068,4.105845,4.105845
2.456643,3.040183,2.267671,17.034068,4.105845,4.105845
2.267671,3.171440,2.645616,15.007553,3.198364,3.198364
2.645616,3.171440,2.267671,15.007553,3.198364,3.198364
2.267671,3.308298,2.834585,13.133374,2.552715,2.552715
2.834585,3.308298,2.267671,13.133374,2.552715,2.552715
2.267671,3.596198,3.212528,10.599084,2.310527,2.310527
3.212528,3.596198,2.267671,10.599084,2.310527,2.310527
2.267671,4.055874,3.779462,7.158233,1.060946,1.060946
3.779462,4.055874,2.267671,7.158233,1.060946,1.060946
2.267671,4.376315,4.157404,6.037196,0.516467,0.516467
4.157404,4.376315,2.267671,6.037196,0.516467,0.516467
2.267671,5.211245,5.102259,5.347230,0.076494,0.076494
5.102259,5.211245,2.267671,5.347230,0.076494,0.076494
2.267671,6.078446,6.047113,5.244497,0.008586,0.008586
6.047113,6.078446,2.267671,5.244497,0.008586,0.008586
2.645616,3.401135,2.645617,12.147129,1.978921,1.978921
2.645617,3.401135,2.645616,12.147129,1.978921,1.978921
2.645617,3.525582,2.834585,10.890560,1.817303,1.817303
2.834585,3.525582,2.645617,10.890560,1.817303,1.817303
2.645617,3.790504,3.212528,8.735862,1.692068,1.692068
3.212528,3.790504,2.645617,8.735862,1.692068,1.692068
2.645617,4.220305,3.779462,6.991528,1.870901,1.870901
3.779462,4.220305,2.645617,6.991528,1.870901,1.870901
2.645617,4.523647,4.157404,5.964805,1.346282,1.346282
4.157404,4.523647,2.645617,5.964805,1.346282,1.346282
2.645617,5.323937,5.102259,5.293669,0.893778,0.893778
5.102259,5.323937,2.645617,5.293669,0.893778,0.893778
2.645617,6.165284,6.047113,5.178745,0.812253,0.812253
6.047113,6.165284,2.645617,5.178745,0.812253,0.812253
3.023562,4.011096,3.212528,7.560804,2.306928,2.306928
3.212528,4.011096,3.023562,7.560804,2.306928,2.306928
3.023562,4.411068,3.779462,6.836583,3.301223,3.301223
3.779462,4.411068,3.023562,6.836583,3.301223,3.301223
3.023562,4.696842,4.157404,5.912164,2.829335,2.829335
4.157404,4.696842,3.023562,5.912164,2.829335,2.829335
3.023562,5.460516,5.102259,5.270186,2.387108,2.387108
5.102259,5.460516,3.023562,5.270186,2.387108,2.387108
3.023562,6.273726,6.047113,5.159171,2.307882,2.307882
6.047113,6.273726,3.023562,5.159171,2.307882,2.307882
3.779452,4.858772,3.779462,5.591022,4.328433,4.328433
3.779462,4.858772,3.779452,5.591022,4.328433,4.328433
3.779452,5.109917,4.157404,5.494882,4.647766,4.647766
4.157404,5.109917,3.779452,5.494882,4.647766,4.647766
3.779452,5.798287,5.102259,5.290373,4.629770,4.629770
5.102259,5.798287,3.779452,5.290373,4.629770,4.629770
3.779452,6.550916,6.047113,5.190776,4.558219,4.558219
6.047113,6.550916,3.779452,5.190776,4.558219,4.558219
4.535343,6.210134,5.102259,5.287947,5.172732,5.172732
5.102259,6.210134,4.535343,5.287947,5.172732,5.172732
4.535343,6.900153,6.047113,5.237795,5.146974,5.146974
6.047113,6.900153,4.535343,5.237795,5.146974,5.146974
5.291233,7.311119,6.047113,5.222656,5.177545,5.177545
6.047113,7.311119,5.291233,5.222656,5.177545,5.177545
