R1,R2,R3,ETriat,E,ENew
1.511776,1.734233,1.511781,48.520936,79.179232,79.179232
1.511781,1.734233,1.511776,48.520936,79.179232,79.179232
1.511781,1.849118,1.700749,46.990150,62.833042,62.833042
1.700749,1.849118,1.511781,46.990150,62.833042,62.833042
1.511781,1.975431,1.889721,44.536348,52.883970,52.883970
1.889721,1.975431,1.511781,44.536348,52.883970,52.883970
1.511781,2.111123,2.078694,39.974150,44.998509,44.998509
2.078694,2.111123,1.511781,39.974150,44.998509,44.998509
1.511781,2.254501,2.267667,33.881060,37.962941,37.962941
2.267667,2.254501,1.511781,33.881060,37.962941,37.962941
1.511781,2.404185,2.456646,27.273204,31.730477,31.730477
2.456646,2.404185,1.511781,27.273204,31.730477,31.730477
1.511781,2.559079,2.645618,21.559771,27.062807,27.062807
2.645618,2.559079,1.511781,21.559771,27.062807,27.062807
1.511781,2.718287,2.834591,18.310184,25.152054,25.152054
2.834591,2.718287,1.511781,18.310184,25.152054,25.152054
1.511781,2.834585,2.971886,15.363300,23.231934,23.231934
2.971886,2.834585,1.511781,15.363300,23.231934,23.231934
1.511781,3.046925,3.212536,11.336341,20.985760,20.985760
3.212536,3.046925,1.511781,11.336341,20.985760,20.985760
1.511781,3.558286,3.779461,6.311295,19.135413,19.135413
3.779461,3.558286,1.511781,6.311295,19.135413,19.135413
1.511781,3.907702,4.157388,5.230114,19.091442,19.091442
4.157388,3.907702,1.511781,5.230114,19.091442,19.091442
1.511781,4.157397,4.423735,5.043994,19.239314,19.239314
4.423735,4.157397,1.511781,5.043994,19.239314,19.239314
1.511781,4.800229,5.102258,5.346651,19.764323,19.764323
5.102258,4.800229,1.511781,5.346651,19.764323,19.764323
1.511781,5.709624,6.047127,5.520262,19.981491,19.981491
6.047127,5.709624,1.511781,5.520262,19.981491,19.981491
1.292656,1.889723,1.889726,43.351512,81.113055,81.113055
1.889726,1.889723,1.292656,43.351512,81.113055,81.113055
1.889721,2.167801,1.889726,40.311933,30.394732,30.394732
1.889726,2.167801,1.889721,40.311933,30.394732,30.394732
1.889726,2.281452,2.078694,36.820104,24.533985,24.533985
2.078694,2.281452,1.889726,36.820104,24.533985,24.533985
1.889726,2.404601,2.267667,32.669650,19.950312,19.950312
2.267667,2.404601,1.889726,32.669650,19.950312,19.950312
1.889726,2.535856,2.456646,28.340746,16.223730,16.223730
2.456646,2.535856,1.889726,28.340746,16.223730,16.223730
1.889726,2.674041,2.645618,23.709019,12.703084,12.703084
2.645618,2.674041,1.889726,23.709019,12.703084,12.703084
1.889726,2.818128,2.834591,19.270744,9.587632,9.587632
2.834591,2.818128,1.889726,19.270744,9.587632,9.587632
1.889726,3.120706,3.212536,13.693758,6.702184,6.702184
3.212536,3.120706,1.889726,13.693758,6.702184,6.702184
1.889726,3.601373,3.779461,8.292939,4.292050,4.292050
3.779461,3.601373,1.889726,8.292939,4.292050,4.292050
1.889726,3.934579,4.157388,6.631246,3.598007,3.598007
4.157388,3.934579,1.889726,6.631246,3.598007,3.598007
1.889726,4.796738,5.102258,5.517519,3.008602,3.008602
5.102258,4.796738,1.889726,5.517519,3.008602,3.008602
1.889726,5.685247,6.047127,5.367048,2.901450,2.901450
6.047127,5.685247,1.889726,5.367048,2.901450,2.901450
1.551189,2.267671,2.267672,33.941279,34.887818,34.887818
2.267672,2.267671,1.551189,33.941279,34.887818,34.887818
2.267667,2.601368,2.267671,26.562918,11.641574,11.641574
2.267671,2.601368,2.267667,26.562918,11.641574,11.641574
2.003921,2.456642,2.267671,31.077206,16.881390,16.881390
2.267671,2.456642,2.003921,31.077206,16.881390,16.881390
2.267671,2.714169,2.456646,23.556988,9.313398,9.313398
2.456646,2.714169,2.267671,23.556988,9.313398,9.313398
2.267671,2.835100,2.645618,20.767924,7.628312,7.628312
2.645618,2.835100,2.267671,20.767924,7.628312,7.628312
2.267671,2.963155,2.834591,17.771808,5.902203,5.902203
2.834591,2.963155,2.267671,17.771808,5.902203,5.902203
2.267671,3.237212,3.212536,12.547762,3.206343,3.206343
3.212536,3.237212,2.267671,12.547762,3.206343,3.206343
2.267671,3.682941,3.779461,7.896438,1.291947,1.291947
3.779461,3.682941,2.267671,7.896438,1.291947,1.291947
2.267671,3.997171,4.157388,6.448295,0.704624,0.704624
4.157388,3.997171,2.267671,6.448295,0.704624,0.704624
2.267671,4.822954,5.102258,5.423016,0.138939,0.138939
5.102258,4.822954,2.267671,5.423016,0.138939,0.138939
2.267671,5.685943,6.047127,5.264733,0.022463,0.022463
6.047127,5.685943,2.267671,5.264733,0.022463,0.022463
1.809705,2.645610,2.645617,23.820973,14.474421,14.474421
2.645617,2.645610,1.809705,23.820973,14.474421,14.474421
2.645617,3.034925,2.645618,16.546003,5.082534,5.082534
2.645618,3.034925,2.645617,16.546003,5.082534,5.082534
2.645617,3.147128,2.834591,14.696145,4.413903,4.413903
2.834591,3.147128,2.645617,14.696145,4.413903,4.413903
2.645617,3.392045,3.212536,11.219075,3.254260,3.254260
3.212536,3.392045,2.645617,11.219075,3.254260,3.254260
2.645617,3.800514,3.779461,7.511999,1.983171,1.983171
3.779461,3.800514,2.645617,7.511999,1.983171,1.983171
2.645617,4.093840,4.157388,6.261085,1.468526,1.468526
4.157388,4.093840,2.645617,6.261085,1.468526,1.468526
2.645617,4.878397,5.102258,5.358025,0.945034,0.945034
5.102258,4.878397,2.645617,5.358025,0.945034,0.945034
2.645617,5.711703,6.047127,5.198478,0.824959,0.824959
6.047127,5.711703,2.645617,5.198478,0.824959,0.824959
3.023562,3.580234,3.212536,9.515521,3.572119,3.572119
3.212536,3.580234,3.023562,9.515521,3.572119,3.572119
3.023562,3.950879,3.779461,6.940729,3.124731,3.124731
3.779461,3.950879,3.023562,6.940729,3.124731,3.124731
3.023562,4.222246,4.157388,6.117340,2.918145,2.918145
4.157388,4.222246,3.023562,6.117340,2.918145,2.918145
3.023562,4.962088,5.102258,5.325265,2.429605,2.429605
5.102258,4.962088,3.023562,5.325265,2.429605,2.429605
3.023562,5.762190,6.047127,5.177556,2.318853,2.318853
6.047127,5.762190,3.023562,5.177556,2.318853,2.318853
2.585305,3.779452,3.779460,7.559226,1.777452,1.777452
3.779460,3.779452,2.585305,7.559226,1.777452,1.777452
3.779452,4.335617,3.779461,5.917498,4.575391,4.575391
3.779461,4.335617,3.779452,5.917498,4.575391,4.575391
3.779452,4.562903,4.157388,5.611545,4.729247,4.729247
4.157388,4.562903,3.779452,5.611545,4.729247,4.729247
3.779452,5.208310,5.102258,5.330276,4.657696,4.657696
5.102258,5.208310,3.779452,5.330276,4.657696,4.657696
3.779452,5.934514,6.047127,5.206078,4.566285,4.566285
6.047127,5.934514,3.779452,5.206078,4.566285,4.566285
4.535343,5.547378,5.102258,5.312411,5.186478,5.186478
5.102258,5.547378,4.535343,5.312411,5.186478,5.186478
4.535343,6.194903,6.047127,5.249960,5.153131,5.153131
6.047127,6.194903,4.535343,5.249960,5.153131,5.153131
5.291233,6.532834,6.047127,5.234663,5.185177,5.185177
6.047127,6.532834,5.291233,5.234663,5.185177,5.185177
