R1,R2,R3,ETriat,E,ENew
1.511781,1.511776,2.476758,30.216862,54.301066,54.301066
2.476758,1.511776,1.511781,30.216862,54.301066,54.301066
1.700749,1.511781,2.551270,29.054897,41.836311,41.836311
2.551270,1.511781,1.700749,29.054897,41.836311,41.836311
1.511781,1.345858,2.267666,33.392124,76.448550,76.448550
2.267666,1.345858,1.511781,33.392124,76.448550,76.448550
1.511781,1.495353,2.456648,34.248508,59.723011,59.723011
2.456648,1.495353,1.511781,34.248508,59.723011,59.723011
1.511781,1.652946,2.645615,30.443689,45.736479,45.736479
2.645615,1.652946,1.511781,30.443689,45.736479,45.736479
1.511781,1.816526,2.834587,27.002228,37.063049,37.063049
2.834587,1.816526,1.511781,27.002228,37.063049,37.063049
1.511781,2.156200,3.212537,20.483319,27.851774,27.851774
3.212537,2.156200,1.511781,20.483319,27.851774,27.851774
1.511781,2.684941,3.779443,12.091330,21.783747,21.783747
3.779443,2.684941,1.511781,12.091330,21.783747,21.783747
1.511781,3.045087,4.157393,8.612485,20.160367,20.160367
4.157393,3.045087,1.511781,8.612485,20.160367,20.160367
1.511781,3.959990,5.102264,5.575314,19.668705,19.668705
5.102264,3.959990,1.511781,5.575314,19.668705,19.668705
1.511781,4.886299,6.047124,5.600563,20.041290,20.041290
6.047124,4.886299,1.511781,5.600563,20.041290,20.041290
1.889726,1.889721,3.095943,23.591095,16.182534,16.182534
3.095943,1.889721,1.889726,23.591095,16.182534,16.182534
1.889726,1.301077,2.267666,33.183081,66.662917,66.662917
2.267666,1.301077,1.889726,33.183081,66.662917,66.662917
1.889726,1.414402,2.456648,29.668810,46.722189,46.722189
2.456648,1.414402,1.889726,29.668810,46.722189,46.722189
1.889726,1.542621,2.645615,27.453796,32.687350,32.687350
2.645615,1.542621,1.889726,27.453796,32.687350,32.687350
1.889726,1.682320,2.834587,26.740873,24.470587,24.470587
2.834587,1.682320,1.889726,26.740873,24.470587,24.470587
1.889726,1.986357,3.212537,22.231333,13.848374,13.848374
3.212537,1.986357,1.889726,22.231333,13.848374,13.848374
1.889726,2.480787,3.779443,14.822698,6.886482,6.886482
3.779443,2.480787,1.889726,14.822698,6.886482,6.886482
1.889726,2.825585,4.157393,11.425825,5.160633,5.160633
4.157393,2.825585,1.889726,11.425825,5.160633,5.160633
1.889726,4.157397,5.563714,6.041134,3.382574,3.382574
5.563714,4.157397,1.889726,6.041134,3.382574,3.382574
1.889726,3.715890,5.102264,7.163865,3.977704,3.977704
5.102264,3.715890,1.889726,7.163865,3.977704,3.977704
1.889726,4.627870,6.047124,5.596627,3.091948,3.091948
6.047124,4.627870,1.889726,5.596627,3.091948,3.091948
2.267666,1.363802,2.267671,31.147047,51.845963,51.845963
2.267671,1.363802,2.267666,31.147047,51.845963,51.845963
2.267671,2.267667,3.715128,15.615032,4.473919,4.473919
3.715128,2.267667,2.267671,15.615032,4.473919,4.473919
2.267671,1.432016,2.456648,27.250872,39.464294,39.464294
2.456648,1.432016,2.267671,27.250872,39.464294,39.464294
2.267671,1.520794,2.645615,24.030075,28.217810,28.217810
2.645615,1.520794,2.267671,24.030075,28.217810,28.217810
2.267671,1.626751,2.834587,22.439159,20.155684,20.155684
2.834587,1.626751,2.267671,22.439159,20.155684,20.155684
2.267671,1.878221,3.212537,19.278042,9.742963,9.742963
3.212537,1.878221,2.267671,19.278042,9.742963,9.742963
2.267671,2.320642,3.779443,15.173829,4.157404,4.157404
3.779443,2.320642,2.267671,15.173829,4.157404,4.157404
2.267671,3.779443,5.409088,6.840749,0.995770,0.995770
5.409088,3.779443,2.267671,6.840749,0.995770,0.995770
2.267671,2.642156,4.157393,13.103405,3.336305,3.336305
4.157393,2.642156,2.267671,13.103405,3.336305,3.336305
2.267671,3.495689,5.102264,8.086554,1.626675,1.626675
5.102264,3.495689,2.267671,8.086554,1.626675,1.626675
2.267671,4.386813,6.047124,5.650178,0.323149,0.323149
6.047124,4.386813,2.267671,5.650178,0.323149,0.323149
2.645615,1.591112,2.645617,21.597667,21.546978,21.546978
2.645617,1.591112,2.645615,21.597667,21.546978,21.546978
2.645618,2.645617,4.334328,11.030937,2.228482,2.228482
4.334328,2.645617,2.645618,11.030937,2.228482,2.228482
2.645617,1.657746,2.834587,18.956230,15.925601,15.925601
2.834587,1.657746,2.645617,18.956230,15.925601,15.925601
2.645617,1.842688,3.212537,15.940919,8.019239,8.019239
3.212537,1.842688,2.645617,15.940919,8.019239,8.019239
2.645617,2.214078,3.779443,13.443630,3.333486,3.333486
3.779443,2.214078,2.645617,13.443630,3.333486,3.333486
3.779452,2.645617,4.613409,6.825790,1.813791,1.813791
4.613409,2.645617,3.779452,6.825790,1.813791,1.813791
2.645617,2.502745,4.157393,11.703454,2.328957,2.328957
4.157393,2.502745,2.645617,11.703454,2.328957,2.328957
2.645617,3.304169,5.102264,8.996526,2.830116,2.830116
5.102264,3.304169,2.645617,8.996526,2.830116,2.830116
2.645617,4.166145,6.047124,5.817311,1.263934,1.263934
6.047124,4.166145,2.645617,5.817311,1.263934,1.263934
3.023562,1.883871,3.212537,13.924470,6.663894,6.663894
3.212537,1.883871,3.023562,13.924470,6.663894,6.663894
3.023562,2.169007,3.779443,11.131215,2.637362,2.637362
3.779443,2.169007,3.023562,11.131215,2.637362,2.637362
3.023562,2.414988,4.157393,10.541763,2.454192,2.454192
4.157393,2.414988,3.023562,10.541763,2.454192,2.454192
3.023562,3.146571,5.102264,8.086741,2.875951,2.875951
5.102264,3.146571,3.023562,8.086741,2.875951,2.875951
4.962088,3.023562,5.102258,5.325265,2.429605,2.429605
5.102258,3.023562,4.962088,5.325265,2.429605,2.429605
3.023562,5.102264,7.271327,5.220665,2.357577,2.357577
7.271327,5.102264,3.023562,5.220665,2.357577,2.357577
3.023562,3.969268,6.047124,6.110580,2.911510,2.911510
6.047124,3.969268,3.023562,6.110580,2.911510,2.911510
3.779443,2.273004,3.779452,7.517799,1.085707,1.085707
3.779452,2.273004,3.779443,7.517799,1.085707,1.085707
3.779461,3.779452,6.191897,5.706926,4.473529,4.473529
6.191897,3.779452,3.779461,5.706926,4.473529,4.473529
3.779452,2.413727,4.157393,7.061170,1.186963,1.186963
4.157393,2.413727,3.779452,7.061170,1.186963,1.186963
3.779452,2.953763,5.102264,6.715104,2.965412,2.965412
5.102264,2.953763,3.779452,6.715104,2.965412,2.965412
3.779452,5.102263,7.720175,5.252083,4.606353,4.606353
7.720175,5.102263,3.779452,5.252083,4.606353,4.606353
3.779452,3.661800,6.047124,5.804439,4.352847,4.352847
6.047124,3.661800,3.779452,5.804439,4.352847,4.352847
4.535343,2.948094,5.102264,5.493633,2.260355,2.260355
5.102264,2.948094,4.535343,5.493633,2.260355,2.260355
5.102260,4.535343,7.653808,5.279446,5.172905,5.172905
7.653808,4.535343,5.102260,5.279446,5.172905,5.172905
4.535343,3.493597,6.047124,5.426264,4.116946,4.116946
6.047124,3.493597,4.535343,5.426264,4.116946,4.116946
6.047118,4.535343,7.868775,5.235463,5.147971,5.147971
7.868775,4.535343,6.047118,5.235463,5.147971,5.147971
5.291233,3.484881,6.047124,5.203911,3.915042,3.915042
6.047124,3.484881,5.291233,5.203911,3.915042,3.915042
5.291233,6.047116,9.571291,5.223092,5.181188,5.181188
9.571291,6.047116,5.291233,5.223092,5.181188,5.181188
2.282033,4.200020,5.858092,5.860416,0.452982,0.452982
5.858092,4.200020,2.282033,5.860416,0.452982,0.452982
2.662869,2.662813,4.364941,10.881147,2.219029,2.219029
4.364941,2.662813,2.662869,10.881147,2.219029,2.219029
2.662869,2.681710,4.380443,10.800742,2.215820,2.215820
4.380443,2.681710,2.662869,10.800742,2.215820,2.215820
2.662813,2.681767,4.380449,10.800736,2.215820,2.215820
4.380449,2.681767,2.662813,10.800736,2.215820,2.215820
2.681767,2.681710,4.395924,10.719464,2.211483,2.211483
4.395924,2.681710,2.681767,10.719464,2.211483,2.211483
2.681767,2.700608,4.411425,10.641250,2.210919,2.210919
4.411425,2.700608,2.681767,10.641250,2.210919,2.210919
2.681710,2.700658,4.411416,10.641273,2.210919,2.210919
4.411416,2.700658,2.681710,10.641273,2.210919,2.210919
2.700658,2.700608,4.426891,10.562126,2.209185,2.209185
4.426891,2.700608,2.700658,10.562126,2.209185,2.209185
