R1,R2,R3,ETriat,E,ENew
1.511781,2.229203,1.511788,35.331442,59.138810,59.138810
1.511788,2.229203,1.511781,35.331442,59.138810,59.138810
1.511781,2.371973,1.700762,32.418042,44.738801,44.738801
1.700762,2.371973,1.511781,32.418042,44.738801,44.738801
1.511781,2.520818,1.889718,29.346359,36.633831,36.633831
1.889718,2.520818,1.511781,29.346359,36.633831,36.633831
1.511781,2.674735,2.078691,26.203970,31.825401,31.825401
2.078691,2.674735,1.511781,26.203970,31.825401,31.825401
1.511781,2.832911,2.267665,23.073399,28.759645,28.759645
2.267665,2.832911,1.511781,23.073399,28.759645,28.759645
1.511781,2.994647,2.456638,18.558438,25.152314,25.152314
2.456638,2.994647,1.511781,18.558438,25.152314,25.152314
1.511781,3.159419,2.645612,14.970061,22.819455,22.819455
2.645612,3.159419,1.511781,14.970061,22.819455,22.819455
1.511781,3.326756,2.834585,12.006963,21.189875,21.189875
2.834585,3.326756,1.511781,12.006963,21.189875,21.189875
1.511781,3.667749,3.212532,7.922447,19.491476,19.491476
3.212532,3.667749,1.511781,7.922447,19.491476,19.491476
1.511781,4.191146,3.779453,5.354053,19.052718,19.052718
3.779453,4.191146,1.511781,5.354053,19.052718,19.052718
1.511781,4.545878,4.157400,5.056150,19.276086,19.276086
4.157400,4.545878,1.511781,5.056150,19.276086,19.276086
1.511781,5.446391,5.102269,5.591034,20.028541,20.028541
5.102269,5.446391,1.511781,5.591034,20.028541,20.028541
1.511781,6.359770,6.047118,5.502609,19.973121,19.973121
6.047118,6.359770,1.511781,5.502609,19.973121,19.973121
1.889718,2.786504,1.889726,24.220123,15.568281,15.568281
1.889726,2.786504,1.889718,24.220123,15.568281,15.568281
1.889726,2.928606,2.078691,21.741630,11.458187,11.458187
2.078691,2.928606,1.889726,21.741630,11.458187,11.458187
1.889726,3.075771,2.267665,19.517995,9.254683,9.254683
2.267665,3.075771,1.889726,19.517995,9.254683,9.254683
1.414402,2.456648,1.889726,29.668810,46.722189,46.722189
1.889726,2.456648,1.414402,29.668810,46.722189,46.722189
1.889726,3.227280,2.456638,17.390453,7.942615,7.942615
2.456638,3.227280,1.889726,17.390453,7.942615,7.942615
1.889726,3.382575,2.645612,14.735742,6.419624,6.419624
2.645612,3.382575,1.889726,14.735742,6.419624,6.419624
1.889726,3.541133,2.834585,12.537332,5.411755,5.411755
2.834585,3.541133,1.889726,12.537332,5.411755,5.411755
1.889726,3.866472,3.212532,9.672621,4.648893,4.648893
3.212532,3.866472,1.889726,9.672621,4.648893,4.648893
1.889726,4.370386,3.779453,7.022037,3.869640,3.869640
3.779453,4.370386,1.889726,7.022037,3.869640,3.869640
1.889726,4.714284,4.157400,6.047387,3.360545,3.360545
4.157400,4.714284,1.889726,6.047387,3.360545,3.360545
1.889726,5.593290,5.102269,5.440227,2.954310,2.954310
5.102269,5.593290,1.889726,5.440227,2.954310,2.954310
1.889726,6.490812,6.047118,5.346522,2.891909,2.891909
6.047118,6.490812,1.889726,5.346522,2.891909,2.891909
2.267665,3.343805,2.267671,15.849634,3.767214,3.767214
2.267671,3.343805,2.267665,15.849634,3.767214,3.767214
2.267671,3.485462,2.456638,14.324938,2.911814,2.911814
2.456638,3.485462,2.267671,14.324938,2.911814,2.911814
2.267671,3.631443,2.645612,13.058913,2.618022,2.618022
2.645612,3.631443,2.267671,13.058913,2.618022,2.618022
2.267671,3.781221,2.834585,12.027820,2.618932,2.618932
2.834585,3.781221,2.267671,12.027820,2.618932,2.618932
2.267671,4.090539,3.212532,9.857729,2.288715,2.288715
3.212532,4.090539,2.267671,9.857729,2.288715,2.288715
2.267671,4.573897,3.779453,6.910828,1.025345,1.025345
3.779453,4.573897,2.267671,6.910828,1.025345,1.025345
2.267671,4.906081,4.157400,5.960461,0.508358,0.508358
4.157400,4.906081,2.267671,5.960461,0.508358,0.508358
2.267671,5.761276,5.102269,5.341738,0.082262,0.082262
5.102269,5.761276,2.267671,5.341738,0.082262,0.082262
2.267671,6.640806,6.047118,5.242259,0.012185,0.012185
6.047118,6.640806,2.267671,5.242259,0.012185,0.012185
2.645612,3.901106,2.645617,10.792573,1.674462,1.674462
2.645617,3.901106,2.645612,10.792573,1.674462,1.674462
2.645617,4.042440,2.834585,9.994540,1.773115,1.773115
2.834585,4.042440,2.645617,9.994540,1.773115,1.773115
2.645617,4.336023,3.212532,8.918288,2.347213,2.347213
3.212532,4.336023,2.645617,8.918288,2.347213,2.347213
2.645617,4.798591,3.779453,6.793540,1.797703,1.797703
3.779453,4.798591,2.645617,6.793540,1.797703,1.797703
2.645617,5.118639,4.157400,5.886864,1.310030,1.310030
4.157400,5.118639,2.645617,5.886864,1.310030,1.310030
2.645617,5.948562,5.102269,5.274327,0.886232,0.886232
5.102269,5.948562,2.645617,5.274327,0.886232,0.886232
2.645617,6.808498,6.047118,5.172778,0.812123,0.812123
6.047118,6.808498,2.645617,5.172778,0.812123,0.812123
3.023562,4.599497,3.212532,7.624417,2.625437,2.625437
3.212532,4.599497,3.023562,7.624417,2.625437,2.625437
3.023562,5.041637,3.779453,6.708835,3.237175,3.237175
3.779453,5.041637,3.023562,6.708835,3.237175,3.237175
3.023562,5.349485,4.157400,5.840725,2.783239,2.783239
4.157400,5.349485,3.023562,5.840725,2.783239,2.783239
3.023562,6.153387,5.102269,5.246704,2.375400,2.375400
5.102269,6.153387,3.023562,5.246704,2.375400,2.375400
3.023562,6.992615,6.047118,5.151563,2.305843,2.305843
6.047118,6.992615,3.023562,5.151563,2.305843,2.305843
3.779452,5.573008,3.779453,5.640433,4.397035,4.397035
3.779453,5.573008,3.779452,5.640433,4.397035,4.397035
3.779452,5.857226,4.157400,5.512867,4.681200,4.681200
4.157400,5.857226,3.779452,5.512867,4.681200,4.681200
3.779452,6.608992,5.102269,5.273363,4.622701,4.622701
5.102269,6.608992,3.779452,5.273363,4.622701,4.622701
3.779452,7.405118,6.047118,5.184762,4.556745,4.556745
6.047118,7.405118,3.779452,5.184762,4.556745,4.556745
4.535343,7.115906,5.102269,5.280884,5.172558,5.172558
5.102269,7.115906,4.535343,5.280884,5.172558,5.172558
4.535343,7.868775,6.047118,5.235463,5.147971,5.147971
6.047118,7.868775,4.535343,5.235463,5.147971,5.147971
5.291233,8.375095,6.047118,5.223658,5.180841,5.180841
6.047118,8.375095,5.291233,5.223658,5.180841,5.180841
