R1,R2,R3,ETriat,E,ENew
1.511788,1.511781,1.943512,44.255523,69.943196,69.943196
1.943512,1.511781,1.511788,44.255523,69.943196,69.943196
1.511781,1.477776,1.889723,46.480006,76.124100,76.124100
1.889723,1.477776,1.511781,46.480006,76.124100,76.124100
1.511781,1.602032,2.078705,39.673434,57.477227,57.477227
2.078705,1.602032,1.511781,39.673434,57.477227,57.477227
1.511781,1.737974,2.267672,32.989903,43.810852,43.810852
2.267672,1.737974,1.511781,32.989903,43.810852,43.810852
1.511781,1.883106,2.456642,29.573726,36.800393,36.800393
2.456642,1.883106,1.511781,29.573726,36.800393,36.800393
1.511781,2.035429,2.645610,26.909910,32.740861,32.740861
2.645610,2.035429,1.511781,26.909910,32.740861,32.740861
1.511781,2.193480,2.834592,23.399297,29.182315,29.182315
2.834592,2.193480,1.511781,23.399297,29.182315,29.182315
1.511781,2.522363,3.212542,15.713623,23.328203,23.328203
3.212542,2.522363,1.511781,15.713623,23.328203,23.328203
1.511781,3.037165,3.779460,8.629446,19.739562,19.739562
3.779460,3.037165,1.511781,8.629446,19.739562,19.739562
1.511781,3.389619,4.157397,6.385417,19.153713,19.153713
4.157397,3.389619,1.511781,6.385417,19.153713,19.153713
1.511781,4.289788,5.102265,5.281137,19.605394,19.605394
5.102265,4.289788,1.511781,5.281137,19.605394,19.605394
1.511781,5.205815,6.047120,5.568361,20.019131,20.019131
6.047120,5.205815,1.511781,5.568361,20.019131,20.019131
1.889723,1.597256,1.889726,45.354612,48.735542,48.735542
1.889726,1.597256,1.889723,45.354612,48.735542,48.735542
1.889731,1.889726,2.429386,30.376842,20.487463,20.487463
2.429386,1.889726,1.889731,30.376842,20.487463,20.487463
1.889726,1.685851,2.078705,42.541281,39.064346,39.064346
2.078705,1.685851,1.889726,42.541281,39.064346,39.064346
1.889726,1.790062,2.267672,36.221315,28.452844,28.452844
2.267672,1.790062,1.889726,36.221315,28.452844,28.452844
1.414402,1.889726,2.456648,29.668810,46.722189,46.722189
2.456648,1.889726,1.414402,29.668810,46.722189,46.722189
1.743803,1.889726,2.456647,28.477868,22.418987,22.418987
2.456647,1.889726,1.743803,28.477868,22.418987,22.418987
1.889726,1.907367,2.456642,29.393410,19.260909,19.260909
2.456642,1.907367,1.889726,29.393410,19.260909,19.260909
1.889726,2.035464,2.645610,24.094464,12.998740,12.998740
2.645610,2.035464,1.889726,24.094464,12.998740,12.998740
1.889726,2.172482,2.834592,20.851549,9.761132,9.761132
2.834592,2.172482,1.889726,20.851549,9.761132,9.761132
1.889726,2.467185,3.212542,17.413787,7.941184,7.941184
3.212542,2.467185,1.889726,17.413787,7.941184,7.941184
1.889726,2.945098,3.779460,10.946424,4.761510,4.761510
3.779460,2.945098,1.889726,10.946424,4.761510,4.761510
1.889726,3.279500,4.157397,8.960838,4.447944,4.447944
4.157397,3.279500,1.889726,8.960838,4.447944,4.447944
1.889726,4.148348,5.102265,6.064779,3.390250,3.390250
5.102265,4.148348,1.889726,6.064779,3.390250,3.390250
1.889726,5.044595,6.047120,5.458253,2.978378,2.978378
6.047120,5.044595,1.889726,5.458253,2.978378,2.978378
2.267671,1.916709,2.267672,36.803479,23.489517,23.489517
2.267672,1.916709,2.267671,36.803479,23.489517,23.489517
2.267673,2.267671,2.915260,19.228475,5.547485,5.547485
2.915260,2.267671,2.267673,19.228475,5.547485,5.547485
2.267671,2.003921,2.456642,31.077206,16.881390,16.881390
2.456642,2.003921,2.267671,31.077206,16.881390,16.881390
2.267671,2.456638,3.194739,14.765139,2.423924,2.423924
3.194739,2.456638,2.267671,14.765139,2.423924,2.423924
2.267671,2.104505,2.645610,25.395757,11.052863,11.052863
2.645610,2.104505,2.267671,25.395757,11.052863,11.052863
2.267671,2.216684,2.834592,20.856831,6.893290,6.893290
2.834592,2.216684,2.267671,20.856831,6.893290,6.893290
2.267671,2.469286,3.212542,14.559282,2.315644,2.315644
3.212542,2.469286,2.267671,14.559282,2.315644,2.315644
2.267671,2.899744,3.779460,11.704512,2.558570,2.558570
3.779460,2.899744,2.267671,11.704512,2.558570,2.558570
2.267671,3.210359,4.157397,9.718356,2.187243,2.187243
4.157397,3.210359,2.267671,9.718356,2.187243,2.187243
2.267671,4.037448,5.102265,6.169279,0.634894,0.634894
5.102265,4.037448,2.267671,6.169279,0.634894,0.634894
2.267671,5.102258,6.252187,5.338501,0.086208,0.086208
6.252187,5.102258,2.267671,5.338501,0.086208,0.086208
2.267671,4.907244,6.047120,5.386050,0.124628,0.124628
6.047120,4.907244,2.267671,5.386050,0.124628,0.124628
2.645610,2.236170,2.645617,23.963653,10.094125,10.094125
2.645617,2.236170,2.645610,23.963653,10.094125,10.094125
2.645617,2.645616,3.401135,12.147129,1.978921,1.978921
3.401135,2.645616,2.645617,12.147129,1.978921,1.978921
2.645617,2.322366,2.834592,20.655091,7.527273,7.527273
2.834592,2.322366,2.645617,20.655091,7.527273,7.527273
2.834592,2.645617,3.339505,12.536630,2.925950,2.925950
3.339505,2.645617,2.834592,12.536630,2.925950,2.925950
2.645617,2.528523,3.212542,14.319945,3.119137,3.119137
3.212542,2.528523,2.645617,14.319945,3.119137,3.119137
2.645617,2.903293,3.779460,9.665250,1.402049,1.402049
3.779460,2.903293,2.645617,9.665250,1.402049,1.402049
2.645617,3.184867,4.157397,8.891204,2.136073,2.136073
4.157397,3.184867,2.645617,8.891204,2.136073,2.136073
2.645617,3.959654,5.102265,6.259673,1.517917,1.517917
5.102265,3.959654,2.645617,6.259673,1.517917,1.517917
2.645617,4.795815,6.047120,5.350349,0.951539,0.951539
6.047120,4.795815,2.645617,5.350349,0.951539,0.951539
3.023562,2.641054,3.212542,13.539836,4.245130,4.245130
3.212542,2.641054,3.023562,13.539836,4.245130,4.245130
3.023562,2.955570,3.779460,8.754073,2.217034,2.217034
3.779460,2.955570,3.023562,8.754073,2.217034,2.217034
3.023562,3.204066,4.157397,7.457628,2.286069,2.286069
4.157397,3.204066,3.023562,7.457628,2.286069,2.286069
3.023562,3.916941,5.102265,6.321858,3.045549,3.045549
5.102265,3.916941,3.023562,6.321858,3.045549,3.045549
3.023562,4.712146,6.047120,5.354748,2.463862,2.463862
6.047120,4.712146,3.023562,5.354748,2.463862,2.463862
3.779452,3.194529,3.779460,7.361384,3.964824,3.964824
3.779460,3.194529,3.779452,7.361384,3.964824,3.964824
3.779462,3.779452,4.858772,5.591022,4.328433,4.328433
4.858772,3.779452,3.779462,5.591022,4.328433,4.328433
3.779452,3.371708,4.157397,6.359680,3.968120,3.968120
4.157397,3.371708,3.779452,6.359680,3.968120,3.968120
3.779452,3.940381,5.102265,5.548844,4.515809,4.515809
5.102265,3.940381,3.779452,5.548844,4.515809,4.515809
3.779452,4.633610,6.047120,5.422225,4.739741,4.739741
6.047120,4.633610,3.779452,5.422225,4.739741,4.739741
4.535343,4.105305,5.102265,5.357500,5.014713,5.014713
5.102265,4.105305,4.535343,5.357500,5.014713,5.014713
4.535343,4.677510,6.047120,5.270337,5.131753,5.131753
6.047120,4.677510,4.535343,5.270337,5.131753,5.131753
4.535343,6.047118,7.868775,5.235463,5.147971,5.147971
7.868775,6.047118,4.535343,5.235463,5.147971,5.147971
5.291233,4.840516,6.047120,5.260960,5.177849,5.177849
6.047120,4.840516,5.291233,5.260960,5.177849,5.177849
