R1,R2,R3,ETriat,E,ENew
1.511781,1.840621,1.511782,46.513867,74.077964,74.077964
1.511782,1.840621,1.511781,46.513867,74.077964,74.077964
1.511781,1.961397,1.700749,44.512905,58.430240,58.430240
1.700749,1.961397,1.511781,44.512905,58.430240,58.430240
1.511781,2.092309,1.889734,40.634364,47.970425,47.970425
1.889734,2.092309,1.511781,40.634364,47.970425,47.970425
1.511781,2.231544,2.078701,36.022578,40.691238,40.691238
2.078701,2.231544,1.511781,36.022578,40.691238,40.691238
1.511781,2.267671,2.128418,34.801143,39.177787,39.177787
2.128418,2.267671,1.511781,34.801143,39.177787,39.177787
1.511781,2.377654,2.267668,30.944061,35.101777,35.101777
2.267668,2.377654,1.511781,30.944061,35.101777,35.101777
1.511781,2.529448,2.456635,24.989605,29.778442,29.778442
2.456635,2.529448,1.511781,24.989605,29.778442,29.778442
1.511781,2.685974,2.645625,21.307952,27.274467,27.274467
2.645625,2.685974,1.511781,21.307952,27.274467,27.274467
1.511781,2.846430,2.834592,16.851672,24.210272,24.210272
2.834592,2.846430,1.511781,16.851672,24.210272,24.210272
1.511781,3.176765,3.212526,10.385538,20.529786,20.529786
3.212526,3.176765,1.511781,10.385538,20.529786,20.529786
1.511781,3.689456,3.779450,5.998543,19.109872,19.109872
3.779450,3.689456,1.511781,5.998543,19.109872,19.109872
1.511781,4.039318,4.157402,5.141933,19.140183,19.140183
4.157402,4.039318,1.511781,5.141933,19.140183,19.140183
1.511781,4.932114,5.102260,5.387506,19.811590,19.811590
5.102260,4.932114,1.511781,5.387506,19.811590,19.811590
1.511781,5.841311,6.047118,5.514441,19.977978,19.977978
6.047118,5.841311,1.511781,5.514441,19.977978,19.977978
1.889726,2.300790,1.889734,35.146334,25.073739,25.073739
1.889734,2.300790,1.889726,35.146334,25.073739,25.073739
1.889726,2.420475,2.078701,31.674110,19.554658,19.554658
2.078701,2.420475,1.889726,31.674110,19.554658,19.554658
1.889726,2.548564,2.267668,27.830582,15.503929,15.503929
2.267668,2.548564,1.889726,27.830582,15.503929,15.503929
1.889726,2.683855,2.456635,24.094797,12.509463,12.509463
2.456635,2.683855,1.889726,24.094797,12.509463,12.509463
1.889726,2.825322,2.645625,20.567113,10.164375,10.164375
2.645625,2.825322,1.889726,20.567113,10.164375,10.164375
1.889726,2.834588,2.660516,20.343689,10.034977,10.034977
2.660516,2.834588,1.889726,20.343689,10.034977,10.034977
1.889726,2.972068,2.834592,17.143696,8.086714,8.086714
2.834592,2.972068,1.889726,17.143696,8.086714,8.086714
1.889726,3.278555,3.212526,12.563708,6.141876,6.141876
3.212526,3.278555,1.889726,12.563708,6.141876,6.141876
1.889726,3.762746,3.779450,7.643028,3.961225,3.961225
3.779450,3.762746,1.889726,7.643028,3.961225,3.961225
1.889726,4.097357,4.157402,6.279892,3.398359,3.398359
4.157402,4.097357,1.889726,6.279892,3.398359,3.398359
1.889726,4.961163,5.102260,5.466043,2.964848,2.964848
5.102260,4.961163,1.889726,5.466043,2.964848,2.964848
1.889726,5.850081,6.047118,5.357552,2.894858,2.894858
6.047118,5.850081,1.889726,5.357552,2.894858,2.894858
2.267668,2.760943,2.267671,22.544750,8.236320,8.236320
2.267671,2.760943,2.267668,22.544750,8.236320,8.236320
2.267671,2.879885,2.456635,19.956370,6.382244,6.382244
2.456635,2.879885,2.267671,19.956370,6.382244,6.382244
2.267671,3.006015,2.645625,17.565978,5.119481,5.119481
2.645625,3.006015,2.267671,17.565978,5.119481,5.119481
2.267671,3.138455,2.834592,15.269680,4.086634,4.086634
2.834592,3.138455,2.267671,15.269680,4.086634,4.086634
2.267671,3.419313,3.212526,11.010155,2.258446,2.258446
3.212526,3.419313,2.267671,11.010155,2.258446,2.258446
2.267671,3.871707,3.779450,7.366868,1.072611,1.072611
3.779450,3.871707,2.267671,7.366868,1.072611,1.072611
2.267671,4.188825,4.157402,6.119584,0.520456,0.520456
4.157402,4.188825,2.267671,6.119584,0.520456,0.520456
2.267671,5.018586,5.102260,5.367910,0.091975,0.091975
5.102260,5.018586,2.267671,5.367910,0.091975,0.091975
2.267671,5.883168,6.047118,5.251932,0.013096,0.013096
6.047118,5.883168,2.267671,5.251932,0.013096,0.013096
2.645617,3.221101,2.645625,14.072385,3.311457,3.311457
2.645625,3.221101,2.645617,14.072385,3.311457,3.311457
2.645617,3.339505,2.834592,12.536630,2.925950,2.925950
2.834592,3.339505,2.645617,12.536630,2.925950,2.925950
2.645617,3.594462,3.212526,9.769358,2.345088,2.345088
3.212526,3.594462,2.645617,9.769358,2.345088,2.345088
2.645617,4.013435,3.779450,7.180661,1.914222,1.914222
3.779450,4.013435,2.645617,7.180661,1.914222,1.914222
2.645617,4.311596,4.157402,6.049329,1.375206,1.375206
4.157402,4.311596,2.645617,6.049329,1.375206,1.375206
2.645617,5.102260,5.103426,5.313008,0.907828,0.907828
5.103426,5.102260,2.645617,5.313008,0.907828,0.907828
2.645617,5.940166,6.047118,5.185593,0.815939,0.815939
6.047118,5.940166,2.645617,5.185593,0.815939,0.815939
2.645617,6.047113,6.165284,5.178745,0.812253,0.812253
6.165284,6.047113,2.645617,5.178745,0.812253,0.812253
3.023562,3.799251,3.212526,8.345843,2.829769,2.829769
3.212526,3.799251,3.023562,8.345843,2.829769,2.829769
3.023562,4.184601,3.779450,6.771612,3.145720,3.145720
3.779450,4.184601,3.023562,6.771612,3.145720,3.145720
3.023562,4.463088,4.157402,5.977091,2.860731,2.860731
4.157402,4.463088,3.023562,5.977091,2.860731,2.860731
3.023562,5.102258,4.962088,5.325265,2.429605,2.429605
4.962088,5.102258,3.023562,5.325265,2.429605,2.429605
3.023562,5.214346,5.102260,5.287595,2.399120,2.399120
5.102260,5.214346,3.023562,5.287595,2.399120,2.399120
3.023562,6.020395,6.047118,5.165763,2.311221,2.311221
6.047118,6.020395,3.023562,5.165763,2.311221,2.311221
3.779450,4.601565,3.779452,5.652424,4.368891,4.368891
3.779452,4.601565,3.779450,5.652424,4.368891,4.368891
3.779452,4.840950,4.157402,5.487015,4.630073,4.630073
4.157402,4.840950,3.779452,5.487015,4.630073,4.630073
3.779452,5.507752,5.102260,5.303476,4.637402,4.637402
5.102260,5.507752,3.779452,5.303476,4.637402,4.637402
3.779452,6.246710,6.047118,5.196207,4.560647,4.560647
6.047118,6.246710,3.779452,5.196207,4.560647,4.560647
4.535343,5.884217,5.102260,5.295844,5.176028,5.176028
5.102260,5.884217,4.535343,5.295844,5.176028,5.176028
4.535343,6.552890,6.047118,5.241207,5.148014,5.148014
6.047118,6.552890,4.535343,5.241207,5.148014,5.148014
5.291233,6.928353,6.047118,5.227459,5.180667,5.180667
6.047118,6.928353,5.291233,5.227459,5.180667,5.180667
