R1,R2,R3,ETriat,E,ENew
1.511781,2.137981,1.511781,36.130288,60.169965,60.169965
1.511781,2.137981,1.511781,36.130288,60.169965,60.169965
1.511781,2.275532,1.700754,32.581198,44.827871,44.827871
1.700754,2.275532,1.511781,32.581198,44.827871,44.827871
1.511781,2.420030,1.889726,29.544143,36.560242,36.560242
1.889726,2.420030,1.511781,29.544143,36.560242,36.560242
1.511781,2.570305,2.078699,26.609194,31.848601,31.848601
2.078699,2.570305,1.511781,26.609194,31.848601,31.848601
1.511781,2.725402,2.267671,24.483206,29.735988,29.735988
2.267671,2.725402,1.511781,24.483206,29.735988,29.735988
1.511781,2.884542,2.456644,20.096266,26.244223,26.244223
2.456644,2.884542,1.511781,20.096266,26.244223,26.244223
1.511781,3.047092,2.645617,16.091855,23.511113,23.511113
2.645617,3.047092,1.511781,16.091855,23.511113,23.511113
1.511781,3.212534,2.834589,12.900333,21.692508,21.692508
2.834589,3.212534,1.511781,12.900333,21.692508,21.692508
1.511781,3.550473,3.212534,8.367456,19.673302,19.673302
3.212534,3.550473,1.511781,8.367456,19.673302,19.673302
1.511781,4.070595,3.779452,5.434803,19.052544,19.052544
3.779452,4.070595,1.511781,5.434803,19.052544,19.052544
1.511781,4.423735,4.157397,5.043994,19.239314,19.239314
4.157397,4.423735,1.511781,5.043994,19.239314,19.239314
1.511781,5.321517,5.102261,5.537369,19.972211,19.972211
5.102261,5.321517,1.511781,5.537369,19.972211,19.972211
1.511781,6.233232,6.047124,5.504607,19.973728,19.973728
6.047124,6.233232,1.511781,5.504607,19.973728,19.973728
1.889726,2.672476,1.889726,24.241955,15.138413,15.138413
1.889726,2.672476,1.889726,24.241955,15.138413,15.138413
1.889726,2.809280,2.078699,21.894176,11.124413,11.124413
2.078699,2.809280,1.889726,21.894176,11.124413,11.124413
1.889726,2.951847,2.267671,19.673231,8.917397,8.917397
2.267671,2.951847,1.889726,19.673231,8.917397,8.917397
1.889726,3.099381,2.456644,17.715278,7.794223,7.794223
2.456644,3.099381,1.889726,17.715278,7.794223,7.794223
1.889726,3.251208,2.645617,15.701051,6.954433,6.954433
2.645617,3.251208,1.889726,15.701051,6.954433,6.954433
1.889726,3.406752,2.834589,13.345950,5.851901,5.851901
2.834589,3.406752,1.889726,13.345950,5.851901,5.851901
1.889726,3.727123,3.212534,10.113637,4.870311,4.870311
3.212534,3.727123,1.889726,10.113637,4.870311,4.870311
1.889726,3.779451,3.273100,10.164843,5.223598,5.223598
3.273100,3.779451,1.889726,10.164843,5.223598,5.223598
1.889726,4.225556,3.779452,7.076678,3.867082,3.867082
3.779452,4.225556,1.889726,7.076678,3.867082,3.867082
1.889726,4.566730,4.157397,6.054578,3.351309,3.351309
4.157397,4.566730,1.889726,6.054578,3.351309,3.351309
1.889726,5.440968,5.102261,5.438221,2.949237,2.949237
5.102261,5.440968,1.889726,5.438221,2.949237,2.949237
1.889726,6.335516,6.047124,5.347246,2.891129,2.891129
6.047124,6.335516,1.889726,5.347246,2.891129,2.891129
2.267671,3.206972,2.267671,15.967030,3.418957,3.418957
2.267671,3.206972,2.267671,15.967030,3.418957,3.418957
2.267671,3.343267,2.456644,14.405568,2.572489,2.572489
2.456644,3.343267,2.267671,14.405568,2.572489,2.572489
2.267671,3.484483,2.645617,13.100091,2.301550,2.301550
2.645617,3.484483,2.267671,13.100091,2.301550,2.301550
2.267671,3.630045,2.834589,12.038312,2.343353,2.343353
2.834589,3.630045,2.267671,12.038312,2.343353,2.343353
2.267671,3.212530,2.271605,15.929083,3.399920,3.399920
2.271605,3.212530,2.267671,15.929083,3.399920,3.399920
2.267671,3.932265,3.212534,10.312187,2.593911,2.593911
3.212534,3.932265,2.267671,10.312187,2.593911,2.593911
2.267671,4.407561,3.779452,6.953764,1.035275,1.035275
3.779452,4.407561,2.267671,6.953764,1.035275,1.035275
2.267671,4.735640,4.157397,5.971969,0.510135,0.510135
4.157397,4.735640,2.267671,5.971969,0.510135,0.510135
2.267671,5.583493,5.102261,5.343104,0.080310,0.080310
5.102261,5.583493,2.267671,5.343104,0.080310,0.080310
2.267671,6.458331,6.047124,5.242650,0.011058,0.011058
6.047124,6.458331,2.267671,5.242650,0.011058,0.011058
2.645617,3.741467,2.645617,10.769692,1.412803,1.412803
2.645617,3.741467,2.645617,10.769692,1.412803,1.412803
2.645617,3.877394,2.834589,9.936329,1.536868,1.536868
2.834589,3.877394,2.645617,9.936329,1.536868,1.536868
2.645617,4.161690,3.212534,8.823994,2.171588,2.171588
3.212534,4.161690,2.645617,8.823994,2.171588,2.171588
2.645617,4.613409,3.779452,6.825790,1.813791,1.813791
3.779452,4.613409,2.645617,6.825790,1.813791,1.813791
2.645617,4.927803,4.157397,5.899513,1.316578,1.316578
4.157397,4.927803,2.645617,5.899513,1.316578,1.316578
2.645617,5.747378,5.102261,5.278806,0.887360,0.887360
5.102261,5.747378,2.645617,5.278806,0.887360,0.887360
2.645617,6.600530,6.047124,5.173881,0.811776,0.811776
6.047124,6.600530,2.645617,5.173881,0.811776,0.811776
3.023562,4.411610,3.212534,7.536826,2.502456,2.502456
3.212534,4.411610,3.023562,7.536826,2.502456,2.502456
3.023562,4.840060,3.779452,6.731209,3.251615,3.251615
3.779452,4.840060,3.023562,6.731209,3.251615,3.251615
3.023562,5.140611,4.157397,5.856174,2.793820,2.793820
4.157397,5.140611,3.023562,5.856174,2.793820,2.793820
3.023562,5.930851,5.102261,5.252376,2.377915,2.377915
5.102261,5.930851,3.023562,5.252376,2.377915,2.377915
3.023562,6.047121,5.236960,5.227600,2.358227,2.358227
5.236960,6.047121,3.023562,5.227600,2.358227,2.358227
3.023562,6.760890,6.047124,5.153152,2.306104,2.306104
6.047124,6.760890,3.023562,5.153152,2.306104,2.306104
3.779452,5.344953,3.779452,5.624894,4.376784,4.376784
3.779452,5.344953,3.779452,5.624894,4.376784,4.376784
3.779452,5.618560,4.157397,5.507134,4.671183,4.671183
4.157397,5.618560,3.779452,5.507134,4.671183,4.671183
3.779452,6.349592,5.102261,5.277437,4.624436,4.624436
5.102261,6.349592,3.779452,5.277437,4.624436,4.624436
3.779452,7.131056,6.047124,5.185998,4.556961,4.556961
6.047124,7.131056,3.779452,5.185998,4.556961,4.556961
4.535343,6.826595,5.102261,5.282031,5.172211,5.172211
5.102261,6.826595,4.535343,5.282031,5.172211,5.172211
4.535343,7.558904,6.047124,5.235753,5.147537,5.147537
6.047124,7.558904,4.535343,5.235753,5.147537,5.147537
5.291233,8.035226,6.047124,5.223934,5.180624,5.180624
6.047124,8.035226,5.291233,5.223934,5.180624,5.180624
