R1,R2,R3,ETriat,E,ENew
1.511780,2.920536,1.511781,20.559600,46.306240,46.306240
1.511781,2.920536,1.511780,20.559600,46.306240,46.306240
1.511781,3.103450,1.700749,20.120175,35.062793,35.062793
1.700749,3.103450,1.511781,20.120175,35.062793,35.062793
1.511781,3.287068,1.889734,19.250949,29.461797,29.461797
1.889734,3.287068,1.511781,19.250949,29.461797,29.461797
1.511781,3.471243,2.078702,18.302718,26.869360,26.869360
2.078702,3.471243,1.511781,18.302718,26.869360,26.869360
1.511781,3.655908,2.267671,17.121020,25.566702,25.566702
2.267671,3.655908,1.511781,17.121020,25.566702,25.566702
1.511781,3.840992,2.456639,16.057087,25.076340,25.076340
2.456639,3.840992,1.511781,16.057087,25.076340,25.076340
1.511781,4.026454,2.645624,13.641618,23.491989,23.491989
2.645624,4.026454,1.511781,13.641618,23.491989,23.491989
1.511781,4.212211,2.834592,11.371398,22.100391,22.100391
2.834592,4.212211,1.511781,11.371398,22.100391,22.100391
1.511781,4.584514,3.212529,8.215652,20.535554,20.535554
3.212529,4.584514,1.511781,8.215652,20.535554,20.535554
1.511781,5.144526,3.779451,6.074404,19.926461,19.926461
3.779451,5.144526,1.511781,6.074404,19.926461,19.926461
1.511781,5.518658,4.157404,5.744704,20.011629,20.011629
4.157404,5.518658,1.511781,5.744704,20.011629,20.011629
1.511781,6.455908,5.102263,6.045166,20.498044,20.498044
5.102263,6.455908,1.511781,6.045166,20.498044,20.498044
1.511781,7.395095,6.047121,5.495119,19.971907,19.971907
6.047121,7.395095,1.511781,5.495119,19.971907,19.971907
1.889726,3.650679,1.889734,17.879269,12.164241,12.164241
1.889734,3.650679,1.889726,17.879269,12.164241,12.164241
1.889726,3.833520,2.078702,16.631639,9.029233,9.029233
2.078702,3.833520,1.889726,16.631639,9.029233,9.029233
1.889726,4.016928,2.267671,15.339520,7.386513,7.386513
2.267671,4.016928,1.889726,15.339520,7.386513,7.386513
1.889726,4.200829,2.456639,14.755067,7.185477,7.185477
2.456639,4.200829,1.889726,14.755067,7.185477,7.185477
1.889726,4.385179,2.645624,13.965884,7.087951,7.087951
2.645624,4.385179,1.889726,13.965884,7.087951,7.087951
1.889726,4.569890,2.834592,12.342868,6.252498,6.252498
2.834592,4.569890,1.889726,12.342868,6.252498,6.252498
1.889726,4.940277,3.212529,9.739394,5.159636,5.159636
3.212529,4.940277,1.889726,9.739394,5.159636,5.159636
1.889726,5.497803,3.779451,6.856685,3.790240,3.790240
3.779451,5.497803,1.889726,6.856685,3.790240,3.790240
1.889726,5.870493,4.157404,5.991937,3.338950,3.338950
4.157404,5.870493,1.889726,5.991937,3.338950,3.338950
1.889726,6.804732,5.102263,5.430485,2.959644,2.959644
5.102263,6.804732,1.889726,5.430485,2.959644,2.959644
1.889726,7.741549,6.047121,5.344852,2.896203,2.896203
6.047121,7.741549,1.889726,5.344852,2.896203,2.896203
2.267671,4.380804,2.267671,13.656950,3.132754,3.132754
2.267671,4.380804,2.267671,13.656950,3.132754,3.132754
2.267671,4.563595,2.456639,12.954516,2.720361,2.720361
2.456639,4.563595,2.267671,12.954516,2.720361,2.720361
2.267671,4.746888,2.645624,12.374343,2.776864,2.776864
2.645624,4.746888,2.267671,12.374343,2.776864,2.776864
2.267671,4.930592,2.834592,11.980652,3.141990,3.141990
2.834592,4.930592,2.267671,11.980652,3.141990,3.141990
2.267671,5.299112,3.212529,9.698222,2.351723,2.351723
3.212529,5.299112,2.267671,9.698222,2.351723,2.351723
2.267671,5.854162,3.779451,6.747418,0.910907,0.910907
3.779451,5.854162,2.267671,6.747418,0.910907,0.910907
2.267671,6.225390,4.157404,5.874177,0.449512,0.449512
4.157404,6.225390,2.267671,5.874177,0.449512,0.449512
2.267671,7.156514,5.102263,5.316842,0.071117,0.071117
5.102263,7.156514,2.267671,5.316842,0.071117,0.071117
2.267671,8.090823,6.047121,5.236765,0.012099,0.012099
6.047121,8.090823,2.267671,5.236765,0.012099,0.012099
2.645617,5.110947,2.645624,11.386750,2.673224,2.673224
2.645624,5.110947,2.645617,11.386750,2.673224,2.673224
2.645617,5.293702,2.834592,10.911328,2.951145,2.951145
2.834592,5.293702,2.645617,10.911328,2.951145,2.951145
2.645617,5.660436,3.212529,9.177828,2.707005,2.707005
3.212529,5.660436,2.645617,9.177828,2.707005,2.707005
2.645617,6.213073,3.779451,6.568010,1.604906,1.604906
3.779451,6.213073,2.645617,6.568010,1.604906,1.604906
2.645617,6.582853,4.157404,5.749724,1.196850,1.196850
4.157404,6.582853,2.645617,5.749724,1.196850,1.196850
2.645617,7.510838,5.102263,5.232268,0.856051,0.856051
5.102263,7.510838,2.645617,5.232268,0.856051,0.856051
2.645617,8.442567,6.047121,5.161829,0.805922,0.805922
6.047121,8.442567,2.645617,5.161829,0.805922,0.805922
3.023562,6.023799,3.212529,8.364079,3.413233,3.413233
3.212529,6.023799,3.023562,8.364079,3.413233,3.413233
3.023562,6.574117,3.779451,6.388382,2.942776,2.942776
3.779451,6.574117,3.023562,6.388382,2.942776,2.942776
3.023562,6.942486,4.157404,5.656754,2.620147,2.620147
4.157404,6.942486,3.023562,5.656754,2.620147,2.620147
3.023562,7.867361,5.102263,5.195960,2.334507,2.334507
5.102263,7.867361,3.023562,5.195960,2.334507,2.334507
3.023562,8.796485,6.047121,5.138557,2.296910,2.296910
6.047121,8.796485,3.023562,5.138557,2.296910,2.296910
3.779451,7.301340,3.779452,6.041414,4.815845,4.815845
3.779452,7.301340,3.779451,6.041414,4.815845,4.815845
3.779452,7.667040,4.157404,5.683628,4.865714,4.865714
4.157404,7.667040,3.779452,5.683628,4.865714,4.865714
3.779452,8.585907,5.102263,5.218638,4.574264,4.574264
5.102263,8.585907,3.779452,5.218638,4.574264,4.574264
3.779452,9.509870,6.047121,5.172576,4.547421,4.547421
6.047121,9.509870,3.779452,5.172576,4.547421,4.547421
4.535343,9.310369,5.102263,5.271747,5.167268,5.167268
5.102263,9.310369,4.535343,5.271747,5.167268,5.167268
4.535343,10.229361,6.047121,5.234520,5.148968,5.148968
6.047121,10.229361,4.535343,5.234520,5.148968,5.148968
5.291233,10.953756,6.047121,5.223234,5.181708,5.181708
6.047121,10.953756,5.291233,5.223234,5.181708,5.181708
