R1,R2,R3,ETriat,E,ENew
1.511776,2.977621,1.511781,20.393435,46.371417,46.371417
1.511781,2.977621,1.511776,20.393435,46.371417,46.371417
1.511781,3.163893,1.700749,20.008752,35.179225,35.179225
1.700749,3.163893,1.511781,20.008752,35.179225,35.179225
1.511781,3.350468,1.889721,19.415538,29.834164,29.834164
1.889721,3.350468,1.511781,19.415538,29.834164,29.834164
1.511781,3.537298,2.078694,18.408911,27.149492,27.149492
2.078694,3.537298,1.511781,18.408911,27.149492,27.149492
1.511781,3.724344,2.267667,17.061641,25.640551,25.640551
2.267667,3.724344,1.511781,17.061641,25.640551,25.640551
1.511781,3.911579,2.456646,15.750356,24.862685,24.862685
2.456646,3.911579,1.511781,15.750356,24.862685,24.862685
1.511781,4.098970,2.645618,13.751585,23.661109,23.661109
2.645618,4.098970,1.511781,13.751585,23.661109,23.661109
1.511781,4.286500,2.834591,11.582709,22.346006,22.346006
2.834591,4.286500,1.511781,11.582709,22.346006,22.346006
1.511781,4.661909,3.212536,8.247572,20.576620,20.576620
3.212536,4.661909,1.511781,8.247572,20.576620,20.576620
1.511781,5.225713,3.779461,6.074053,19.928109,19.928109
3.779461,5.225713,1.511781,6.074053,19.928109,19.928109
1.511781,5.601911,4.157388,5.767484,20.036043,20.036043
4.157388,5.601911,1.511781,5.767484,20.036043,20.036043
1.511781,6.543329,5.102258,6.094180,20.547826,20.547826
5.102258,6.543329,1.511781,6.094180,20.547826,20.547826
1.511781,7.485616,6.047127,5.489550,19.966617,19.966617
6.047127,7.485616,1.511781,5.489550,19.966617,19.966617
1.889721,3.722029,1.889726,17.333325,11.758397,11.758397
1.889726,3.722029,1.889721,17.333325,11.758397,11.758397
1.889726,3.908269,2.078694,16.207297,8.704739,8.704739
2.078694,3.908269,1.889726,16.207297,8.704739,8.704739
1.889726,4.094760,2.267667,15.042807,7.154559,7.154559
2.267667,4.094760,1.889726,15.042807,7.154559,7.154559
1.889726,4.281472,2.456646,14.492111,6.960808,6.960808
2.456646,4.281472,1.889726,14.492111,6.960808,6.960808
1.889726,4.468370,2.645618,13.405824,6.548589,6.548589
2.645618,4.468370,1.889726,13.405824,6.548589,6.548589
1.889726,4.655436,2.834591,12.381537,6.301673,6.301673
2.834591,4.655436,1.889726,12.381537,6.301673,6.301673
1.889726,5.029996,3.212536,9.682079,5.105431,5.105431
3.212536,5.029996,1.889726,9.682079,5.105431,5.105431
1.889726,5.592695,3.779461,6.799406,3.734865,3.734865
3.779461,5.592695,1.889726,6.799406,3.734865,3.734865
1.889726,5.968250,4.157388,5.959140,3.307685,3.307685
4.157388,5.968250,1.889726,5.959140,3.307685,3.307685
1.889726,6.908321,5.102258,5.422464,2.952229,2.952229
5.102258,6.908321,1.889726,5.422464,2.952229,2.952229
1.889726,7.849544,6.047127,5.342756,2.894338,2.894338
6.047127,7.849544,1.889726,5.342756,2.894338,2.894338
2.267667,4.466437,2.267671,13.480170,2.977554,2.977554
2.267671,4.466437,2.267667,13.480170,2.977554,2.977554
2.267671,4.652659,2.456646,12.826014,2.603018,2.603018
2.456646,4.652659,2.267671,12.826014,2.603018,2.603018
2.267671,4.839090,2.645618,12.272326,2.680553,2.680553
2.645618,4.839090,2.267671,12.272326,2.680553,2.680553
2.267671,5.025712,2.834591,11.886048,3.050709,3.050709
2.834591,5.025712,2.267671,11.886048,3.050709,3.050709
2.267671,5.399446,3.212536,9.620524,2.276226,2.276226
3.212536,5.399446,2.267671,9.620524,2.276226,2.276226
2.267671,5.961046,3.779461,6.699388,0.864594,0.864594
3.779461,5.961046,2.267671,6.699388,0.864594,0.864594
2.267671,6.335952,4.157388,5.847149,0.423711,0.423711
4.157388,6.335952,2.267671,5.847149,0.423711,0.423711
2.267671,7.274636,5.102258,5.309875,0.064613,0.064613
5.102258,7.274636,2.267671,5.309875,0.064613,0.064613
2.267671,8.214737,6.047127,5.234756,0.010277,0.010277
6.047127,8.214737,2.267671,5.234756,0.010277,0.010277
2.645617,5.210849,2.645618,11.262016,2.550981,2.550981
2.645618,5.210849,2.645617,11.262016,2.550981,2.550981
2.645617,5.397051,2.834591,10.618982,2.661039,2.661039
2.834591,5.397051,2.645617,10.618982,2.661039,2.661039
2.645617,5.769996,3.212536,9.057943,2.589141,2.589141
3.212536,5.769996,2.645617,9.057943,2.589141,2.589141
2.645617,6.330529,3.779461,6.509904,1.548142,1.548142
3.779461,6.330529,2.645617,6.509904,1.548142,1.548142
2.645617,6.704794,4.157388,5.717992,1.166018,1.166018
4.157388,6.704794,2.645617,5.717992,1.166018,1.166018
2.645617,7.642083,5.102258,5.223808,0.847942,0.847942
5.102258,7.642083,2.645617,5.223808,0.847942,0.847942
2.645617,8.581036,6.047127,5.159553,0.803797,0.803797
6.047127,8.581036,2.645617,5.159553,0.803797,0.803797
3.023562,6.141447,3.212536,8.199225,3.250010,3.250010
3.212536,6.141447,3.023562,8.199225,3.250010,3.250010
3.023562,6.700955,3.779461,6.316946,2.872309,2.872309
3.779461,6.700955,3.023562,6.316946,2.872309,2.872309
3.023562,7.074596,4.157388,5.618212,2.582246,2.582246
4.157388,7.074596,3.023562,5.618212,2.582246,2.582246
3.023562,8.010508,5.102258,5.187107,2.325921,2.325921
5.102258,8.010508,3.023562,5.187107,2.325921,2.325921
3.023562,8.948302,6.047127,5.137049,2.295523,2.295523
6.047127,8.948302,3.023562,5.137049,2.295523,2.295523
3.779452,7.444077,3.779461,6.089406,4.864326,4.864326
3.779461,7.444077,3.779452,6.089406,4.864326,4.864326
3.779452,7.816538,4.157388,5.598349,4.780764,4.780764
4.157388,7.816538,3.779452,5.598349,4.780764,4.780764
3.779452,8.749793,5.102258,5.209116,4.564897,4.564897
5.102258,8.749793,3.779452,5.209116,4.564897,4.564897
3.779452,9.685301,6.047127,5.171546,4.546467,4.546467
6.047127,9.685301,3.779452,5.171546,4.546467,4.546467
4.535343,9.491695,5.102258,5.270311,5.165924,5.165924
5.102258,9.491695,4.535343,5.270311,5.165924,5.165924
4.535343,10.425006,6.047127,5.234818,5.149315,5.149315
6.047127,10.425006,4.535343,5.234818,5.149315,5.149315
5.291233,11.166878,6.047127,5.223333,5.181838,5.181838
6.047127,11.166878,5.291233,5.223333,5.181838,5.181838
