R1,R2,R3,ETriat,E,ENew
2.199642,4.006603,2.282033,14.965974,4.301287,4.301287
2.282033,4.006603,2.199642,14.965974,4.301287,4.301287
2.282033,4.185830,2.399946,13.891646,3.405818,3.405818
2.399946,4.185830,2.282033,13.891646,3.405818,3.405818
2.282033,4.366898,2.600265,12.990004,3.161331,3.161331
2.600265,4.366898,2.282033,12.990004,3.161331,3.161331
2.282033,4.549587,2.800580,11.827164,2.816499,2.816499
2.800580,4.549587,2.282033,11.827164,2.816499,2.816499
2.282033,4.733686,3.000884,10.635118,2.458052,2.458052
3.000884,4.733686,2.282033,10.635118,2.458052,2.458052
2.282033,4.917296,3.199298,9.913276,2.506099,2.506099
3.199298,4.917296,2.282033,9.913276,2.506099,2.506099
2.282033,5.104169,3.400022,8.609631,1.876235,1.876235
3.400022,5.104169,2.282033,8.609631,1.876235,1.876235
2.282033,5.291389,3.600027,7.549371,1.349751,1.349751
3.600027,5.291389,2.282033,7.549371,1.349751,1.349751
2.282033,5.479497,3.800021,6.761782,0.948937,0.948937
3.800021,5.479497,2.282033,6.761782,0.948937,0.948937
2.282033,5.668435,4.000026,6.217190,0.658484,0.658484
4.000026,5.668435,2.282033,6.217190,0.658484,0.658484
2.282033,5.858092,4.200020,5.860416,0.452982,0.452982
4.200020,5.858092,2.282033,5.860416,0.452982,0.452982
2.282033,6.048414,4.400014,5.636211,0.310704,0.310704
4.400014,6.048414,2.282033,5.636211,0.310704,0.310704
2.282033,6.239357,4.600019,5.495745,0.211270,0.211270
4.600019,6.239357,2.282033,5.495745,0.211270,0.211270
2.282033,6.430848,4.800028,5.407632,0.143102,0.143102
4.800028,6.430848,2.282033,5.407632,0.143102,0.143102
2.282033,6.622845,5.000034,5.350465,0.096442,0.096442
5.000034,6.622845,2.282033,5.350465,0.096442,0.096442
2.282033,6.815288,5.200027,5.311568,0.064396,0.064396
5.200027,6.815288,2.282033,5.311568,0.064396,0.064396
2.282033,7.008169,5.400033,5.284045,0.042410,0.042410
5.400033,7.008169,2.282033,5.284045,0.042410,0.042410
2.282033,7.201423,5.600027,5.264344,0.027623,0.027623
5.600027,7.201423,2.282033,5.264344,0.027623,0.027623
2.282033,7.395036,5.800021,5.250046,0.017693,0.017693
5.800021,7.395036,2.282033,5.250046,0.017693,0.017693
2.282033,7.588995,6.000026,5.239729,0.011145,0.011145
6.000026,7.588995,2.282033,5.239729,0.011145,0.011145
2.282033,8.075173,6.500037,5.225097,0.003339,0.003339
6.500037,8.075173,2.282033,5.225097,0.003339,0.003339
2.282033,8.562932,7.000033,5.218941,0.001171,0.001171
7.000033,8.562932,2.282033,5.218941,0.001171,0.001171
2.282033,9.052038,7.500045,5.216440,0.000997,0.000997
7.500045,9.052038,2.282033,5.216440,0.000997,0.000997
2.282033,9.542263,8.000041,5.215422,0.001388,0.001388
8.000041,9.542263,2.282033,5.215422,0.001388,0.001388
2.282033,10.033452,8.500037,5.215015,0.001865,0.001865
8.500037,10.033452,2.282033,5.215015,0.001865,0.001865
2.282033,10.525483,9.000048,5.214876,0.002298,0.002298
9.000048,10.525483,2.282033,5.214876,0.002298,0.002298
2.282033,11.018220,9.500044,5.214844,0.002645,0.002645
9.500044,11.018220,2.282033,5.214844,0.002645,0.002645
2.282033,11.511582,10.000041,5.214847,0.002905,0.002905
10.000041,11.511582,2.282033,5.214847,0.002905,0.002905
