R1,R2,R3,ETriat,E,ENew
1.511777,2.883619,1.511781,20.865058,46.461571,46.461571
1.511781,2.883619,1.511777,20.865058,46.461571,46.461571
1.511781,3.064382,1.700760,20.307467,35.098481,35.098481
1.700760,3.064382,1.511781,20.307467,35.098481,35.098481
1.511781,3.246064,1.889727,19.366066,29.436299,29.436299
1.889727,3.246064,1.511781,19.366066,29.436299,29.436299
1.511781,3.428544,2.078699,18.329173,26.775000,26.775000
2.078699,3.428544,1.511781,18.329173,26.775000,26.775000
1.511781,3.611682,2.267666,17.091330,25.441813,25.441813
2.267666,3.611682,1.511781,17.091330,25.441813,25.441813
1.511781,3.795408,2.456648,16.228161,25.178940,25.178940
2.456648,3.795408,1.511781,16.228161,25.178940,25.178940
1.511781,3.979610,2.645615,13.425275,23.230634,23.230634
2.645615,3.979610,1.511781,13.425275,23.230634,23.230634
1.511781,4.164248,2.834587,11.185379,21.887430,21.887430
2.834587,4.164248,1.511781,11.185379,21.887430,21.887430
1.511781,4.534595,3.212537,8.099593,20.412009,20.412009
3.212537,4.534595,1.511781,8.099593,20.412009,20.412009
1.511781,5.092193,3.779443,6.016006,19.866662,19.866662
3.779443,5.092193,1.511781,6.016006,19.866662,19.866662
1.511781,5.465001,4.157393,5.698624,19.964448,19.964448
4.157393,5.465001,1.511781,5.698624,19.964448,19.964448
1.511781,6.399659,5.102264,6.018469,20.470811,20.470811
5.102264,6.399659,1.511781,6.018469,20.470811,20.470811
1.511781,7.336925,6.047124,5.497698,19.974292,19.974292
6.047124,7.336925,1.511781,5.497698,19.974292,19.974292
1.889726,3.604526,1.889727,18.273730,12.458424,12.458424
1.889727,3.604526,1.889726,18.273730,12.458424,12.458424
1.889726,3.785183,2.078699,16.942043,9.265611,9.265611
2.078699,3.785183,1.889726,16.942043,9.265611,9.265611
1.889726,3.966603,2.267666,15.564066,7.561271,7.561271
2.267666,3.966603,1.889726,15.564066,7.561271,7.561271
1.889726,4.148715,2.456648,14.943614,7.343539,7.343539
2.456648,4.148715,1.889726,14.943614,7.343539,7.343539
1.889726,4.331398,2.645615,13.903844,7.008769,7.008769
2.645615,4.331398,1.889726,13.903844,7.008769,7.008769
1.889726,4.514609,2.834587,12.233704,6.134418,6.134418
2.834587,4.514609,1.889726,12.233704,6.134418,6.134418
1.889726,4.882346,3.212537,9.744870,5.162715,5.162715
3.212537,4.882346,1.889726,9.744870,5.162715,5.162715
1.889726,5.436562,3.779443,6.881462,3.813744,3.813744
3.779443,5.436562,1.889726,6.881462,3.813744,3.813744
1.889726,5.807411,4.157393,6.007096,3.353043,3.353043
4.157393,5.807411,1.889726,6.007096,3.353043,3.353043
1.889726,6.737988,5.102264,5.434471,2.963200,2.963200
5.102264,6.737988,1.889726,5.434471,2.963200,2.963200
1.889726,7.672051,6.047124,5.345882,2.897070,2.897070
6.047124,7.672051,1.889726,5.345882,2.897070,2.897070
2.267666,4.325428,2.267671,13.795229,3.253089,3.253089
2.267671,4.325428,2.267666,13.795229,3.253089,3.253089
2.267671,4.506022,2.456648,13.064327,2.820662,2.820662
2.456648,4.506022,2.267671,13.064327,2.820662,2.820662
2.267671,4.687261,2.645615,12.449078,2.846681,2.846681
2.645615,4.687261,2.267671,12.449078,2.846681,2.846681
2.267671,4.869098,2.834587,12.009660,3.168312,3.168312
2.834587,4.869098,2.267671,12.009660,3.168312,3.168312
2.267671,5.234285,3.212537,9.729982,2.382034,2.382034
3.212537,5.234285,2.267671,9.729982,2.382034,2.382034
2.267671,5.785124,3.779443,6.770332,0.932632,0.932632
3.779443,5.785124,2.267671,6.770332,0.932632,0.932632
2.267671,6.153983,4.157393,5.887681,0.462131,0.462131
4.157393,6.153983,2.267671,5.887681,0.462131,0.462131
2.267671,7.080326,5.102264,5.320514,0.074456,0.074456
5.102264,7.080326,2.267671,5.320514,0.074456,0.074456
2.267671,8.010990,6.047124,5.237809,0.013009,0.013009
6.047124,8.010990,2.267671,5.237809,0.013009,0.013009
2.645615,5.046335,2.645617,11.407340,2.691958,2.691958
2.645617,5.046335,2.645615,11.407340,2.691958,2.691958
2.645617,5.226875,2.834587,10.889851,2.928119,2.928119
2.834587,5.226875,2.645617,10.889851,2.928119,2.928119
2.645617,5.589621,3.212537,9.238695,2.766544,2.766544
3.212537,5.589621,2.645617,9.238695,2.766544,2.766544
2.645617,6.137166,3.779443,6.597287,1.633223,1.633223
3.779443,6.137166,2.645617,6.597287,1.633223,1.633223
2.645617,6.504050,4.157393,5.766262,1.212721,1.212721
4.157393,6.504050,2.645617,5.766262,1.212721,1.212721
2.645617,7.426118,5.102264,5.236771,0.860301,0.860301
5.102264,7.426118,2.645617,5.236771,0.860301,0.860301
2.645617,8.353276,6.047124,5.163064,0.807050,0.807050
6.047124,8.353276,2.645617,5.163064,0.807050,0.807050
3.023562,5.947745,3.212537,8.650219,3.698265,3.698265
3.212537,5.947745,3.023562,8.650219,3.698265,3.698265
3.023562,6.492121,3.779443,6.425385,2.979071,2.979071
3.779443,6.492121,3.023562,6.425385,2.979071,2.979071
3.023562,6.857078,4.157393,5.677141,2.640051,2.640051
4.157393,6.857078,3.023562,5.677141,2.640051,2.640051
3.023562,7.774904,5.102264,5.200793,2.339147,2.339147
5.102264,7.774904,3.023562,5.200793,2.339147,2.339147
3.023562,8.698516,6.047124,5.139641,2.297908,2.297908
6.047124,8.698516,3.023562,5.139641,2.297908,2.297908
3.779443,7.209046,3.779452,5.998323,4.772394,4.772394
3.779452,7.209046,3.779443,5.998323,4.772394,4.772394
3.779452,7.570354,4.157393,5.696936,4.878767,4.878767
4.157393,7.570354,3.779452,5.696936,4.878767,4.878767
3.779452,8.479976,5.102264,5.223911,4.579424,4.579424
5.102264,8.479976,3.779452,5.223911,4.579424,4.579424
3.779452,9.396550,6.047124,5.173325,4.548115,4.548115
6.047124,9.396550,3.779452,5.173325,4.548115,4.548115
4.535343,9.193128,5.102264,5.272595,5.168049,5.168049
5.102264,9.193128,4.535343,5.272595,5.168049,5.168049
4.535343,10.102914,6.047124,5.234425,5.148838,5.148838
6.047124,10.102914,4.535343,5.234425,5.148838,5.148838
5.291233,10.815975,6.047124,5.223170,5.181622,5.181622
6.047124,10.815975,5.291233,5.223170,5.181622,5.181622
