R1,R2,R3,ETriat,E,ENew
1.511781,2.645610,1.776799,25.316377,35.732118,35.732118
1.776799,2.645610,1.511781,25.316377,35.732118,35.732118
2.200012,3.597434,2.282033,13.290078,1.979225,1.979225
2.282033,3.597434,2.200012,13.290078,1.979225,1.979225
2.282033,3.758276,2.400020,12.068071,1.123694,1.123694
2.400020,3.758276,2.282033,12.068071,1.123694,1.123694
2.282033,3.922710,2.600010,10.859695,0.729992,0.729992
2.600010,3.922710,2.282033,10.859695,0.729992,0.729992
2.282033,4.090325,2.800019,9.677677,0.483813,0.483813
2.800019,4.090325,2.282033,9.677677,0.483813,0.483813
2.282033,4.260723,3.000009,8.572721,0.290973,0.290973
3.000009,4.260723,2.282033,8.572721,0.290973,0.290973
2.282033,4.433608,3.200017,7.602999,0.144749,0.144749
3.200017,4.433608,2.282033,7.602999,0.144749,0.144749
2.282033,4.608687,3.400013,6.809179,0.046963,0.046963
3.400013,4.608687,2.282033,6.809179,0.046963,0.046963
2.282033,4.785721,3.600021,6.207186,-0.009844,-0.009844
3.600021,4.785721,2.282033,6.207186,-0.009844,-0.009844
2.282033,4.964485,3.800012,5.784809,-0.040936,-0.040936
3.800012,4.964485,2.282033,5.784809,-0.040936,-0.040936
2.282033,5.144827,4.000020,5.511415,-0.058498,-0.058498
4.000020,5.144827,2.282033,5.511415,-0.058498,-0.058498
2.282033,5.326573,4.200028,5.353197,-0.064526,-0.064526
4.200028,5.326573,2.282033,5.353197,-0.064526,-0.064526
2.282033,5.509570,4.400018,5.270907,-0.063962,-0.063962
4.400018,5.509570,2.282033,5.270907,-0.063962,-0.063962
2.282033,5.693737,4.600032,5.233452,-0.059279,-0.059279
4.600032,5.693737,2.282033,5.233452,-0.059279,-0.059279
2.282033,5.878913,4.800022,5.219290,-0.052297,-0.052297
4.800022,5.878913,2.282033,5.219290,-0.052297,-0.052297
2.282033,6.065045,5.000031,5.215201,-0.044708,-0.044708
5.000031,6.065045,2.282033,5.215201,-0.044708,-0.044708
2.282033,6.252018,5.200021,5.214235,-0.037770,-0.037770
5.200021,6.252018,2.282033,5.214235,-0.037770,-0.037770
2.282033,6.439789,5.400029,5.213482,-0.032089,-0.032089
5.400029,6.439789,2.282033,5.213482,-0.032089,-0.032089
2.282033,6.628261,5.600019,5.212166,-0.027753,-0.027753
5.600019,6.628261,2.282033,5.212166,-0.027753,-0.027753
2.282033,6.817405,5.800028,5.210454,-0.024501,-0.024501
5.800028,6.817405,2.282033,5.210454,-0.024501,-0.024501
2.282033,7.007163,6.000042,5.208723,-0.021986,-0.021986
6.000042,7.007163,2.282033,5.208723,-0.021986,-0.021986
2.282033,7.483845,6.500035,5.205245,-0.017823,-0.017823
6.500035,7.483845,2.282033,5.205245,-0.017823,-0.017823
2.282033,7.963386,7.000029,5.203425,-0.015177,-0.015177
7.000029,7.963386,2.282033,5.203425,-0.015177,-0.015177
2.282033,8.445326,7.500046,5.202629,-0.013356,-0.013356
7.500046,8.445326,2.282033,5.202629,-0.013356,-0.013356
2.282033,8.929229,8.000040,5.202340,-0.012055,-0.012055
8.000040,8.929229,2.282033,5.202340,-0.012055,-0.012055
2.282033,9.414822,8.500039,5.202251,-0.011145,-0.011145
8.500039,9.414822,2.282033,5.202251,-0.011145,-0.011145
2.282033,9.901857,9.000050,5.202254,-0.010494,-0.010494
9.000050,9.901857,2.282033,5.202254,-0.010494,-0.010494
2.282033,10.390108,9.500044,5.202345,-0.009974,-0.009974
9.500044,10.390108,2.282033,5.202345,-0.009974,-0.009974
2.282033,10.879452,10.000061,5.202400,-0.009627,-0.009627
10.000061,10.879452,2.282033,5.202400,-0.009627,-0.009627
