R1,R2,R3,ETriat,E,ENew
1.511776,2.476758,1.511781,28.967108,53.051312,53.051312
1.511781,2.476758,1.511776,28.967108,53.051312,53.051312
1.511781,2.633784,1.700749,26.009362,39.082082,39.082082
1.700749,2.633784,1.511781,26.009362,39.082082,39.082082
1.511781,2.794768,1.889721,23.023849,31.331788,31.331788
1.889721,2.794768,1.511781,23.023849,31.331788,31.331788
1.511781,2.959064,2.078694,20.033460,26.799760,26.799760
2.078694,2.959064,1.511781,20.033460,26.799760,26.799760
1.511781,3.126150,2.267667,17.249063,24.105418,24.105418
2.267667,3.126150,1.511781,17.249063,24.105418,24.105418
1.511781,3.295614,2.456646,14.546676,22.260752,22.260752
2.456646,3.295614,1.511781,14.546676,22.260752,22.260752
1.511781,3.467084,2.645618,12.035355,20.892267,20.892267
2.645618,3.467084,1.511781,12.035355,20.892267,20.892267
1.511781,2.834592,1.937769,22.248334,29.932861,29.932861
1.937769,2.834592,1.511781,22.248334,29.932861,29.932861
1.511781,3.640287,2.834591,9.899436,19.929540,19.929540
2.834591,3.640287,1.511781,9.899436,19.929540,19.929540
1.511781,3.990988,3.212536,6.880854,18.928480,18.928480
3.212536,3.990988,1.511781,6.880854,18.928480,18.928480
1.511781,4.525285,3.779461,5.006610,18.816600,18.816600
3.779461,4.525285,1.511781,5.006610,18.816600,18.816600
1.511781,4.157397,3.389619,6.005547,18.773843,18.773843
3.389619,4.157397,1.511781,6.005547,18.773843,18.773843
1.511781,4.885548,4.157388,4.857217,19.107270,19.107270
4.157388,4.885548,1.511781,4.857217,19.107270,19.107270
1.511781,5.796105,5.102258,5.767775,20.211971,20.211971
5.102258,5.796105,1.511781,5.767775,20.211971,20.211971
1.511781,6.716148,6.047127,6.109681,20.583211,20.583211
6.047127,6.716148,1.511781,6.109681,20.583211,20.583211
1.889721,3.095943,1.889726,19.095017,11.686456,11.686456
1.889726,3.095943,1.889721,19.095017,11.686456,11.686456
1.889726,3.252544,2.078694,17.119411,8.075743,8.075743
2.078694,3.252544,1.889726,17.119411,8.075743,8.075743
1.889726,3.412426,2.267667,15.214465,6.120064,6.120064
2.267667,3.412426,1.889726,15.214465,6.120064,6.120064
1.889726,3.575161,2.456646,13.358747,4.949840,4.949840
2.456646,3.575161,1.889726,13.358747,4.949840,4.949840
1.889726,3.740351,2.645618,11.598959,4.148515,4.148515
2.645618,3.740351,1.889726,11.598959,4.148515,4.148515
1.889726,3.907697,2.834591,10.019227,3.566612,3.566612
2.834591,3.907697,1.889726,10.019227,3.566612,3.566612
1.889726,4.247835,3.212536,7.586505,2.888484,2.888484
3.212536,4.247835,1.889726,7.586505,2.888484,2.888484
1.889726,4.768741,3.779461,5.747675,2.658350,2.658350
3.779461,4.768741,1.889726,5.747675,2.658350,2.658350
1.889726,5.121422,4.157388,5.365521,2.697161,2.697161
4.157388,5.121422,1.889726,5.365521,2.697161,2.697161
1.889726,6.016602,5.102258,5.291439,2.812770,2.812770
5.102258,6.016602,1.889726,5.291439,2.812770,2.812770
1.889726,6.924997,6.047127,5.307186,2.855614,2.855614
6.047127,6.924997,1.889726,5.307186,2.855614,2.855614
2.267667,3.715128,2.267671,12.888383,1.747270,1.747270
2.267671,3.715128,2.267667,12.888383,1.747270,1.747270
2.267671,3.871455,2.456646,11.741591,1.099844,1.099844
2.456646,3.871455,2.267671,11.741591,1.099844,1.099844
2.267671,4.030567,2.645618,10.583572,0.734545,0.734545
2.645618,4.030567,2.267671,10.583572,0.734545,0.734545
2.267671,4.192158,2.834591,9.462496,0.477656,0.477656
2.834591,4.192158,2.267671,9.462496,0.477656,0.477656
2.267671,4.521714,3.212536,7.527695,0.134862,0.134862
3.212536,4.521714,2.267671,7.527695,0.134862,0.134862
2.267671,5.028843,3.779461,5.807566,-0.046660,-0.046660
3.779461,5.028843,2.267671,5.807566,-0.046660,-0.046660
2.267671,5.373550,4.157388,5.372207,-0.066954,-0.066954
4.157388,5.373550,2.267671,5.372207,-0.066954,-0.066954
2.267671,6.252187,5.102258,5.214046,-0.038247,-0.038247
5.102258,6.252187,2.267671,5.214046,-0.038247,-0.038247
2.267671,7.147742,6.047127,5.210322,-0.016869,-0.016869
6.047127,7.147742,2.267671,5.210322,-0.016869,-0.016869
2.645617,4.334328,2.645618,9.493376,0.690920,0.690920
2.645618,4.334328,2.645617,9.493376,0.690920,0.690920
2.645617,4.490431,2.834591,8.789156,0.776955,0.776955
2.834591,4.490431,2.645617,8.789156,0.776955,0.776955
2.645617,4.809718,3.212536,7.281281,0.786972,0.786972
3.212536,4.809718,2.645617,7.281281,0.786972,0.786972
2.645617,5.303142,3.779461,5.738182,0.759219,0.759219
3.779461,5.303142,2.645617,5.738182,0.759219,0.759219
2.645617,5.639751,4.157388,5.309542,0.744041,0.744041
4.157388,5.639751,2.645617,5.309542,0.744041,0.744041
2.645617,6.501221,5.102258,5.149609,0.768109,0.768109
5.102258,6.501221,2.645617,5.149609,0.768109,0.768109
2.645617,7.383124,6.047127,5.142884,0.784847,0.784847
6.047127,7.383124,2.645617,5.142884,0.784847,0.784847
3.023562,5.109457,3.212536,6.940242,1.971376,1.971376
3.212536,5.109457,3.023562,6.940242,1.971376,1.971376
3.023562,5.589548,3.779461,5.689622,2.230520,2.230520
3.779461,5.589548,3.023562,5.689622,2.230520,2.230520
3.023562,5.918128,4.157388,5.342556,2.295826,2.295826
4.157388,5.918128,3.023562,5.342556,2.295826,2.295826
3.023562,6.762218,5.102258,5.163215,2.297604,2.297604
5.102258,6.762218,3.023562,5.163215,2.297604,2.297604
3.023562,7.629975,6.047127,5.147612,2.304196,2.304196
6.047127,7.629975,3.023562,5.147612,2.304196,2.304196
3.779452,6.191897,3.779461,5.481042,4.247645,4.247645
3.779461,6.191897,3.779452,5.481042,4.247645,4.247645
3.779452,6.505089,4.157388,5.282632,4.459045,4.459045
4.157388,6.505089,3.779452,5.282632,4.459045,4.459045
3.779452,7.314922,5.102258,5.186724,4.539833,4.539833
5.102258,7.314922,3.779452,5.186724,4.539833,4.539833
3.779452,8.153868,6.047127,5.171465,4.545123,4.545123
6.047127,8.153868,3.779452,5.171465,4.545123,4.545123
4.535343,7.901350,5.102258,5.209478,5.103479,5.103479
5.102258,7.901350,4.535343,5.209478,5.103479,5.103479
4.535343,8.711908,6.047127,5.194670,5.108336,5.108336
6.047127,8.711908,4.535343,5.194670,5.108336,5.108336
5.291233,9.297950,6.047127,5.195561,5.153522,5.153522
6.047127,9.297950,5.291233,5.195561,5.153522,5.153522
