R1,R2,R3,ETriat,E,ENew
1.511781,1.840621,1.511782,39.475610,67.039708,67.039708
1.511782,1.840621,1.511781,39.475610,67.039708,67.039708
1.511781,1.961397,1.700749,37.585834,51.503169,51.503169
1.700749,1.961397,1.511781,37.585834,51.503169,51.503169
1.511781,2.092309,1.889734,35.094902,42.430963,42.430963
1.889734,2.092309,1.511781,35.094902,42.430963,42.430963
1.511781,2.231544,2.078701,31.643626,36.312286,36.312286
2.078701,2.231544,1.511781,31.643626,36.312286,36.312286
1.511781,2.267671,2.128418,30.197001,34.573645,34.573645
2.128418,2.267671,1.511781,30.197001,34.573645,34.573645
1.511781,2.377654,2.267668,26.908639,31.066356,31.066356
2.267668,2.377654,1.511781,26.908639,31.066356,31.066356
1.511781,2.529448,2.456635,21.969295,26.758131,26.758131
2.456635,2.529448,1.511781,21.969295,26.758131,26.758131
1.511781,2.685974,2.645625,17.748019,23.714534,23.714534
2.645625,2.685974,1.511781,17.748019,23.714534,23.714534
1.511781,2.846430,2.834592,14.506368,21.864967,21.864967
2.834592,2.846430,1.511781,14.506368,21.864967,21.864967
1.511781,3.176765,3.212526,9.528837,19.673085,19.673085
3.212526,3.176765,1.511781,9.528837,19.673085,19.673085
1.511781,3.689456,3.779450,5.760778,18.872106,18.872106
3.779450,3.689456,1.511781,5.760778,18.872106,18.872106
1.511781,4.039318,4.157402,5.025804,19.024054,19.024054
4.157402,4.039318,1.511781,5.025804,19.024054,19.024054
1.511781,4.932114,5.102260,5.533469,19.957554,19.957554
5.102260,4.932114,1.511781,5.533469,19.957554,19.957554
1.511781,5.841311,6.047118,5.894744,20.358281,20.358281
6.047118,5.841311,1.511781,5.894744,20.358281,20.358281
1.889726,2.300790,1.889734,29.987999,19.915404,19.915404
1.889734,2.300790,1.889726,29.987999,19.915404,19.915404
1.889726,2.420475,2.078701,26.526269,14.406817,14.406817
2.078701,2.420475,1.889726,26.526269,14.406817,14.406817
1.889726,2.548564,2.267668,23.483546,11.156893,11.156893
2.267668,2.548564,1.889726,23.483546,11.156893,11.156893
1.889726,2.683855,2.456635,20.203692,8.618358,8.618358
2.456635,2.683855,1.889726,20.203692,8.618358,8.618358
1.889726,2.825322,2.645625,17.219490,6.816752,6.816752
2.645625,2.825322,1.889726,17.219490,6.816752,6.816752
1.889726,2.834588,2.660516,17.019482,6.710770,6.710770
2.660516,2.834588,1.889726,17.019482,6.710770,6.710770
1.889726,2.972068,2.834592,14.481313,5.424330,5.424330
2.834592,2.972068,1.889726,14.481313,5.424330,5.424330
1.889726,3.278555,3.212526,10.165413,3.743581,3.743581
3.212526,3.278555,1.889726,10.165413,3.743581,3.743581
1.889726,3.762746,3.779450,6.719980,3.038177,3.038177
3.779450,3.762746,1.889726,6.719980,3.038177,3.038177
1.889726,4.097357,4.157402,5.814812,2.933279,2.933279
4.157402,4.097357,1.889726,5.814812,2.933279,2.933279
1.889726,4.961163,5.102260,5.361535,2.860340,2.860340
5.102260,4.961163,1.889726,5.361535,2.860340,2.860340
1.889726,5.850081,6.047118,5.325246,2.862552,2.862552
6.047118,5.850081,1.889726,5.325246,2.862552,2.862552
2.267668,2.760943,2.267671,19.211091,4.902660,4.902660
2.267671,2.760943,2.267668,19.211091,4.902660,4.902660
2.267671,2.879885,2.456635,17.098805,3.524679,3.524679
2.456635,2.879885,2.267671,17.098805,3.524679,3.524679
2.267671,3.006015,2.645625,15.105628,2.659131,2.659131
2.645625,3.006015,2.267671,15.105628,2.659131,2.659131
2.267671,3.138455,2.834592,13.234949,2.051903,2.051903
2.834592,3.138455,2.267671,13.234949,2.051903,2.051903
2.267671,3.419313,3.212526,9.772326,1.020618,1.020618
3.212526,3.419313,2.267671,9.772326,1.020618,1.020618
2.267671,3.871707,3.779450,6.688913,0.394657,0.394657
3.779450,3.871707,2.267671,6.688913,0.394657,0.394657
2.267671,4.188825,4.157402,5.790190,0.191062,0.191062
4.157402,4.188825,2.267671,5.790190,0.191062,0.191062
2.267671,5.018586,5.102260,5.285214,0.009280,0.009280
5.102260,5.018586,2.267671,5.285214,0.009280,0.009280
2.267671,5.883168,6.047118,5.228125,-0.010711,-0.010711
6.047118,5.883168,2.267671,5.228125,-0.010711,-0.010711
2.645617,3.221101,2.645625,12.452085,1.691157,1.691157
2.645625,3.221101,2.645617,12.452085,1.691157,1.691157
2.645617,3.339505,2.834592,11.207433,1.596753,1.596753
2.834592,3.339505,2.645617,11.207433,1.596753,1.596753
2.645617,3.594462,3.212526,8.947218,1.522948,1.522948
3.212526,3.594462,2.645617,8.947218,1.522948,1.522948
2.645617,4.013435,3.779450,6.426472,1.160033,1.160033
3.779450,4.013435,2.645617,6.426472,1.160033,1.160033
2.645617,4.311596,4.157402,5.664472,0.990350,0.990350
4.157402,4.311596,2.645617,5.664472,0.990350,0.990350
2.645617,5.102260,5.103426,5.226063,0.820883,0.820883
5.103426,5.102260,2.645617,5.226063,0.820883,0.820883
2.645617,5.940166,6.047118,5.159661,0.790007,0.790007
6.047118,5.940166,2.645617,5.159661,0.790007,0.790007
2.645617,6.047113,6.165284,5.155935,0.789444,0.789444
6.165284,6.047113,2.645617,5.155935,0.789444,0.789444
3.023562,3.799251,3.212526,7.854050,2.337976,2.337976
3.212526,3.799251,3.023562,7.854050,2.337976,2.337976
3.023562,4.184601,3.779450,6.199769,2.573877,2.573877
3.779450,4.184601,3.023562,6.199769,2.573877,2.573877
3.023562,4.463088,4.157402,5.620075,2.503714,2.503714
4.157402,4.463088,3.023562,5.620075,2.503714,2.503714
3.023562,5.102258,4.962088,5.242527,2.346866,2.346866
4.962088,5.102258,3.023562,5.242527,2.346866,2.346866
3.023562,5.214346,5.102260,5.224891,2.336415,2.336415
5.102260,5.214346,3.023562,5.224891,2.336415,2.336415
3.023562,6.020395,6.047118,5.162728,2.308185,2.308185
6.047118,6.020395,3.023562,5.162728,2.308185,2.308185
3.779450,4.601565,3.779452,5.590240,4.306707,4.306707
3.779452,4.601565,3.779450,5.590240,4.306707,4.306707
3.779452,4.840950,4.157402,5.385066,4.528124,4.528124
4.157402,4.840950,3.779452,5.385066,4.528124,4.528124
3.779452,5.507752,5.102260,5.197971,4.531897,4.531897
5.102260,5.507752,3.779452,5.197971,4.531897,4.531897
3.779452,6.246710,6.047118,5.179555,4.543996,4.543996
6.047118,6.246710,3.779452,5.179555,4.543996,4.543996
4.535343,5.884217,5.102260,5.217312,5.097495,5.097495
5.102260,5.884217,4.535343,5.217312,5.097495,5.097495
4.535343,6.552890,6.047118,5.177505,5.084312,5.084312
6.047118,6.552890,4.535343,5.177505,5.084312,5.084312
5.291233,6.928353,6.047118,5.206427,5.159636,5.159636
6.047118,6.928353,5.291233,5.206427,5.159636,5.159636
