R1,R2,R3,ETriat,E,ENew
1.511781,3.012064,1.511788,21.016070,47.130852,47.130852
1.511788,3.012064,1.511781,21.016070,47.130852,47.130852
1.511781,3.200357,1.700758,20.264344,35.567854,35.567854
1.700758,3.200357,1.511781,20.264344,35.567854,35.567854
1.511781,3.388728,1.889731,19.033984,29.571378,29.571378
1.889731,3.388728,1.511781,19.033984,29.571378,29.571378
1.511781,3.577160,2.078700,17.618512,26.456187,26.456187
2.078700,3.577160,1.511781,17.618512,26.456187,26.456187
1.511781,3.765648,2.267673,16.117735,24.768976,24.768976
2.267673,3.765648,1.511781,16.117735,24.768976,24.768976
1.511781,3.954181,2.456643,14.365844,23.527157,23.527157
2.456643,3.954181,1.511781,14.365844,23.527157,23.527157
1.511781,4.142755,2.645616,12.364640,22.304333,22.304333
2.645616,4.142755,1.511781,12.364640,22.304333,22.304333
1.511781,4.331362,2.834585,10.455017,21.235234,21.235234
2.834585,4.331362,1.511781,10.455017,21.235234,21.235234
1.511781,4.708665,3.212528,7.669832,20.003173,20.003173
3.212528,4.708665,1.511781,7.669832,20.003173,20.003173
1.511781,5.274812,3.779462,5.862734,19.717923,19.717923
3.779462,5.274812,1.511781,5.862734,19.717923,19.717923
1.511781,5.652317,4.157404,5.652201,19.921735,19.921735
4.157404,5.652317,1.511781,5.652201,19.921735,19.921735
1.511781,6.596298,5.102259,6.456057,20.910133,20.910133
5.102259,6.596298,1.511781,6.456057,20.910133,20.910133
1.511781,7.540498,6.047113,6.613998,21.091222,21.091222
6.047113,7.540498,1.511781,6.613998,21.091222,21.091222
1.889726,3.765075,1.889731,16.662206,11.162704,11.162704
1.889731,3.765075,1.889726,16.662206,11.162704,11.162704
1.889726,3.953360,2.078700,15.617935,8.167458,8.167458
2.078700,3.953360,1.889726,15.617935,8.167458,8.167458
1.889726,4.141710,2.267673,14.724121,6.868486,6.868486
2.267673,4.141710,1.889726,14.724121,6.868486,6.868486
1.889726,4.330112,2.456643,13.568798,6.056059,6.056059
2.456643,4.330112,1.889726,13.568798,6.056059,6.056059
1.889726,4.518564,2.645616,12.621624,5.774105,5.774105
2.645616,4.518564,1.889726,12.621624,5.774105,5.774105
1.889726,4.707055,2.834585,11.349024,5.273987,5.273987
2.834585,4.707055,1.889726,11.349024,5.273987,5.273987
1.889726,5.084146,3.212528,8.674819,4.099730,4.099730
3.212528,5.084146,1.889726,8.674819,4.099730,4.099730
1.889726,5.650016,3.779462,6.285220,3.221780,3.221780
3.779462,5.650016,1.889726,6.285220,3.221780,3.221780
1.889726,6.027360,4.157404,5.651803,3.001230,3.001230
4.157404,6.027360,1.889726,5.651803,3.001230,3.001230
1.889726,6.971003,5.102259,5.337353,2.867452,2.867452
5.102259,6.971003,1.889726,5.337353,2.867452,2.867452
1.889726,7.914936,6.047113,5.310841,2.862552,2.862552
6.047113,7.914936,1.889726,5.310841,2.862552,2.862552
2.267671,4.518086,2.267673,13.382002,2.889438,2.889438
2.267673,4.518086,2.267671,13.382002,2.889438,2.889438
2.267671,4.706366,2.456643,12.715479,2.497556,2.497556
2.456643,4.706366,2.267671,12.715479,2.497556,2.497556
2.267671,4.894701,2.645616,11.846517,2.257406,2.257406
2.645616,4.894701,2.267671,11.846517,2.257406,2.257406
2.267671,5.083082,2.834585,11.054171,2.220503,2.220503
2.834585,5.083082,2.267671,11.054171,2.220503,2.220503
2.267671,5.459967,3.212528,8.630804,1.287741,1.287741
3.212528,5.459967,2.267671,8.630804,1.287741,1.287741
2.267671,6.025562,3.779462,6.222336,0.388499,0.388499
3.779462,6.025562,2.267671,6.222336,0.388499,0.388499
2.267671,6.402745,4.157404,5.574610,0.151861,0.151861
4.157404,6.402745,2.267671,5.574610,0.151861,0.151861
2.267671,7.346041,5.102259,5.244359,-0.000650,-0.000650
5.102259,7.346041,2.267671,5.244359,-0.000650,-0.000650
2.267671,8.289692,6.047113,5.212753,-0.011622,-0.011622
6.047113,8.289692,2.267671,5.212753,-0.011622,-0.011622
2.645616,5.271097,2.645617,11.012932,2.303285,2.303285
2.645617,5.271097,2.645616,11.012932,2.303285,2.303285
2.645617,5.459373,2.834585,10.275948,2.319286,2.319286
2.834585,5.459373,2.645617,10.275948,2.319286,2.319286
2.645617,5.836062,3.212528,8.369341,1.901647,1.901647
3.212528,5.836062,2.645617,8.369341,1.901647,1.901647
2.645617,6.401391,3.779462,6.129830,1.168793,1.168793
3.779462,6.401391,2.645617,6.129830,1.168793,1.168793
2.645617,6.778414,4.157404,5.503142,0.951669,0.951669
4.157404,6.778414,2.645617,5.503142,0.951669,0.951669
2.645617,7.721362,5.102259,5.180600,0.804925,0.804925
5.102259,7.721362,2.645617,5.180600,0.804925,0.804925
2.645617,8.664725,6.047113,5.146809,0.791135,0.791135
6.047113,8.664725,2.645617,5.146809,0.791135,0.791135
3.023562,6.212382,3.212528,8.004014,3.055652,3.055652
3.212528,6.212382,3.023562,8.004014,3.055652,3.055652
3.023562,6.777456,3.779462,6.107937,2.663814,2.663814
3.779462,6.777456,3.023562,6.107937,2.663814,2.663814
3.023562,7.154322,4.157404,5.517942,2.482335,2.482335
4.157404,7.154322,3.023562,5.517942,2.482335,2.482335
3.023562,8.096926,5.102259,5.188654,2.327612,2.327612
5.102259,8.096926,3.023562,5.188654,2.327612,2.327612
3.023562,9.040000,6.047113,5.151641,2.310180,2.310180
6.047113,9.040000,3.023562,5.151641,2.310180,2.310180
3.779452,7.530150,3.779462,5.812315,4.587490,4.587490
3.779462,7.530150,3.779452,5.812315,4.587490,4.587490
3.779452,7.906722,4.157404,5.434719,4.617324,4.617324
4.157404,7.906722,3.779452,5.434719,4.617324,4.617324
3.779452,8.848665,5.102259,5.205000,4.560864,4.560864
5.102259,8.848665,3.779452,5.205000,4.560864,4.560864
3.779452,9.791168,6.047113,5.175711,4.550674,4.550674
6.047113,9.791168,3.779452,5.175711,4.550674,4.550674
4.535343,9.601055,5.102259,5.192379,5.088042,5.088042
5.102259,9.601055,4.535343,5.192379,5.088042,5.088042
4.535343,10.543010,6.047113,5.194420,5.108943,5.108943
6.047113,10.543010,4.535343,5.194420,5.108943,5.108943
5.291233,11.295393,6.047113,5.196907,5.155430,5.155430
6.047113,11.295393,5.291233,5.196907,5.155430,5.155430
