R1,R2,R3,ETriat,E,ENew
1.511781,2.740281,1.511787,22.724588,47.739034,47.739034
1.511787,2.740281,1.511781,22.724588,47.739034,47.739034
1.511781,2.912642,1.700755,21.176922,35.360834,35.360834
1.700755,2.912642,1.511781,21.176922,35.360834,35.360834
1.511781,3.086947,1.889723,19.200039,28.683151,28.683151
1.889723,3.086947,1.511781,19.200039,28.683151,28.683151
1.511781,3.262895,2.078705,17.154957,25.073392,25.073392
2.078705,3.262895,1.511781,17.154957,25.073392,25.073392
1.511781,3.440216,2.267672,15.112744,23.025695,23.025695
2.267672,3.440216,1.511781,15.112744,23.025695,23.025695
1.511781,3.618710,2.456642,13.107664,21.724815,21.724815
2.456642,3.618710,1.511781,13.107664,21.724815,21.724815
1.511781,3.798223,2.645610,11.185755,20.758142,20.758142
2.645610,3.798223,1.511781,11.185755,20.758142,20.758142
1.511781,3.978622,2.834592,9.461186,20.014491,20.014491
2.834592,3.978622,1.511781,9.461186,20.014491,20.014491
1.511781,4.341601,3.212542,6.846828,19.112474,19.112474
3.212542,4.341601,1.511781,6.846828,19.112474,19.112474
1.511781,4.890319,3.779460,5.154965,18.998686,18.998686
3.779460,4.890319,1.511781,5.154965,18.998686,18.998686
1.511781,5.258265,4.157397,5.025089,19.286450,19.286450
4.157397,5.258265,1.511781,5.025089,19.286450,19.286450
1.511781,6.183437,5.102265,5.949701,20.399651,20.399651
5.102265,6.183437,1.511781,5.949701,20.399651,20.399651
1.511781,7.113773,6.047120,6.219148,20.694874,20.694874
6.047120,7.113773,1.511781,6.219148,20.694874,20.694874
1.889723,3.425348,1.889726,16.518536,10.238875,10.238875
1.889726,3.425348,1.889723,16.518536,10.238875,10.238875
1.889726,3.597508,2.078705,15.175689,7.134264,7.134264
2.078705,3.597508,1.889726,15.175689,7.134264,7.134264
1.889726,3.771271,2.267672,13.878193,5.612444,5.612444
2.267672,3.771271,1.889726,13.878193,5.612444,5.612444
1.889726,3.946424,2.456642,12.591485,4.817883,4.817883
2.456642,3.946424,1.889726,12.591485,4.817883,4.817883
1.889726,4.122805,2.645610,11.268648,4.268677,4.268677
2.645610,4.122805,1.889726,11.268648,4.268677,4.268677
1.889726,4.300265,2.834592,9.930450,3.772851,3.772851
2.834592,4.300265,1.889726,9.930450,3.772851,3.772851
1.889726,4.657895,3.212542,7.655321,3.057604,3.057604
3.212542,4.657895,1.889726,7.655321,3.057604,3.057604
1.889726,5.199727,3.779460,5.808608,2.735669,2.735669
3.779460,5.199727,1.889726,5.808608,2.735669,2.735669
1.889726,5.563714,4.157397,5.392797,2.734238,2.734238
4.157397,5.563714,1.889726,5.392797,2.734238,2.734238
1.889726,6.480706,5.102265,5.287822,2.814548,2.814548
5.102265,6.480706,1.889726,5.287822,2.814548,2.814548
1.889726,7.404695,6.047120,5.303872,2.854313,2.854313
6.047120,7.404695,1.889726,5.303872,2.854313,2.854313
2.267671,4.110422,2.267672,12.379138,1.725588,1.725588
2.267672,4.110422,2.267671,12.379138,1.725588,1.725588
2.267671,4.282424,2.456642,11.569543,1.261939,1.261939
2.456642,4.282424,2.267671,11.569543,1.261939,1.261939
2.267671,4.455808,2.645610,10.654443,1.017756,1.017756
2.645610,4.455808,2.267671,10.654443,1.017756,1.017756
2.267671,4.630422,2.834592,9.632968,0.773703,0.773703
2.834592,4.630422,2.267671,9.632968,0.773703,0.773703
2.267671,4.982785,3.212542,7.682251,0.327399,0.327399
3.212542,4.982785,2.267671,7.682251,0.327399,0.327399
2.267671,5.517679,3.779460,5.867605,0.024891,0.024891
3.779460,5.517679,2.267671,5.867605,0.024891,0.024891
2.267671,5.877599,4.157397,5.396127,-0.033434,-0.033434
4.157397,5.877599,2.267671,5.396127,-0.033434,-0.033434
2.267671,6.786007,5.102265,5.212779,-0.034865,-0.034865
5.102265,6.786007,2.267671,5.212779,-0.034865,-0.034865
2.267671,7.703177,6.047120,5.208598,-0.016825,-0.016825
6.047120,7.703177,2.267671,5.208598,-0.016825,-0.016825
2.645610,4.795479,2.645617,9.786037,1.060036,1.060036
2.645617,4.795479,2.645610,9.786037,1.060036,1.060036
2.645617,4.967396,2.834592,9.105184,1.136183,1.136183
2.834592,4.967396,2.645617,9.105184,1.136183,1.136183
2.645617,5.314697,3.212542,7.486262,1.008433,1.008433
3.212542,5.314697,2.645617,7.486262,1.008433,1.008433
2.645617,5.842781,3.779460,5.806118,0.837708,0.837708
3.779460,5.842781,2.645617,5.806118,0.837708,0.837708
2.645617,6.198637,4.157397,5.341993,0.785281,0.785281
4.157397,6.198637,2.645617,5.341993,0.785281,0.785281
2.645617,7.098304,5.102265,5.151835,0.774136,0.774136
5.102265,7.098304,2.645617,5.151835,0.774136,0.774136
2.645617,8.008374,6.047120,5.142588,0.786061,0.786061
6.047120,8.008374,2.645617,5.142588,0.786061,0.786061
3.023562,5.652392,3.212542,7.204451,2.247432,2.247432
3.212542,5.652392,3.023562,7.204451,2.247432,2.247432
3.023562,6.173904,3.779460,5.795442,2.345782,2.345782
3.779460,6.173904,3.023562,5.795442,2.345782,2.345782
3.023562,6.525773,4.157397,5.390124,2.350682,2.350682
4.157397,6.525773,3.023562,5.390124,2.350682,2.350682
3.023562,7.416714,5.102265,5.166743,2.304152,2.304152
5.102265,7.416714,3.023562,5.166743,2.304152,2.304152
3.023562,8.319546,6.047120,5.147906,2.305757,2.305757
6.047120,8.319546,3.023562,5.147906,2.305757,2.305757
3.779452,6.850703,3.779460,5.597179,4.369542,4.369542
3.779460,6.850703,3.779452,5.597179,4.369542,4.369542
3.779452,7.194999,4.157397,5.348266,4.528861,4.528861
4.157397,7.194999,3.779452,5.348266,4.528861,4.528861
3.779452,8.068961,5.102265,5.184620,4.539572,4.539572
5.102265,8.068961,3.779452,5.184620,4.539572,4.539572
3.779452,8.957315,6.047120,5.172511,4.547031,4.547031
6.047120,8.957315,3.779452,5.172511,4.547031,4.547031
4.535343,8.737926,5.102265,5.204935,5.100054,5.100054
5.102265,8.737926,4.535343,5.204935,5.100054,5.100054
4.535343,9.612226,6.047120,5.193317,5.107556,5.107556
6.047120,9.612226,4.535343,5.193317,5.107556,5.107556
5.291233,10.281003,6.047120,5.189937,5.148274,5.148274
6.047120,10.281003,5.291233,5.189937,5.148274,5.148274
