R1,R2,R3,ETriat,E,ENew
1.511788,1.511781,1.943512,38.830846,64.518518,64.518518
1.943512,1.511781,1.511788,38.830846,64.518518,64.518518
1.511781,1.477776,1.889723,39.374015,69.018109,69.018109
1.889723,1.477776,1.511781,39.374015,69.018109,69.018109
1.511781,1.602032,2.078705,36.861705,54.665498,54.665498
2.078705,1.602032,1.511781,36.861705,54.665498,54.665498
1.511781,1.737974,2.267672,31.729134,42.550084,42.550084
2.267672,1.737974,1.511781,31.729134,42.550084,42.550084
1.511781,1.883106,2.456642,27.264500,34.491167,34.491167
2.456642,1.883106,1.511781,27.264500,34.491167,34.491167
1.511781,2.035429,2.645610,23.484145,29.315096,29.315096
2.645610,2.035429,1.511781,23.484145,29.315096,29.315096
1.511781,2.193480,2.834592,20.068153,25.851170,25.851170
2.834592,2.193480,1.511781,20.068153,25.851170,25.851170
1.511781,2.522363,3.212542,14.216390,21.830970,21.830970
3.212542,2.522363,1.511781,14.216390,21.830970,21.830970
1.511781,3.037165,3.779460,8.144462,19.254578,19.254578
3.779460,3.037165,1.511781,8.144462,19.254578,19.254578
1.511781,3.389619,4.157397,6.005547,18.773843,18.773843
4.157397,3.389619,1.511781,6.005547,18.773843,18.773843
1.511781,4.289788,5.102265,5.179361,19.503618,19.503618
5.102265,4.289788,1.511781,5.179361,19.503618,19.503618
1.511781,5.205815,6.047120,5.478727,19.929497,19.929497
6.047120,5.205815,1.511781,5.478727,19.929497,19.929497
1.889723,1.597256,1.889726,36.713488,40.094418,40.094418
1.889726,1.597256,1.889723,36.713488,40.094418,40.094418
1.889731,1.889726,2.429386,26.868164,16.978786,16.978786
2.429386,1.889726,1.889731,26.868164,16.978786,16.978786
1.889726,1.685851,2.078705,34.768437,31.291502,31.291502
2.078705,1.685851,1.889726,34.768437,31.291502,31.291502
1.889726,1.790062,2.267672,30.767887,22.999416,22.999416
2.267672,1.790062,1.889726,30.767887,22.999416,22.999416
1.414402,1.889726,2.456648,27.367259,44.420639,44.420639
2.456648,1.889726,1.414402,27.367259,44.420639,44.420639
1.743803,1.889726,2.456647,26.781551,20.722670,20.722670
2.456647,1.889726,1.743803,26.781551,20.722670,20.722670
1.889726,1.907367,2.456642,26.441137,16.308637,16.308637
2.456642,1.907367,1.889726,26.441137,16.308637,16.308637
1.889726,2.035464,2.645610,22.676197,11.580474,11.580474
2.645610,2.035464,1.889726,22.676197,11.580474,11.580474
1.889726,2.172482,2.834592,19.572351,8.481934,8.481934
2.834592,2.172482,1.889726,19.572351,8.481934,8.481934
1.889726,2.467185,3.212542,14.749062,5.276459,5.276459
3.212542,2.467185,1.889726,14.749062,5.276459,5.276459
1.889726,2.945098,3.779460,9.601573,3.416659,3.416659
3.779460,2.945098,1.889726,9.601573,3.416659,3.416659
1.889726,3.279500,4.157397,7.385984,2.873089,2.873089
4.157397,3.279500,1.889726,7.385984,2.873089,2.873089
1.889726,4.148348,5.102265,5.371473,2.696944,2.696944
5.102265,4.148348,1.889726,5.371473,2.696944,2.696944
1.889726,5.044595,6.047120,5.285100,2.805225,2.805225
6.047120,5.044595,1.889726,5.285100,2.805225,2.805225
2.267671,1.916709,2.267672,28.608355,15.294393,15.294393
2.267672,1.916709,2.267671,28.608355,15.294393,15.294393
2.267673,2.267671,2.915260,17.270846,3.589855,3.589855
2.915260,2.267671,2.267673,17.270846,3.589855,3.589855
2.267671,2.003921,2.456642,25.011607,10.815791,10.815791
2.456642,2.003921,2.267671,25.011607,10.815791,10.815791
2.267671,2.456638,3.194739,14.120532,1.779316,1.779316
3.194739,2.456638,2.267671,14.120532,1.779316,1.779316
2.267671,2.104505,2.645610,21.374255,7.031361,7.031361
2.645610,2.104505,2.267671,21.374255,7.031361,7.031361
2.267671,2.216684,2.834592,18.372804,4.409263,4.409263
2.834592,2.216684,2.267671,18.372804,4.409263,4.409263
2.267671,2.469286,3.212542,13.949409,1.705771,1.705771
3.212542,2.469286,2.267671,13.949409,1.705771,1.705771
2.267671,2.899744,3.779460,9.727802,0.581860,0.581860
3.779460,2.899744,2.267671,9.727802,0.581860,0.581860
2.267671,3.210359,4.157397,7.788827,0.257713,0.257713
4.157397,3.210359,2.267671,7.788827,0.257713,0.257713
2.267671,4.037448,5.102265,5.486120,-0.048264,-0.048264
5.102265,4.037448,2.267671,5.486120,-0.048264,-0.048264
2.267671,5.102258,6.252187,5.214046,-0.038247,-0.038247
6.252187,5.102258,2.267671,5.214046,-0.038247,-0.038247
2.267671,4.907244,6.047120,5.215716,-0.045706,-0.045706
6.047120,4.907244,2.267671,5.215716,-0.045706,-0.045706
2.645610,2.236170,2.645617,19.317925,5.448398,5.448398
2.645617,2.236170,2.645610,19.317925,5.448398,5.448398
2.645617,2.645616,3.401135,11.313974,1.145767,1.145767
3.401135,2.645616,2.645617,11.313974,1.145767,1.145767
2.645617,2.322366,2.834592,16.896593,3.768775,3.768775
2.834592,2.322366,2.645617,16.896593,3.768775,3.768775
2.834592,2.645617,3.339505,11.207433,1.596753,1.596753
3.339505,2.645617,2.834592,11.207433,1.596753,1.596753
2.645617,2.528523,3.212542,12.790016,1.589208,1.589208
3.212542,2.528523,2.645617,12.790016,1.589208,1.589208
2.645617,2.903293,3.779460,9.189112,0.925911,0.925911
3.779460,2.903293,2.645617,9.189112,0.925911,0.925911
2.645617,3.184867,4.157397,7.693487,0.938356,0.938356
4.157397,3.184867,2.645617,7.693487,0.938356,0.938356
2.645617,3.959654,5.102265,5.526733,0.784977,0.784977
5.102265,3.959654,2.645617,5.526733,0.784977,0.784977
2.645617,4.795815,6.047120,5.160327,0.761517,0.761517
6.047120,4.795815,2.645617,5.160327,0.761517,0.761517
3.023562,2.641054,3.212542,11.554800,2.260094,2.260094
3.212542,2.641054,3.023562,11.554800,2.260094,2.260094
3.023562,2.955570,3.779460,8.363188,1.826150,1.826150
3.779460,2.955570,3.023562,8.363188,1.826150,1.826150
3.023562,3.204066,4.157397,7.223895,2.052337,2.052337
4.157397,3.204066,3.023562,7.223895,2.052337,2.052337
3.023562,3.916941,5.102265,5.580288,2.303979,2.303979
5.102265,3.916941,3.023562,5.580288,2.303979,2.303979
3.023562,4.712146,6.047120,5.210606,2.319720,2.319720
6.047120,4.712146,3.023562,5.210606,2.319720,2.319720
3.779452,3.194529,3.779460,6.776012,3.379452,3.379452
3.779460,3.194529,3.779452,6.776012,3.379452,3.379452
3.779462,3.779452,4.858772,5.508630,4.246041,4.246041
4.858772,3.779452,3.779462,5.508630,4.246041,4.246041
3.779452,3.371708,4.157397,6.087223,3.695663,3.695663
4.157397,3.371708,3.779452,6.087223,3.695663,3.695663
3.779452,3.940381,5.102265,5.396896,4.363861,4.363861
5.102265,3.940381,3.779452,5.396896,4.363861,4.363861
3.779452,4.633610,6.047120,5.221883,4.539399,4.539399
6.047120,4.633610,3.779452,5.221883,4.539399,4.539399
4.535343,4.105305,5.102265,5.283130,4.940344,4.940344
5.102265,4.105305,4.535343,5.283130,4.940344,4.940344
4.535343,4.677510,6.047120,5.216306,5.077721,5.077721
6.047120,4.677510,4.535343,5.216306,5.077721,5.077721
4.535343,6.047118,7.868775,5.177268,5.089776,5.089776
7.868775,6.047118,4.535343,5.177268,5.089776,5.089776
5.291233,4.840516,6.047120,5.237717,5.154606,5.154606
6.047120,4.840516,5.291233,5.237717,5.154606,5.154606
