R1,R2,R3,ETriat,E,ENew
2.200005,3.816689,2.282033,13.159923,2.263347,2.263347
2.282033,3.816689,2.200005,13.159923,2.263347,2.263347
2.282033,3.987233,2.400010,12.033525,1.395154,1.395154
2.400010,3.987233,2.282033,12.033525,1.395154,1.395154
2.282033,4.160402,2.600015,10.801866,0.880118,0.880118
2.600015,4.160402,2.282033,10.801866,0.880118,0.880118
2.282033,4.335866,2.800012,9.621613,0.557489,0.557489
2.800012,4.335866,2.282033,9.621613,0.557489,0.557489
2.282033,4.513386,3.000017,8.528790,0.321632,0.321632
3.000017,4.513386,2.282033,8.528790,0.321632,0.321632
2.282033,4.692716,3.200022,7.571385,0.153075,0.153075
3.200022,4.692716,2.282033,7.571385,0.153075,0.153075
2.282033,4.873640,3.400018,6.785689,0.044231,0.044231
3.400018,4.873640,2.282033,6.785689,0.044231,0.044231
2.282033,5.056016,3.600024,6.187752,-0.017779,-0.017779
3.600024,5.056016,2.282033,6.187752,-0.017779,-0.017779
2.282033,5.239679,3.800029,5.765858,-0.052167,-0.052167
3.800029,5.239679,2.282033,5.765858,-0.052167,-0.052167
2.282033,5.424483,4.000025,5.495861,-0.067691,-0.067691
4.000025,5.424483,2.282033,5.495861,-0.067691,-0.067691
2.282033,5.610344,4.200030,5.339336,-0.072548,-0.072548
4.200030,5.610344,2.282033,5.339336,-0.072548,-0.072548
2.282033,5.797146,4.400035,5.258680,-0.070770,-0.070770
4.400035,5.797146,2.282033,5.258680,-0.070770,-0.070770
2.282033,5.984775,4.600015,5.222899,-0.064959,-0.064959
4.600015,5.984775,2.282033,5.222899,-0.064959,-0.064959
2.282033,6.173206,4.800020,5.210372,-0.056980,-0.056980
4.800020,6.173206,2.282033,5.210372,-0.056980,-0.056980
2.282033,6.362344,5.000025,5.207769,-0.048568,-0.048568
5.000025,6.362344,2.282033,5.207769,-0.048568,-0.048568
2.282033,6.552114,5.200022,5.208206,-0.040849,-0.040849
5.200022,6.552114,2.282033,5.208206,-0.040849,-0.040849
2.282033,6.742488,5.400027,5.208688,-0.034474,-0.034474
5.400027,6.742488,2.282033,5.208688,-0.034474,-0.034474
2.282033,6.933404,5.600032,5.208389,-0.029574,-0.029574
5.600032,6.933404,2.282033,5.208389,-0.029574,-0.029574
2.282033,7.124807,5.800028,5.207565,-0.025802,-0.025802
5.800028,7.124807,2.282033,5.207565,-0.025802,-0.025802
2.282033,7.316682,6.000034,5.206476,-0.022940,-0.022940
6.000034,7.316682,2.282033,5.206476,-0.022940,-0.022940
2.282033,7.798137,6.500029,5.204107,-0.018170,-0.018170
6.500029,7.798137,2.282033,5.204107,-0.018170,-0.018170
2.282033,8.281804,7.000042,5.202839,-0.015264,-0.015264
7.000042,8.281804,2.282033,5.202839,-0.015264,-0.015264
2.282033,8.767291,7.500038,5.202306,-0.013356,-0.013356
7.500038,8.767291,2.282033,5.202306,-0.013356,-0.013356
2.282033,9.254323,8.000033,5.202169,-0.012012,-0.012012
8.000033,9.254323,2.282033,5.202169,-0.012012,-0.012012
2.282033,9.742695,8.500055,5.202149,-0.011101,-0.011101
8.500055,9.742695,2.282033,5.202149,-0.011101,-0.011101
2.282033,10.232166,9.000050,5.202198,-0.010451,-0.010451
9.000050,10.232166,2.282033,5.202198,-0.010451,-0.010451
2.282033,10.722608,9.500046,5.202231,-0.010017,-0.010017
9.500046,10.722608,2.282033,5.202231,-0.010017,-0.010017
2.282033,11.213908,10.000059,5.202307,-0.009670,-0.009670
10.000059,11.213908,2.282033,5.202307,-0.009670,-0.009670
