R1,R2,R3,ETriat,E,ENew
1.511777,2.883619,1.511781,20.709857,46.306371,46.306371
1.511781,2.883619,1.511777,20.709857,46.306371,46.306371
1.511781,3.064382,1.700760,19.516375,34.307390,34.307390
1.700760,3.064382,1.511781,19.516375,34.307390,34.307390
1.511781,3.246064,1.889727,18.054388,28.124621,28.124621
1.889727,3.246064,1.511781,18.054388,28.124621,28.124621
1.511781,3.428544,2.078699,16.441403,24.887230,24.887230
2.078699,3.428544,1.511781,16.441403,24.887230,24.887230
1.511781,3.611682,2.267666,14.754177,23.104661,23.104661
2.267666,3.611682,1.511781,14.754177,23.104661,23.104661
1.511781,3.795408,2.456648,13.014707,21.965486,21.965486
2.456648,3.795408,1.511781,13.014707,21.965486,21.965486
1.511781,3.979610,2.645615,11.290807,21.096165,21.096165
2.645615,3.979610,1.511781,11.290807,21.096165,21.096165
1.511781,4.164248,2.834587,9.676742,20.378793,20.378793
2.834587,4.164248,1.511781,9.676742,20.378793,20.378793
1.511781,4.534595,3.212537,7.174376,19.486793,19.486793
3.212537,4.534595,1.511781,7.174376,19.486793,19.486793
1.511781,5.092193,3.779443,5.487007,19.337663,19.337663
3.779443,5.092193,1.511781,5.487007,19.337663,19.337663
1.511781,5.465001,4.157393,5.256006,19.521831,19.521831
4.157393,5.465001,1.511781,5.256006,19.521831,19.521831
1.511781,6.399659,5.102264,6.139585,20.591927,20.591927
5.102264,6.399659,1.511781,6.139585,20.591927,20.591927
1.511781,7.336925,6.047124,6.370748,20.847342,20.847342
6.047124,7.336925,1.511781,6.370748,20.847342,20.847342
1.889726,3.604526,1.889727,15.860691,10.045384,10.045384
1.889727,3.604526,1.889726,15.860691,10.045384,10.045384
1.889726,3.785183,2.078699,14.773186,7.096754,7.096754
2.078699,3.785183,1.889726,14.773186,7.096754,7.096754
1.889726,3.966603,2.267666,13.725384,5.722589,5.722589
2.267666,3.966603,1.889726,13.725384,5.722589,5.722589
1.889726,4.148715,2.456648,12.670207,5.070132,5.070132
2.456648,4.148715,1.889726,12.670207,5.070132,5.070132
1.889726,4.331398,2.645615,11.548002,4.652926,4.652926
2.645615,4.331398,1.889726,11.548002,4.652926,4.652926
1.889726,4.514609,2.834587,10.328588,4.229302,4.229302
2.834587,4.514609,1.889726,10.328588,4.229302,4.229302
1.889726,4.882346,3.212537,8.017678,3.435522,3.435522
3.212537,4.882346,1.889726,8.017678,3.435522,3.435522
1.889726,5.436562,3.779443,5.991543,2.923825,2.923825
3.779443,5.436562,1.889726,5.991543,2.923825,2.923825
1.889726,5.807411,4.157393,5.492581,2.838528,2.838528
4.157393,5.807411,1.889726,5.492581,2.838528,2.838528
1.889726,6.737988,5.102264,5.305897,2.834625,2.834625
5.102264,6.737988,1.889726,5.305897,2.834625,2.834625
1.889726,7.672051,6.047124,5.306030,2.857218,2.857218
6.047124,7.672051,1.889726,5.306030,2.857218,2.857218
2.267666,4.325428,2.267671,12.474922,1.932782,1.932782
2.267671,4.325428,2.267666,12.474922,1.932782,1.932782
2.267671,4.506022,2.456648,11.782441,1.538776,1.538776
2.456648,4.506022,2.267671,11.782441,1.538776,1.538776
2.267671,4.687261,2.645615,11.002061,1.399664,1.399664
2.645615,4.687261,2.267671,11.002061,1.399664,1.399664
2.267671,4.869098,2.834587,10.074060,1.232712,1.232712
2.834587,4.869098,2.267671,10.074060,1.232712,1.232712
2.267671,5.234285,3.212537,8.032580,0.684633,0.684633
3.212537,5.234285,2.267671,8.032580,0.684633,0.684633
2.267671,5.785124,3.779443,6.009899,0.172199,0.172199
3.779443,5.785124,2.267671,6.009899,0.172199,0.172199
2.267671,6.153983,4.157393,5.467352,0.041803,0.041803
4.157393,6.153983,2.267671,5.467352,0.041803,0.041803
2.267671,7.080326,5.102264,5.224636,-0.021422,-0.021422
5.102264,7.080326,2.267671,5.224636,-0.021422,-0.021422
2.267671,8.010990,6.047124,5.210013,-0.014787,-0.014787
6.047124,8.010990,2.267671,5.210013,-0.014787,-0.014787
2.645615,5.046335,2.645617,10.103250,1.387869,1.387869
2.645617,5.046335,2.645615,10.103250,1.387869,1.387869
2.645617,5.226875,2.834587,9.481125,1.519392,1.519392
2.834587,5.226875,2.645617,9.481125,1.519392,1.519392
2.645617,5.589621,3.212537,7.812493,1.340341,1.340341
3.212537,5.589621,2.645617,7.812493,1.340341,1.340341
2.645617,6.137166,3.779443,5.935767,0.971703,0.971703
3.779443,6.137166,2.645617,5.935767,0.971703,0.971703
2.645617,6.504050,4.157393,5.408855,0.855314,0.855314
4.157393,6.504050,2.645617,5.408855,0.855314,0.855314
2.645617,7.426118,5.102264,5.163182,0.786712,0.786712
5.102264,7.426118,2.645617,5.163182,0.786712,0.786712
2.645617,8.353276,6.047124,5.144244,0.788230,0.788230
6.047124,8.353276,2.645617,5.144244,0.788230,0.788230
3.023562,5.947745,3.212537,7.518068,2.566115,2.566115
3.212537,5.947745,3.023562,7.518068,2.566115,2.566115
3.023562,6.492121,3.779443,5.938753,2.492439,2.492439
3.779443,6.492121,3.023562,5.938753,2.492439,2.492439
3.023562,6.857078,4.157393,5.456245,2.419154,2.419154
4.157393,6.857078,3.023562,5.456245,2.419154,2.419154
3.023562,7.774904,5.102264,5.175815,2.314169,2.314169
5.102264,7.774904,3.023562,5.175815,2.314169,2.314169
3.023562,8.698516,6.047124,5.149615,2.307882,2.307882
6.047124,8.698516,3.023562,5.149615,2.307882,2.307882
3.779443,7.209046,3.779452,5.706135,4.480207,4.480207
3.779452,7.209046,3.779443,5.706135,4.480207,4.480207
3.779452,7.570354,4.157393,5.406006,4.587837,4.587837
4.157393,7.570354,3.779452,5.406006,4.587837,4.587837
3.779452,8.479976,5.102264,5.196072,4.551584,4.551584
5.102264,8.479976,3.779452,5.196072,4.551584,4.551584
3.779452,9.396550,6.047124,5.173976,4.548766,4.548766
6.047124,9.396550,3.779452,5.173976,4.548766,4.548766
4.535343,9.193128,5.102264,5.186647,5.082101,5.082101
5.102264,9.193128,4.535343,5.186647,5.082101,5.082101
4.535343,10.102914,6.047124,5.184556,5.098969,5.098969
6.047124,10.102914,4.535343,5.184556,5.098969,5.098969
5.291233,10.815975,6.047124,5.194637,5.153088,5.153088
6.047124,10.815975,5.291233,5.194637,5.153088,5.153088
