R1,R2,R3,ETriat,E,ENew
2.200005,3.816689,2.282033,15.650845,4.754268,4.754268
2.282033,3.816689,2.200005,15.650845,4.754268,4.754268
2.282033,3.987233,2.400010,14.238504,3.600132,3.600132
2.400010,3.987233,2.282033,14.238504,3.600132,3.600132
2.282033,4.160402,2.600015,13.012135,3.090387,3.090387
2.600015,4.160402,2.282033,13.012135,3.090387,3.090387
2.282033,4.335866,2.800012,11.883615,2.819491,2.819491
2.800012,4.335866,2.282033,11.883615,2.819491,2.819491
2.282033,4.513386,3.000017,10.655323,2.448164,2.448164
3.000017,4.513386,2.282033,10.655323,2.448164,2.448164
2.282033,4.692716,3.200022,9.289125,1.870815,1.870815
3.200022,4.692716,2.282033,9.289125,1.870815,1.870815
2.282033,4.873640,3.400018,8.251266,1.509808,1.509808
3.400018,4.873640,2.282033,8.251266,1.509808,1.509808
2.282033,5.056016,3.600024,7.425320,1.219789,1.219789
3.600024,5.056016,2.282033,7.425320,1.219789,1.219789
2.282033,5.239679,3.800029,6.721777,0.903752,0.903752
3.800029,5.239679,2.282033,6.721777,0.903752,0.903752
2.282033,5.424483,4.000025,6.196235,0.632682,0.632682
4.000025,5.424483,2.282033,6.196235,0.632682,0.632682
2.282033,5.610344,4.200030,5.844961,0.433077,0.433077
4.200030,5.610344,2.282033,5.844961,0.433077,0.433077
2.282033,5.797146,4.400035,5.624023,0.294572,0.294572
4.400035,5.797146,2.282033,5.624023,0.294572,0.294572
2.282033,5.984775,4.600015,5.486596,0.198738,0.198738
4.600015,5.984775,2.282033,5.486596,0.198738,0.198738
2.282033,6.173206,4.800020,5.401304,0.133952,0.133952
4.800020,6.173206,2.282033,5.401304,0.133952,0.133952
2.282033,6.362344,5.000025,5.346838,0.090501,0.090501
5.000025,6.362344,2.282033,5.346838,0.090501,0.090501
2.282033,6.552114,5.200022,5.310502,0.061447,0.061447
5.200022,6.552114,2.282033,5.310502,0.061447,0.061447
2.282033,6.742488,5.400027,5.285183,0.042020,0.042020
5.400027,6.742488,2.282033,5.285183,0.042020,0.042020
2.282033,6.933404,5.600032,5.267147,0.029184,0.029184
5.600032,6.933404,2.282033,5.267147,0.029184,0.029184
2.282033,7.124807,5.800028,5.253878,0.020511,0.020511
5.800028,7.124807,2.282033,5.253878,0.020511,0.020511
2.282033,7.316682,6.000034,5.244246,0.014831,0.014831
6.000034,7.316682,2.282033,5.244246,0.014831,0.014831
2.282033,7.798137,6.500029,5.230343,0.008066,0.008066
6.500029,7.798137,2.282033,5.230343,0.008066,0.008066
2.282033,8.281804,7.000042,5.224478,0.006375,0.006375
7.000042,8.281804,2.282033,5.224478,0.006375,0.006375
2.282033,8.767291,7.500038,5.222080,0.006418,0.006418
7.500038,8.767291,2.282033,5.222080,0.006418,0.006418
2.282033,9.254323,8.000033,5.221076,0.006895,0.006895
8.000033,9.254323,2.282033,5.221076,0.006895,0.006895
2.282033,9.742695,8.500055,5.220709,0.007459,0.007459
8.500055,9.742695,2.282033,5.220709,0.007459,0.007459
2.282033,10.232166,9.000050,5.220541,0.007892,0.007892
9.000050,10.232166,2.282033,5.220541,0.007892,0.007892
2.282033,10.722608,9.500046,5.220488,0.008239,0.008239
9.500046,10.722608,2.282033,5.220488,0.008239,0.008239
2.282033,11.213908,10.000059,5.220520,0.008543,0.008543
10.000059,11.213908,2.282033,5.220520,0.008543,0.008543
