R1,R2,R3,ETriat,E,ENew
1.511781,2.137981,1.511781,39.078961,63.118638,63.118638
1.511781,2.137981,1.511781,39.078961,63.118638,63.118638
1.511781,2.275532,1.700754,36.066416,48.313088,48.313088
1.700754,2.275532,1.511781,36.066416,48.313088,48.313088
1.511781,2.420030,1.889726,32.860630,39.876730,39.876730
1.889726,2.420030,1.511781,32.860630,39.876730,39.876730
1.511781,2.570305,2.078699,28.664263,33.903670,33.903670
2.078699,2.570305,1.511781,28.664263,33.903670,33.903670
1.511781,2.725402,2.267671,24.544783,29.797565,29.797565
2.267671,2.725402,1.511781,24.544783,29.797565,29.797565
1.511781,2.884542,2.456644,21.163847,27.311804,27.311804
2.456644,2.884542,1.511781,21.163847,27.311804,27.311804
1.511781,3.047092,2.645617,16.854153,24.273410,24.273410
2.645617,3.047092,1.511781,16.854153,24.273410,24.273410
1.511781,3.212534,2.834589,13.455828,22.248003,22.248003
2.834589,3.212534,1.511781,13.455828,22.248003,22.248003
1.511781,3.550473,3.212534,8.952221,20.258067,20.258067
3.212534,3.550473,1.511781,8.952221,20.258067,20.258067
1.511781,4.070595,3.779452,5.869138,19.486879,19.486879
3.779452,4.070595,1.511781,5.869138,19.486879,19.486879
1.511781,4.423735,4.157397,5.423733,19.619053,19.619053
4.157397,4.423735,1.511781,5.423733,19.619053,19.619053
1.511781,5.321517,5.102261,5.577134,20.011975,20.011975
5.102261,5.321517,1.511781,5.577134,20.011975,20.011975
1.511781,6.233232,6.047124,5.502916,19.972037,19.972037
6.047124,6.233232,1.511781,5.502916,19.972037,19.972037
1.889726,2.672476,1.889726,28.196459,19.092916,19.092916
1.889726,2.672476,1.889726,28.196459,19.092916,19.092916
1.889726,2.809280,2.078699,25.208322,14.438559,14.438559
2.078699,2.809280,1.889726,25.208322,14.438559,14.438559
1.889726,2.951847,2.267671,22.485003,11.729169,11.729169
2.267671,2.951847,1.889726,22.485003,11.729169,11.729169
1.889726,3.099381,2.456644,20.011798,10.090743,10.090743
2.456644,3.099381,1.889726,20.011798,10.090743,10.090743
1.889726,3.251208,2.645617,17.099804,8.353186,8.353186
2.645617,3.251208,1.889726,17.099804,8.353186,8.353186
1.889726,3.406752,2.834589,14.096627,6.602577,6.602577
2.834589,3.406752,1.889726,14.096627,6.602577,6.602577
1.889726,3.727123,3.212534,10.137530,4.894204,4.894204
3.212534,3.727123,1.889726,10.137530,4.894204,4.894204
1.889726,3.779451,3.273100,9.693431,4.752187,4.752187
3.273100,3.779451,1.889726,9.693431,4.752187,4.752187
1.889726,4.225556,3.779452,7.062324,3.852728,3.852728
3.779452,4.225556,1.889726,7.062324,3.852728,3.852728
1.889726,4.566730,4.157397,6.047293,3.344024,3.344024
4.157397,4.566730,1.889726,6.047293,3.344024,3.344024
1.889726,5.440968,5.102261,5.429765,2.940781,2.940781
5.102261,5.440968,1.889726,5.429765,2.940781,2.940781
1.889726,6.335516,6.047124,5.349371,2.893254,2.893254
6.047124,6.335516,1.889726,5.349371,2.893254,2.893254
2.267671,3.206972,2.267671,18.027649,5.479576,5.479576
2.267671,3.206972,2.267671,18.027649,5.479576,5.479576
2.267671,3.343267,2.456644,16.140523,4.307444,4.307444
2.456644,3.343267,2.267671,16.140523,4.307444,4.307444
2.267671,3.484483,2.645617,14.477986,3.679445,3.679445
2.645617,3.484483,2.267671,14.477986,3.679445,3.679445
2.267671,3.630045,2.834589,12.964787,3.269828,3.269828
2.834589,3.630045,2.267671,12.964787,3.269828,3.269828
2.267671,3.212530,2.271605,17.963641,5.434478,5.434478
2.271605,3.212530,2.267671,17.963641,5.434478,5.434478
2.267671,3.932265,3.212534,9.761376,2.043100,2.043100
3.212534,3.932265,2.267671,9.761376,2.043100,2.043100
2.267671,4.407561,3.779452,6.921111,1.002622,1.002622
3.779452,4.407561,2.267671,6.921111,1.002622,1.002622
2.267671,4.735640,4.157397,5.960998,0.499164,0.499164
4.157397,4.735640,2.267671,5.960998,0.499164,0.499164
2.267671,5.583493,5.102261,5.336470,0.073676,0.073676
5.102261,5.583493,2.267671,5.336470,0.073676,0.073676
2.267671,6.458331,6.047124,5.246466,0.014874,0.014874
6.047124,6.458331,2.267671,5.246466,0.014874,0.014874
2.645617,3.741467,2.645617,11.782418,2.425528,2.425528
2.645617,3.741467,2.645617,11.782418,2.425528,2.425528
2.645617,3.877394,2.834589,10.720699,2.321238,2.321238
2.834589,3.877394,2.645617,10.720699,2.321238,2.321238
2.645617,4.161690,3.212534,8.984745,2.332339,2.332339
3.212534,4.161690,2.645617,8.984745,2.332339,2.332339
2.645617,4.613409,3.779452,6.737761,1.725762,1.725762
3.779452,4.613409,2.645617,6.737761,1.725762,1.725762
2.645617,4.927803,4.157397,5.876530,1.293595,1.293595
4.157397,4.927803,2.645617,5.876530,1.293595,1.293595
2.645617,5.747378,5.102261,5.272258,0.880812,0.880812
5.102261,5.747378,2.645617,5.272258,0.880812,0.880812
2.645617,6.600530,6.047124,5.178651,0.816546,0.816546
6.047124,6.600530,2.645617,5.178651,0.816546,0.816546
3.023562,4.411610,3.212534,7.744540,2.710170,2.710170
3.212534,4.411610,3.023562,7.744540,2.710170,2.710170
3.023562,4.840060,3.779452,6.532775,3.053181,3.053181
3.779452,4.840060,3.023562,6.532775,3.053181,3.053181
3.023562,5.140611,4.157397,5.803053,2.740699,2.740699
4.157397,5.140611,3.023562,5.803053,2.740699,2.740699
3.023562,5.930851,5.102261,5.228916,2.354455,2.354455
5.102261,5.930851,3.023562,5.228916,2.354455,2.354455
3.023562,6.047121,5.236960,5.205658,2.336285,2.336285
5.236960,6.047121,3.023562,5.205658,2.336285,2.336285
3.023562,6.760890,6.047124,5.135242,2.288194,2.288194
6.047124,6.760890,3.023562,5.135242,2.288194,2.288194
3.779452,5.344953,3.779452,5.503301,4.255191,4.255191
3.779452,5.344953,3.779452,5.503301,4.255191,4.255191
3.779452,5.618560,4.157397,5.354882,4.518931,4.518931
4.157397,5.618560,3.779452,5.354882,4.518931,4.518931
3.779452,6.349592,5.102261,5.270499,4.617498,4.617498
5.102261,6.349592,3.779452,5.270499,4.617498,4.617498
3.779452,7.131056,6.047124,5.248572,4.619536,4.619536
6.047124,7.131056,3.779452,5.248572,4.619536,4.619536
4.535343,6.826595,5.102261,5.223793,5.113973,5.113973
5.102261,6.826595,4.535343,5.223793,5.113973,5.113973
4.535343,7.558904,6.047124,5.209084,5.120868,5.120868
6.047124,7.558904,4.535343,5.209084,5.120868,5.120868
5.291233,8.035226,6.047124,5.181047,5.137737,5.137737
6.047124,8.035226,5.291233,5.181047,5.137737,5.137737
