R1,R2,R3,ETriat,E,ENew
1.511781,2.316189,1.511788,34.238943,58.026650,58.026650
1.511788,2.316189,1.511781,34.238943,58.026650,58.026650
1.511781,2.463939,1.700758,31.651402,44.169777,44.169777
1.700758,2.463939,1.511781,31.651402,44.169777,44.169777
1.511781,2.617011,1.889731,28.873068,36.487911,36.487911
1.889731,2.617011,1.511781,28.873068,36.487911,36.487911
1.511781,2.774500,2.078700,24.736522,30.752269,30.752269
2.078700,2.774500,1.511781,24.736522,30.752269,30.752269
1.511781,2.935719,2.267673,21.885075,27.990279,27.990279
2.267673,2.935719,1.511781,21.885075,27.990279,27.990279
1.511781,3.100063,2.456643,19.038720,26.046656,26.046656
2.456643,3.100063,1.511781,19.038720,26.046656,26.046656
1.511781,3.267082,2.645616,15.671617,23.906203,23.906203
2.645616,3.267082,1.511781,15.671617,23.906203,23.906203
1.511781,3.436365,2.834585,12.398301,21.917395,21.917395
2.834585,3.436365,1.511781,12.398301,21.917395,21.917395
1.511781,3.780543,3.212528,8.404640,20.179578,20.179578
3.212528,3.780543,1.511781,8.404640,20.179578,20.179578
1.511781,4.307457,3.779462,5.776476,19.529029,19.529029
3.779462,4.307457,1.511781,5.776476,19.529029,19.529029
1.511781,4.663936,4.157404,5.377295,19.612245,19.612245
4.157404,4.663936,1.511781,5.377295,19.612245,19.612245
1.511781,5.567531,5.102259,5.579131,20.019087,20.019087
5.102259,5.567531,1.511781,5.579131,20.019087,20.019087
1.511781,6.482900,6.047113,5.501210,19.972904,19.972904
6.047113,6.482900,1.511781,5.501210,19.972904,19.972904
1.889726,2.895234,1.889731,25.156106,16.946826,16.946826
1.889731,2.895234,1.889726,25.156106,16.946826,16.946826
1.889726,3.042413,2.078700,22.550342,12.723075,12.723075
2.078700,3.042413,1.889726,22.550342,12.723075,12.723075
1.889726,3.194008,2.267673,20.198776,10.380545,10.380545
2.267673,3.194008,1.889726,20.198776,10.380545,10.380545
1.889726,3.349392,2.456643,18.087580,9.050698,9.050698
2.456643,3.349392,1.889726,18.087580,9.050698,9.050698
1.889726,3.508087,2.645616,15.871242,7.912216,7.912216
2.645616,3.508087,1.889726,15.871242,7.912216,7.912216
1.889726,3.669639,2.834585,13.124499,6.289098,6.289098
2.834585,3.669639,1.889726,13.124499,6.289098,6.289098
1.889726,3.999970,3.212528,9.567924,4.697938,4.697938
3.212528,3.999970,1.889726,9.567924,4.697938,4.697938
1.889726,4.509530,3.779462,6.967777,3.848609,3.848609
3.779462,4.509530,1.889726,6.967777,3.848609,3.848609
1.889726,4.856293,4.157404,6.033692,3.355992,3.355992
4.157404,4.856293,1.889726,6.033692,3.355992,3.355992
1.889726,5.740444,5.102259,5.433960,2.950798,2.950798
5.102259,5.740444,1.889726,5.433960,2.950798,2.950798
1.889726,6.641334,6.047113,5.349067,2.895682,2.895682
6.047113,6.641334,1.889726,5.349067,2.895682,2.895682
2.267671,3.474278,2.267673,16.326725,4.632111,4.632111
2.267673,3.474278,2.267671,16.326725,4.632111,4.632111
2.267671,3.621070,2.456643,14.735350,3.654641,3.654641
2.456643,3.621070,2.267671,14.735350,3.654641,3.654641
2.267671,3.771632,2.645616,13.348595,3.175034,3.175034
2.645616,3.771632,2.267671,13.348595,3.175034,3.175034
2.267671,3.925504,2.834585,12.092292,2.884277,2.884277
2.834585,3.925504,2.267671,12.092292,2.884277,2.884277
2.267671,4.241780,3.212528,9.431167,1.953597,1.953597
3.212528,4.241780,2.267671,9.431167,1.953597,1.953597
2.267671,4.733204,3.779462,6.839317,0.970749,0.970749
3.779462,4.733204,2.267671,6.839317,0.970749,0.970749
2.267671,5.069571,4.157404,5.930749,0.484290,0.484290
4.157404,5.069571,2.267671,5.930749,0.484290,0.484290
2.267671,5.932426,5.102259,5.332857,0.076234,0.076234
5.102259,5.932426,2.267671,5.332857,0.076234,0.076234
2.267671,6.817060,6.047113,5.245835,0.016955,0.016955
6.047113,6.817060,2.267671,5.245835,0.016955,0.016955
2.645616,4.053322,2.645617,11.107931,2.146827,2.146827
2.645617,4.053322,2.645616,11.107931,2.146827,2.146827
2.645617,4.199833,2.834585,10.223003,2.110618,2.110618
2.834585,4.199833,2.645617,10.223003,2.110618,2.110618
2.645617,4.502368,3.212528,8.728066,2.199992,2.199992
3.212528,4.502368,2.645617,8.728066,2.199992,2.199992
2.645617,4.975567,3.779462,6.675562,1.687861,1.687861
3.779462,4.975567,2.645617,6.675562,1.687861,1.687861
2.645617,5.301246,4.157404,5.839073,1.266622,1.266622
4.157404,5.301246,2.645617,5.839073,1.266622,1.266622
2.645617,6.141690,5.102259,5.263053,0.877690,0.877690
5.102259,6.141690,2.645617,5.263053,0.877690,0.877690
2.645617,7.008780,6.047113,5.176354,0.816806,0.816806
6.047113,7.008780,2.645617,5.176354,0.816806,0.816806
3.023562,4.778664,3.212528,7.634880,2.652540,2.652540
3.212528,4.778664,3.023562,7.634880,2.652540,2.652540
3.023562,5.234023,3.779462,6.484896,3.018273,3.018273
3.779462,5.234023,3.023562,6.484896,3.018273,3.018273
3.023562,5.549013,4.157404,5.761998,2.708653,2.708653
4.157404,5.549013,3.023562,5.761998,2.708653,2.708653
3.023562,6.366530,5.102259,5.217337,2.348470,2.348470
5.102259,6.366530,3.023562,5.217337,2.348470,2.348470
3.023562,7.215218,6.047113,5.132014,2.287284,2.287284
6.047113,7.215218,3.023562,5.132014,2.287284,2.287284
3.779452,5.790468,3.779462,5.492416,4.253066,4.253066
3.779462,5.790468,3.779452,5.492416,4.253066,4.253066
3.779452,6.084841,4.157404,5.344470,4.516243,4.516243
4.157404,6.084841,3.779452,5.344470,4.516243,4.516243
3.779452,6.856710,5.102259,5.262279,4.613291,4.613291
5.102259,6.856710,3.779452,5.262279,4.613291,4.613291
3.779452,7.667410,6.047113,5.245042,4.617758,4.617758
6.047113,7.667410,3.779452,5.245042,4.617758,4.617758
4.535343,7.391819,5.102259,5.221908,5.114624,5.114624
5.102259,7.391819,4.535343,5.221908,5.114624,5.114624
4.535343,8.164662,6.047113,5.208498,5.121519,5.121519
6.047113,8.164662,4.535343,5.208498,5.121519,5.121519
5.291233,8.699253,6.047113,5.177953,5.135482,5.135482
6.047113,8.699253,5.291233,5.177953,5.135482,5.135482
