R1,R2,R3,ETriat,E,ENew
1.511781,2.550043,1.511784,29.449845,53.757280,53.757280
1.511784,2.550043,1.511781,29.449845,53.757280,53.757280
1.511781,2.711335,1.700761,27.473846,40.843316,40.843316
1.700761,2.711335,1.511781,27.473846,40.843316,40.843316
1.511781,2.875985,1.889731,24.108836,32.747409,32.747409
1.889731,2.875985,1.511781,24.108836,32.747409,32.747409
1.511781,3.043463,2.078701,21.810348,28.913588,28.913588
2.078701,3.043463,1.511781,21.810348,28.913588,28.913588
1.511781,3.213325,2.267671,19.713988,26.891779,26.891779
2.267671,3.213325,1.511781,19.713988,26.891779,26.891779
1.511781,3.385214,2.456641,17.677796,25.678928,25.678928
2.456641,3.385214,1.511781,17.677796,25.678928,25.678928
1.511781,3.558849,2.645619,14.515665,23.611197,23.611197
2.645619,3.558849,1.511781,14.515665,23.611197,23.611197
1.511781,3.733961,2.834588,11.841536,22.055032,22.055032
2.834588,3.733961,1.511781,11.841536,22.055032,22.055032
1.511781,4.087888,3.212528,8.115627,20.247659,20.247659
3.212528,4.087888,1.511781,8.115627,20.247659,20.247659
1.511781,4.625935,3.779463,5.779408,19.603702,19.603702
3.779463,4.625935,1.511781,5.779408,19.603702,19.603702
1.511781,4.988171,4.157402,5.392301,19.646373,19.646373
4.157402,4.988171,1.511781,5.392301,19.646373,19.646373
1.511781,5.902395,5.102259,5.586564,20.032530,20.032530
5.102259,5.902395,1.511781,5.586564,20.032530,20.032530
1.511781,6.824969,6.047116,5.503616,19.977848,19.977848
6.047116,6.824969,1.511781,5.503616,19.977848,19.977848
1.889726,3.187563,1.889731,22.773433,15.708347,15.708347
1.889731,3.187563,1.889726,22.773433,15.708347,15.708347
1.889726,3.348477,2.078701,20.512804,11.788491,11.788491
2.078701,3.348477,1.889726,20.512804,11.788491,11.788491
1.889726,3.512187,2.267671,18.508993,9.692400,9.692400
2.267671,3.512187,1.889726,18.508993,9.692400,9.692400
1.889726,3.678320,2.456641,16.733423,8.549279,8.549279
2.456641,3.678320,1.889726,16.733423,8.549279,8.549279
1.889726,3.846576,2.645619,14.915607,7.633645,7.633645
2.645619,3.846576,1.889726,14.915607,7.633645,7.633645
1.889726,4.016661,2.834588,12.436114,6.100073,6.100073
2.834588,4.016661,1.889726,12.436114,6.100073,6.100073
1.889726,4.361498,3.212528,9.256627,4.602320,4.602320
3.212528,4.361498,1.889726,9.256627,4.602320,4.602320
1.889726,4.887966,3.779463,6.917532,3.834775,3.834775
3.779463,4.887966,1.889726,6.917532,3.834775,3.834775
1.889726,5.243618,4.157402,6.035002,3.369652,3.369652
4.157402,5.243618,1.889726,6.035002,3.369652,3.369652
1.889726,6.144411,5.102259,5.439166,2.962246,2.962246
5.102259,6.144411,1.889726,5.439166,2.962246,2.962246
1.889726,7.056738,6.047116,5.350451,2.899542,2.899542
6.047116,7.056738,1.889726,5.350451,2.899542,2.899542
2.267671,3.825067,2.267671,15.294254,4.336238,4.336238
2.267671,3.825067,2.267671,15.294254,4.336238,4.336238
2.267671,3.985735,2.456641,13.992594,3.483873,3.483873
2.456641,3.985735,2.267671,13.992594,3.483873,3.483873
2.267671,4.148804,2.645619,12.833965,3.074472,3.074472
2.645619,4.148804,2.267671,12.833965,3.074472,3.074472
2.267671,4.313972,2.834588,11.747545,2.818451,2.818451
2.834588,4.313972,2.267671,11.747545,2.818451,2.818451
2.267671,4.649751,3.212528,9.233455,1.858152,1.858152
3.212528,4.649751,2.267671,9.233455,1.858152,1.858152
2.267671,5.164383,3.779463,6.796560,0.946075,0.946075
3.779463,5.164383,2.267671,6.796560,0.946075,0.946075
2.267671,5.513156,4.157402,5.914080,0.477829,0.477829
4.157402,5.513156,2.267671,5.914080,0.477829,0.477829
2.267671,6.399608,5.102259,5.330251,0.079530,0.079530
5.102259,6.399608,2.267671,5.330251,0.079530,0.079530
2.267671,7.300726,6.047116,5.245547,0.018950,0.018950
6.047116,7.300726,2.267671,5.245547,0.018950,0.018950
2.645617,4.462587,2.645619,10.973556,2.206670,2.206670
2.645619,4.462587,2.645617,10.973556,2.206670,2.206670
2.645617,4.623076,2.834588,10.183564,2.191709,2.191709
2.834588,4.623076,2.645617,10.183564,2.191709,2.191709
2.645617,4.950090,3.212528,8.727251,2.239453,2.239453
3.212528,4.950090,2.645617,8.727251,2.239453,2.239453
2.645617,5.452996,3.779463,6.627665,1.651913,1.651913
3.779463,5.452996,2.645617,6.627665,1.651913,1.651913
2.645617,5.794820,4.157402,5.808870,1.246198,1.246198
4.157402,5.794820,2.645617,5.808870,1.246198,1.246198
2.645617,6.666474,5.102259,5.254789,0.874611,0.874611
5.102259,6.666474,2.645617,5.254789,0.874611,0.874611
2.645617,7.555748,6.047116,5.174240,0.816720,0.816720
6.047116,7.555748,2.645617,5.174240,0.816720,0.816720
3.023562,5.260445,3.212528,7.731429,2.766240,2.766240
3.212528,5.260445,3.023562,7.731429,2.766240,2.766240
3.023562,5.751971,3.779463,6.481710,3.025644,3.025644
3.779463,5.751971,3.023562,6.481710,3.025644,3.025644
3.023562,6.086926,4.157402,5.723405,2.679165,2.679165
4.157402,6.086926,3.023562,5.723405,2.679165,2.679165
3.023562,6.943662,5.102259,5.205728,2.341185,2.341185
5.102259,6.943662,3.023562,5.205728,2.341185,2.341185
3.023562,7.820725,6.047116,5.128656,2.285679,2.285679
6.047116,7.820725,3.023562,5.128656,2.285679,2.285679
3.779452,6.375125,3.779463,5.535238,4.303888,4.303888
3.779463,6.375125,3.779452,5.535238,4.303888,4.303888
3.779452,6.696953,4.157402,5.361471,4.539399,4.539399
4.157402,6.696953,3.779452,5.361471,4.539399,4.539399
3.779452,7.524404,5.102259,5.262254,4.616023,4.616023
5.102259,7.524404,3.779452,5.262254,4.616023,4.616023
3.779452,8.376731,6.047116,5.243188,4.617151,4.617151
6.047116,8.376731,3.779452,5.243188,4.617151,4.617151
4.535343,8.133978,5.102259,5.223343,5.117746,5.117746
5.102259,8.133978,4.535343,5.223343,5.117746,5.117746
4.535343,8.962045,6.047116,5.207258,5.121129,5.121129
6.047116,8.962045,4.535343,5.207258,5.121129,5.121129
5.291233,9.571291,6.047116,5.177777,5.135872,5.135872
6.047116,9.571291,5.291233,5.177777,5.135872,5.135872
