R1,R2,R3,ETriat,E,ENew
1.511781,1.849118,1.700749,48.592758,64.435650,64.435650
1.700749,1.849118,1.511781,48.592758,64.435650,64.435650
1.511781,1.975431,1.889721,45.700718,54.048339,54.048339
1.889721,1.975431,1.511781,45.700718,54.048339,54.048339
1.511781,2.111123,2.078694,40.995071,46.019430,46.019430
2.078694,2.111123,1.511781,40.995071,46.019430,46.019430
1.511781,2.254501,2.267667,35.533319,39.615201,39.615201
2.267667,2.254501,1.511781,35.533319,39.615201,39.615201
1.511781,2.404185,2.456646,28.647066,33.104339,33.104339
2.456646,2.404185,1.511781,28.647066,33.104339,33.104339
1.511781,2.559079,2.645618,23.786952,29.289988,29.289988
2.645618,2.559079,1.511781,23.786952,29.289988,29.289988
1.511781,2.718287,2.834591,18.238634,25.080503,25.080503
2.834591,2.718287,1.511781,18.238634,25.080503,25.080503
1.511781,2.834585,2.971886,15.293353,23.161988,23.161988
2.971886,2.834585,1.511781,15.293353,23.161988,23.161988
1.511781,3.046925,3.212536,11.618988,21.268407,21.268407
3.212536,3.046925,1.511781,11.618988,21.268407,21.268407
1.511781,3.558286,3.779461,6.788301,19.612419,19.612419
3.779461,3.558286,1.511781,6.788301,19.612419,19.612419
1.511781,3.907702,4.157388,5.613062,19.474391,19.474391
4.157388,3.907702,1.511781,5.613062,19.474391,19.474391
1.511781,4.157397,4.423735,5.423733,19.619053,19.619053
4.423735,4.157397,1.511781,5.423733,19.619053,19.619053
1.511781,4.800229,5.102258,5.640226,20.057898,20.057898
5.102258,4.800229,1.511781,5.640226,20.057898,20.057898
1.511781,5.709624,6.047127,5.518007,19.979236,19.979236
6.047127,5.709624,1.511781,5.518007,19.979236,19.979236
1.889721,2.167801,1.889726,40.653382,30.736181,30.736181
1.889726,2.167801,1.889721,40.653382,30.736181,30.736181
1.889726,2.281452,2.078694,36.772317,24.486198,24.486198
2.078694,2.281452,1.889726,36.772317,24.486198,24.486198
1.889726,2.404601,2.267667,32.671168,19.951829,19.951829
2.267667,2.404601,1.889726,32.671168,19.951829,19.951829
1.889726,2.535856,2.456646,28.091663,15.974646,15.974646
2.456646,2.535856,1.889726,28.091663,15.974646,15.974646
1.889726,2.674041,2.645618,23.406945,12.401010,12.401010
2.645618,2.674041,1.889726,23.406945,12.401010,12.401010
1.889726,2.818128,2.834591,19.090957,9.407845,9.407845
2.834591,2.818128,1.889726,19.090957,9.407845,9.407845
1.889726,3.120706,3.212536,13.096157,6.104583,6.104583
3.212536,3.120706,1.889726,13.096157,6.104583,6.104583
1.889726,3.601373,3.779461,8.257900,4.257012,4.257012
3.779461,3.601373,1.889726,8.257900,4.257012,4.257012
1.889726,3.934579,4.157388,6.634238,3.600999,3.600999
4.157388,3.934579,1.889726,6.634238,3.600999,3.600999
1.889726,4.796738,5.102258,5.503556,2.994639,2.994639
5.102258,4.796738,1.889726,5.503556,2.994639,2.994639
1.889726,5.685247,6.047127,5.367048,2.901450,2.901450
6.047127,5.685247,1.889726,5.367048,2.901450,2.901450
1.551189,2.267671,2.267672,35.460845,36.407384,36.407384
2.267672,2.267671,1.551189,35.460845,36.407384,36.407384
2.267667,2.601368,2.267671,26.250697,11.329352,11.329352
2.267671,2.601368,2.267667,26.250697,11.329352,11.329352
2.003921,2.456642,2.267671,30.932977,16.737161,16.737161
2.267671,2.456642,2.003921,30.932977,16.737161,16.737161
2.267671,2.714169,2.456646,23.278201,9.034610,9.034610
2.456646,2.714169,2.267671,23.278201,9.034610,9.034610
2.267671,2.835100,2.645618,20.538137,7.398525,7.398525
2.645618,2.835100,2.267671,20.538137,7.398525,7.398525
2.267671,2.963155,2.834591,17.720335,5.850730,5.850730
2.834591,2.963155,2.267671,17.720335,5.850730,5.850730
2.267671,3.237212,3.212536,12.592817,3.251398,3.251398
3.212536,3.237212,2.267671,12.592817,3.251398,3.251398
2.267671,3.682941,3.779461,7.978873,1.374382,1.374382
3.779461,3.682941,2.267671,7.978873,1.374382,1.374382
2.267671,3.997171,4.157388,6.508788,0.765116,0.765116
4.157388,3.997171,2.267671,6.508788,0.765116,0.765116
2.267671,4.822954,5.102258,5.417639,0.133561,0.133561
5.102258,4.822954,2.267671,5.417639,0.133561,0.133561
2.267671,5.685943,6.047127,5.266772,0.024501,0.024501
6.047127,5.685943,2.267671,5.266772,0.024501,0.024501
1.809705,2.645610,2.645617,23.660569,14.314017,14.314017
2.645617,2.645610,1.809705,23.660569,14.314017,14.314017
2.645617,3.034925,2.645618,16.449778,4.986310,4.986310
2.645618,3.034925,2.645617,16.449778,4.986310,4.986310
2.645617,3.147128,2.834591,14.692720,4.410477,4.410477
2.834591,3.147128,2.645617,14.692720,4.410477,4.410477
2.645617,3.392045,3.212536,11.328960,3.364145,3.364145
3.212536,3.392045,2.645617,11.328960,3.364145,3.364145
2.645617,3.800514,3.779461,7.665855,2.137027,2.137027
3.779461,3.800514,2.645617,7.665855,2.137027,2.137027
2.645617,4.093840,4.157388,6.357917,1.565358,1.565358
4.157388,4.093840,2.645617,6.357917,1.565358,1.565358
2.645617,4.878397,5.102258,5.359759,0.946769,0.946769
5.102258,4.878397,2.645617,5.359759,0.946769,0.946769
2.645617,5.711703,6.047127,5.201991,0.828471,0.828471
6.047127,5.711703,2.645617,5.201991,0.828471,0.828471
3.023562,3.580234,3.212536,9.609751,3.666349,3.666349
3.212536,3.580234,3.023562,9.609751,3.666349,3.666349
3.023562,3.950879,3.779461,7.208936,3.392938,3.392938
3.779461,3.950879,3.023562,7.208936,3.392938,3.392938
3.023562,4.222246,4.157388,6.194007,2.994813,2.994813
4.157388,4.222246,3.023562,6.194007,2.994813,2.994813
3.023562,4.962088,5.102258,5.316376,2.420715,2.420715
5.102258,4.962088,3.023562,5.316376,2.420715,2.420715
3.023562,5.762190,6.047127,5.160513,2.301811,2.301811
6.047127,5.762190,3.023562,5.160513,2.301811,2.301811
2.585305,3.779452,3.779460,7.723013,1.941238,1.941238
3.779460,3.779452,2.585305,7.723013,1.941238,1.941238
3.779452,4.335617,3.779461,5.875002,4.532894,4.532894
3.779461,4.335617,3.779452,5.875002,4.532894,4.532894
3.779452,4.562903,4.157388,5.575076,4.692778,4.692778
4.157388,4.562903,3.779452,5.575076,4.692778,4.692778
3.779452,5.208310,5.102258,5.304561,4.631981,4.631981
5.102258,5.208310,3.779452,5.304561,4.631981,4.631981
3.779452,5.934514,6.047127,5.284567,4.644774,4.644774
6.047127,5.934514,3.779452,5.284567,4.644774,4.644774
4.535343,5.547378,5.102258,5.235613,5.109680,5.109680
5.102258,5.547378,4.535343,5.235613,5.109680,5.109680
4.535343,6.194903,6.047127,5.210325,5.113496,5.113496
6.047127,6.194903,4.535343,5.210325,5.113496,5.113496
5.291233,6.532834,6.047127,5.181585,5.132100,5.132100
6.047127,6.532834,5.291233,5.181585,5.132100,5.132100
