R1,R2,R3,ETriat,E,ENew
1.511781,2.997695,1.511782,22.018720,48.076711,48.076711
1.511782,2.997695,1.511781,22.018720,48.076711,48.076711
1.511781,3.185141,1.700749,21.552525,36.801130,36.801130
1.700749,3.185141,1.511781,21.552525,36.801130,36.801130
1.511781,3.372776,1.889734,20.888766,31.377103,31.377103
1.889734,3.372776,1.511781,20.888766,31.377103,31.377103
1.511781,3.560534,2.078701,24.624540,33.422415,33.422415
2.078701,3.560534,1.511781,24.624540,33.422415,33.422415
1.511781,3.748415,2.267668,18.972795,27.594581,27.594581
2.267668,3.748415,1.511781,18.972795,27.594581,27.594581
1.511781,3.936399,2.456635,16.716636,25.858109,25.858109
2.456635,3.936399,1.511781,16.716636,25.858109,25.858109
1.511781,4.124495,2.645625,14.949465,24.877082,24.877082
2.645625,4.124495,1.511781,14.949465,24.877082,24.877082
1.511781,4.312647,2.834592,12.202855,22.976346,22.976346
2.834592,4.312647,1.511781,12.202855,22.976346,22.976346
1.511781,4.689148,3.212526,8.550496,20.882120,20.882120
3.212526,4.689148,1.511781,8.550496,20.882120,20.882120
1.511781,5.254307,3.779450,6.333244,20.187947,20.187947
3.779450,5.254307,1.511781,6.333244,20.187947,20.187947
1.511781,5.631281,4.157402,6.069331,20.338464,20.338464
4.157402,5.631281,1.511781,6.069331,20.338464,20.338464
1.511781,6.574183,5.102260,5.538562,19.992462,19.992462
5.102260,6.574183,1.511781,5.538562,19.992462,19.992462
1.511781,7.517576,6.047118,5.491626,19.968785,19.968785
6.047118,7.517576,1.511781,5.491626,19.968785,19.968785
1.889726,3.747127,1.889734,21.021693,15.491397,15.491397
1.889734,3.747127,1.889726,21.021693,15.491397,15.491397
1.889726,3.934554,2.078701,20.815910,13.344396,13.344396
2.078701,3.934554,1.889726,20.815910,13.344396,13.344396
1.889726,4.122123,2.267668,18.902560,11.033869,11.033869
2.267668,4.122123,1.889726,18.902560,11.033869,11.033869
1.889726,4.309814,2.456635,16.972906,9.452770,9.452770
2.456635,4.309814,1.889726,16.972906,9.452770,9.452770
1.889726,4.497633,2.645625,14.736733,7.885417,7.885417
2.645625,4.497633,1.889726,14.736733,7.885417,7.885417
1.889726,4.685524,2.834592,12.602478,6.525562,6.525562
2.834592,4.685524,1.889726,12.602478,6.525562,6.525562
1.889726,5.061548,3.212526,9.498563,4.922824,4.922824
3.212526,5.061548,1.889726,9.498563,4.922824,4.922824
1.889726,5.626085,3.779450,6.847607,3.783693,3.783693
3.779450,5.626085,1.889726,6.847607,3.783693,3.783693
1.889726,6.002697,4.157402,5.969458,3.318526,3.318526
4.157402,6.002697,1.889726,5.969458,3.318526,3.318526
1.889726,6.944840,5.102260,5.421182,2.951145,2.951145
5.102260,6.944840,1.889726,5.421182,2.951145,2.951145
1.889726,7.887632,6.047118,5.345975,2.897634,2.897634
6.047118,7.887632,1.889726,5.345975,2.897634,2.897634
2.267668,4.496540,2.267671,16.143221,5.646702,5.646702
2.267671,4.496540,2.267668,16.143221,5.646702,5.646702
2.267671,4.683955,2.456635,14.893373,4.673437,4.673437
2.456635,4.683955,2.267671,14.893373,4.673437,4.673437
2.267671,4.871512,2.645625,13.518574,3.928442,3.928442
2.645625,4.871512,2.267671,13.518574,3.928442,3.928442
2.267671,5.059154,2.834592,11.979004,3.144679,3.144679
2.834592,5.059154,2.267671,11.979004,3.144679,3.144679
2.267671,5.434713,3.212526,9.341464,1.997872,1.997872
3.212526,5.434713,2.267671,9.341464,1.997872,1.997872
2.267671,5.998634,3.779450,6.711504,0.877256,0.877256
3.779450,5.998634,2.267671,6.711504,0.877256,0.877256
2.267671,6.374880,4.157402,5.843356,0.420328,0.420328
4.157402,6.374880,2.267671,5.843356,0.420328,0.420328
2.267671,7.316242,5.102260,5.308858,0.063745,0.063745
5.102260,7.316242,2.267671,5.308858,0.063745,0.063745
2.267671,8.258403,6.047118,5.239161,0.014744,0.014744
6.047118,8.258403,2.267671,5.239161,0.014744,0.014744
2.645617,5.245974,2.645625,11.768137,3.057951,3.057951
2.645625,5.245974,2.645617,11.768137,3.057951,3.057951
2.645617,5.433381,2.834592,10.730656,2.773482,2.773482
2.834592,5.433381,2.645617,10.730656,2.773482,2.773482
2.645617,5.808497,3.212526,8.806449,2.338280,2.338280
3.212526,5.808497,2.645617,8.806449,2.338280,2.338280
2.645617,6.371818,3.779450,6.501341,1.539990,1.539990
3.779450,6.371818,2.645617,6.501341,1.539990,1.539990
2.645617,6.747705,4.157402,5.707675,1.156001,1.156001
4.157402,6.747705,2.645617,5.707675,1.156001,1.156001
2.645617,7.688283,5.102260,5.223738,0.847985,0.847985
5.102260,7.688283,2.645617,5.223738,0.847985,0.847985
2.645617,8.629796,6.047118,5.164622,0.808914,0.808914
6.047118,8.629796,2.645617,5.164622,0.808914,0.808914
3.023562,6.182787,3.212526,7.921078,2.972350,2.972350
3.212526,6.182787,3.023562,7.921078,2.972350,2.972350
3.023562,6.745532,3.779450,6.283919,2.839569,2.839569
3.779450,6.745532,3.023562,6.283919,2.839569,2.839569
3.023562,7.121069,4.157402,5.587425,2.551675,2.551675
4.157402,7.121069,3.023562,5.587425,2.551675,2.551675
3.023562,8.060872,5.102260,5.165252,2.304152,2.304152
5.102260,8.060872,3.023562,5.165252,2.304152,2.304152
3.023562,9.001735,6.047118,5.118841,2.277353,2.277353
6.047118,9.001735,3.023562,5.118841,2.277353,2.277353
3.779450,7.494234,3.779452,5.733080,4.508133,4.508133
3.779452,7.494234,3.779450,5.733080,4.508133,4.508133
3.779452,7.869109,4.157402,5.436572,4.619102,4.619102
4.157402,7.869109,3.779452,5.436572,4.619102,4.619102
3.779452,8.807421,5.102260,5.268865,4.624696,4.624696
5.102260,8.807421,3.779452,5.268865,4.624696,4.624696
3.779452,9.746998,6.047118,5.242682,4.617628,4.617628
6.047118,9.746998,3.779452,5.242682,4.617628,4.617628
4.535343,9.555439,5.102260,5.188887,5.084529,5.084529
5.102260,9.555439,4.535343,5.188887,5.084529,5.084529
4.535343,10.493782,6.047118,5.202323,5.116836,5.116836
6.047118,10.493782,4.535343,5.202323,5.116836,5.116836
5.291233,11.241783,6.047118,5.177270,5.135786,5.135786
6.047118,11.241783,5.291233,5.177270,5.135786,5.135786
