R1,R2,R3,ETriat,E,ENew
1.511781,2.740281,1.511787,24.381618,49.396064,49.396064
1.511787,2.740281,1.511781,24.381618,49.396064,49.396064
1.511781,2.912642,1.700755,23.191792,37.375704,37.375704
1.700755,2.912642,1.511781,23.191792,37.375704,37.375704
1.511781,3.086947,1.889723,23.123450,32.606562,32.606562
1.889723,3.086947,1.511781,23.123450,32.606562,32.606562
1.511781,3.262895,2.078705,20.159960,28.078395,28.078395
2.078705,3.262895,1.511781,20.159960,28.078395,28.078395
1.511781,3.440216,2.267672,17.537882,25.450833,25.450833
2.267672,3.440216,1.511781,17.537882,25.450833,25.450833
1.511781,3.618710,2.456642,15.957510,24.574661,24.574661
2.456642,3.618710,1.511781,15.957510,24.574661,24.574661
1.511781,3.798223,2.645610,13.419007,22.991394,22.991394
2.645610,3.798223,1.511781,13.419007,22.991394,22.991394
1.511781,3.978622,2.834592,10.979233,21.532538,21.532538
2.834592,3.978622,1.511781,10.979233,21.532538,21.532538
1.511781,4.341601,3.212542,7.786485,20.052131,20.052131
3.212542,4.341601,1.511781,7.786485,20.052131,20.052131
1.511781,4.890319,3.779460,5.795930,19.639651,19.639651
3.779460,4.890319,1.511781,5.795930,19.639651,19.639651
1.511781,5.258265,4.157397,5.474689,19.736050,19.736050
4.157397,5.258265,1.511781,5.474689,19.736050,19.736050
1.511781,6.183437,5.102265,5.584749,20.034698,20.034698
5.102265,6.183437,1.511781,5.584749,20.034698,20.034698
1.511781,7.113773,6.047120,5.504594,19.980320,19.980320
6.047120,7.113773,1.511781,5.504594,19.980320,19.980320
1.889723,3.425348,1.889726,20.086579,13.806917,13.806917
1.889726,3.425348,1.889723,20.086579,13.806917,13.806917
1.889726,3.597508,2.078705,19.530400,11.488975,11.488975
2.078705,3.597508,1.889726,19.530400,11.488975,11.488975
1.889726,3.771271,2.267672,18.166427,9.900678,9.900678
2.267672,3.771271,1.889726,18.166427,9.900678,9.900678
1.889726,3.946424,2.456642,16.535625,8.762023,8.762023
2.456642,3.946424,1.889726,16.535625,8.762023,8.762023
1.889726,4.122805,2.645610,14.304613,7.304642,7.304642
2.645610,4.122805,1.889726,14.304613,7.304642,7.304642
1.889726,4.300265,2.834592,12.010626,5.853028,5.853028
2.834592,4.300265,1.889726,12.010626,5.853028,5.853028
1.889726,4.657895,3.212542,9.128183,4.530466,4.530466
3.212542,4.657895,1.889726,9.128183,4.530466,4.530466
1.889726,5.199727,3.779460,6.888938,3.815999,3.815999
3.779460,5.199727,1.889726,6.888938,3.815999,3.815999
1.889726,5.563714,4.157397,6.027561,3.369001,3.369001
4.157397,5.563714,1.889726,6.027561,3.369001,3.369001
1.889726,6.480706,5.102265,5.438815,2.965542,2.965542
5.102265,6.480706,1.889726,5.438815,2.965542,2.965542
1.889726,7.404695,6.047120,5.350748,2.901189,2.901189
6.047120,7.404695,1.889726,5.350748,2.901189,2.901189
2.267671,4.110422,2.267672,15.310855,4.657306,4.657306
2.267672,4.110422,2.267671,15.310855,4.657306,4.657306
2.267671,4.282424,2.456642,14.113933,3.806329,3.806329
2.456642,4.282424,2.267671,14.113933,3.806329,3.806329
2.267671,4.455808,2.645610,13.029929,3.393242,3.393242
2.645610,4.455808,2.267671,13.029929,3.393242,3.393242
2.267671,4.630422,2.834592,11.895664,3.036399,3.036399
2.834592,4.630422,2.267671,11.895664,3.036399,3.036399
2.267671,4.982785,3.212542,9.127056,1.772205,1.772205
3.212542,4.982785,2.267671,9.127056,1.772205,1.772205
2.267671,5.517679,3.779460,6.767974,0.925260,0.925260
3.779460,5.517679,2.267671,6.767974,0.925260,0.925260
2.267671,5.877599,4.157397,5.897633,0.468072,0.468072
4.157397,5.877599,2.267671,5.897633,0.468072,0.468072
2.267671,6.786007,5.102265,5.325743,0.078099,0.078099
5.102265,6.786007,2.267671,5.325743,0.078099,0.078099
2.267671,7.703177,6.047120,5.244417,0.018993,0.018993
6.047120,7.703177,2.267671,5.244417,0.018993,0.018993
2.645610,4.795479,2.645617,11.281058,2.555057,2.555057
2.645617,4.795479,2.645610,11.281058,2.555057,2.555057
2.645617,4.967396,2.834592,10.499688,2.530686,2.530686
2.834592,4.967396,2.645617,10.499688,2.530686,2.530686
2.645617,5.314697,3.212542,8.785408,2.307578,2.307578
3.212542,5.314697,2.645617,8.785408,2.307578,2.307578
2.645617,5.842781,3.779460,6.589881,1.621471,1.621471
3.779460,5.842781,2.645617,6.589881,1.621471,1.621471
2.645617,6.198637,4.157397,5.781142,1.224429,1.224429
4.157397,6.198637,2.645617,5.781142,1.224429,1.224429
2.645617,7.098304,5.102265,5.246152,0.868453,0.868453
5.102265,7.098304,2.645617,5.246152,0.868453,0.868453
2.645617,8.008374,6.047120,5.171642,0.815115,0.815115
6.047120,8.008374,2.645617,5.171642,0.815115,0.815115
3.023562,5.652392,3.212542,7.970131,3.013112,3.013112
3.212542,5.652392,3.023562,7.970131,3.013112,3.013112
3.023562,6.173904,3.779460,6.417891,2.968230,2.968230
3.779460,6.173904,3.023562,6.417891,2.968230,2.968230
3.023562,6.525773,4.157397,5.686170,2.646729,2.646729
4.157397,6.525773,3.023562,5.686170,2.646729,2.646729
3.023562,7.416714,5.102265,5.193803,2.331211,2.331211
5.102265,7.416714,3.023562,5.193803,2.331211,2.331211
3.023562,8.319546,6.047120,5.125183,2.283034,2.283034
6.047120,8.319546,3.023562,5.125183,2.283034,2.283034
3.779452,6.850703,3.779460,5.616086,4.388448,4.388448
3.779460,6.850703,3.779452,5.616086,4.388448,4.388448
3.779452,7.194999,4.157397,5.398048,4.578643,4.578643
4.157397,7.194999,3.779452,5.398048,4.578643,4.578643
3.779452,8.068961,5.102265,5.264974,4.619926,4.619926
5.102265,8.068961,3.779452,5.264974,4.619926,4.619926
3.779452,8.957315,6.047120,5.242674,4.617194,4.617194
6.047120,8.957315,3.779452,5.242674,4.617194,4.617194
4.535343,8.737926,5.102265,5.215907,5.111025,5.111025
5.102265,8.737926,4.535343,5.215907,5.111025,5.111025
4.535343,9.612226,6.047120,5.205546,5.119784,5.119784
6.047120,9.612226,4.535343,5.205546,5.119784,5.119784
5.291233,10.281003,6.047120,5.177665,5.136002,5.136002
6.047120,10.281003,5.291233,5.177665,5.136002,5.136002
