R1,R2,R3,ETriat,E,ENew
1.511781,2.645610,1.776799,28.643055,39.058796,39.058796
1.776799,2.645610,1.511781,28.643055,39.058796,39.058796
2.200012,3.597434,2.282033,16.130037,4.819184,4.819184
2.282033,3.597434,2.200012,16.130037,4.819184,4.819184
2.282033,3.758276,2.400020,14.541950,3.597574,3.597574
2.400020,3.758276,2.282033,14.541950,3.597574,3.597574
2.282033,3.922710,2.600010,13.183969,3.054265,3.054265
2.600010,3.922710,2.282033,13.183969,3.054265,3.054265
2.282033,4.090325,2.800019,11.969427,2.775564,2.775564
2.800019,4.090325,2.282033,11.969427,2.775564,2.775564
2.282033,4.260723,3.000009,10.742444,2.460697,2.460697
3.000009,4.260723,2.282033,10.742444,2.460697,2.460697
2.282033,4.433608,3.200017,9.403780,1.945531,1.945531
3.200017,4.433608,2.282033,9.403780,1.945531,1.945531
2.282033,4.608687,3.400013,8.304071,1.541854,1.541854
3.400013,4.608687,2.282033,8.304071,1.541854,1.541854
2.282033,4.785721,3.600021,7.460106,1.243076,1.243076
3.600021,4.785721,2.282033,7.460106,1.243076,1.243076
2.282033,4.964485,3.800012,6.743503,0.917758,0.917758
3.800012,4.964485,2.282033,6.743503,0.917758,0.917758
2.282033,5.144827,4.000020,6.210055,0.640141,0.640141
4.000020,5.144827,2.282033,6.210055,0.640141,0.640141
2.282033,5.326573,4.200028,5.854053,0.436330,0.436330
4.200028,5.326573,2.282033,5.854053,0.436330,0.436330
2.282033,5.509570,4.400018,5.630222,0.295353,0.295353
4.400018,5.509570,2.282033,5.630222,0.295353,0.295353
2.282033,5.693737,4.600032,5.490861,0.198131,0.198131
4.600032,5.693737,2.282033,5.490861,0.198131,0.198131
2.282033,5.878913,4.800022,5.404411,0.132824,0.132824
4.800022,5.878913,2.282033,5.404411,0.132824,0.132824
2.282033,6.065045,5.000031,5.349109,0.089200,0.089200
5.000031,6.065045,2.282033,5.349109,0.089200,0.089200
2.282033,6.252018,5.200021,5.312152,0.060146,0.060146
5.200021,6.252018,2.282033,5.312152,0.060146,0.060146
2.282033,6.439789,5.400029,5.286420,0.040849,0.040849
5.400029,6.439789,2.282033,5.286420,0.040849,0.040849
2.282033,6.628261,5.600019,5.267976,0.028057,0.028057
5.600019,6.628261,2.282033,5.267976,0.028057,0.028057
2.282033,6.817405,5.800028,5.254469,0.019514,0.019514
5.800028,6.817405,2.282033,5.254469,0.019514,0.019514
2.282033,7.007163,6.000042,5.244585,0.013877,0.013877
6.000042,7.007163,2.282033,5.244585,0.013877,0.013877
2.282033,7.483845,6.500035,5.230396,0.007329,0.007329
6.500035,7.483845,2.282033,5.230396,0.007329,0.007329
2.282033,7.963386,7.000029,5.224457,0.005854,0.005854
7.000029,7.963386,2.282033,5.224457,0.005854,0.005854
2.282033,8.445326,7.500046,5.222100,0.006114,0.006114
7.500046,8.445326,2.282033,5.222100,0.006114,0.006114
2.282033,8.929229,8.000040,5.221117,0.006721,0.006721
8.000040,8.929229,2.282033,5.221117,0.006721,0.006721
2.282033,9.414822,8.500039,5.220724,0.007329,0.007329
8.500039,9.414822,2.282033,5.220724,0.007329,0.007329
2.282033,9.901857,9.000050,5.220597,0.007849,0.007849
9.000050,9.901857,2.282033,5.220597,0.007849,0.007849
2.282033,10.390108,9.500044,5.220514,0.008196,0.008196
9.500044,10.390108,2.282033,5.220514,0.008196,0.008196
2.282033,10.879452,10.000061,5.220526,0.008499,0.008499
10.000061,10.879452,2.282033,5.220526,0.008499,0.008499
