R1,R2,R3,ETriat,E,ENew
1.511781,2.951896,1.511784,21.705363,47.578934,47.578934
1.511784,2.951896,1.511781,21.705363,47.578934,47.578934
1.511781,3.136658,1.700761,21.177340,36.245592,36.245592
1.700761,3.136658,1.511781,21.177340,36.245592,36.245592
1.511781,3.321890,1.889731,20.434659,30.761116,30.761116
1.889731,3.321890,1.511781,20.434659,30.761116,30.761116
1.511781,3.507520,2.078701,22.829621,31.493752,31.493752
2.078701,3.507520,1.511781,22.829621,31.493752,31.493752
1.511781,3.693490,2.267671,18.763850,27.284788,27.284788
2.267671,3.693490,1.511781,18.763850,27.284788,27.284788
1.511781,3.879749,2.456641,16.038046,25.110295,25.110295
2.456641,3.879749,1.511781,16.038046,25.110295,25.110295
1.511781,4.066263,2.645619,13.741960,23.626288,23.626288
2.645619,4.066263,1.511781,13.741960,23.626288,23.626288
1.511781,4.252990,2.834588,11.288411,22.037253,22.037253
2.834588,4.252990,1.511781,11.288411,22.037253,22.037253
1.511781,4.626990,3.212528,7.955463,20.280703,20.280703
3.212528,4.626990,1.511781,7.955463,20.280703,20.280703
1.511781,5.189084,3.779463,5.933470,19.786656,19.786656
3.779463,5.189084,1.511781,5.933470,19.786656,19.786656
1.511781,5.564343,4.157402,5.650866,19.918699,19.918699
4.157402,5.564343,1.511781,5.650866,19.918699,19.918699
1.511781,6.503855,5.102259,5.554417,20.007726,20.007726
5.102259,6.503855,1.511781,5.554417,20.007726,20.007726
1.511781,7.444721,6.047116,5.496047,19.972991,19.972991
6.047116,7.444721,1.511781,5.496047,19.972991,19.972991
1.889726,3.689869,1.889731,20.635306,14.999431,14.999431
1.889731,3.689869,1.889726,20.635306,14.999431,14.999431
1.889726,3.874576,2.078701,19.400157,11.854708,11.854708
2.078701,3.874576,1.889726,19.400157,11.854708,11.854708
1.889726,4.059675,2.267671,18.132893,10.217193,10.217193
2.267671,4.059675,1.889726,18.132893,10.217193,10.217193
1.889726,4.245116,2.456641,15.686989,8.139661,8.139661
2.456641,4.245116,1.889726,15.686989,8.139661,8.139661
1.889726,4.430859,2.645619,13.647294,6.781497,6.781497
2.645619,4.430859,1.889726,13.647294,6.781497,6.781497
1.889726,4.616860,2.834588,11.822082,5.737896,5.737896
2.834588,4.616860,1.889726,11.822082,5.737896,5.737896
1.889726,4.989531,3.212528,9.179005,4.601019,4.601019
3.212528,4.989531,1.889726,9.179005,4.601019,4.601019
1.889726,5.549898,3.779463,6.853062,3.787682,3.787682
3.779463,5.549898,1.889726,6.853062,3.787682,3.787682
1.889726,5.924155,4.157402,5.986610,3.334484,3.334484
4.157402,5.924155,1.889726,5.986610,3.334484,3.334484
1.889726,6.861568,5.102259,5.426501,2.956002,2.956002
5.102259,6.861568,1.889726,5.426501,2.956002,2.956002
1.889726,7.800778,6.047116,5.347454,2.898934,2.898934
6.047116,7.800778,1.889726,5.347454,2.898934,2.898934
2.267671,4.427837,2.267671,16.321131,5.809621,5.809621
2.267671,4.427837,2.267671,16.321131,5.809621,5.809621
2.267671,4.612510,2.456641,14.242208,4.014650,4.014650
2.456641,4.612510,2.267671,14.242208,4.014650,4.014650
2.267671,4.797521,2.645619,12.670936,3.076814,3.076814
2.645619,4.797521,2.267671,12.670936,3.076814,3.076814
2.267671,4.982826,2.834588,11.339513,2.502760,2.502760
2.834588,4.982826,2.267671,11.339513,2.502760,2.502760
2.267671,5.354204,3.212528,9.125262,1.779967,1.779967
3.212528,5.354204,2.267671,9.125262,1.779967,1.779967
2.267671,5.912853,3.779463,6.723334,0.887794,0.887794
3.779463,5.912853,2.267671,6.723334,0.887794,0.887794
2.267671,6.286095,4.157402,5.857740,0.433771,0.433771
4.157402,6.286095,2.267671,5.857740,0.433771,0.433771
2.267671,7.221343,5.102259,5.313285,0.067821,0.067821
5.102259,7.221343,2.267671,5.313285,0.067821,0.067821
2.267671,8.158805,6.047116,5.240562,0.016001,0.016001
6.047116,8.158805,2.267671,5.240562,0.016001,0.016001
2.645617,5.165810,2.645619,12.238413,3.526283,3.526283
2.645619,5.165810,2.645617,12.238413,3.526283,3.526283
2.645617,5.350457,2.834588,10.170434,2.211483,2.211483
2.834588,5.350457,2.645617,10.170434,2.211483,2.211483
2.645617,5.720599,3.212528,8.614331,2.144616,2.144616
3.212528,5.720599,2.645617,8.614331,2.144616,2.144616
2.645617,6.277577,3.779463,6.522967,1.560631,1.560631
3.779463,6.277577,2.645617,6.522967,1.560631,1.560631
2.645617,6.649816,4.157402,5.726401,1.174040,1.174040
4.157402,6.649816,2.645617,5.726401,1.174040,1.174040
2.645617,7.582885,5.102259,5.229337,0.853319,0.853319
5.102259,7.582885,2.645617,5.229337,0.853319,0.853319
2.645617,8.518553,6.047116,5.166514,0.810692,0.810692
6.047116,8.518553,2.645617,5.166514,0.810692,0.810692
3.023562,6.088407,3.212528,7.794849,2.844903,2.844903
3.212528,6.088407,3.023562,7.794849,2.844903,2.844903
3.023562,6.643780,3.779463,6.326375,2.881329,2.881329
3.779463,6.643780,3.023562,6.326375,2.881329,2.881329
3.023562,7.015041,4.157402,5.613152,2.576913,2.576913
4.157402,7.015041,3.023562,5.613152,2.576913,2.576913
3.023562,7.945954,5.102259,5.172479,2.311177,2.311177
5.102259,7.945954,3.023562,5.172479,2.311177,2.311177
3.023562,8.879813,6.047116,5.119886,2.278307,2.278307
6.047116,8.879813,3.023562,5.119886,2.278307,2.278307
3.779452,7.379738,3.779463,5.751063,4.525783,4.525783
3.779463,7.379738,3.779452,5.751063,4.525783,4.525783
3.779452,7.749152,4.157402,5.451266,4.633542,4.633542
4.157402,7.749152,3.779452,5.451266,4.633542,4.633542
3.779452,8.675905,5.102259,5.268375,4.624089,4.624089
5.102259,8.675905,3.779452,5.268375,4.624089,4.624089
3.779452,9.606185,6.047116,5.242653,4.617541,4.617541
6.047116,9.606185,3.779452,5.242653,4.617541,4.617541
4.535343,9.409952,5.102259,5.199147,5.094720,5.094720
5.102259,9.409952,4.535343,5.199147,5.094720,5.094720
4.535343,10.336791,6.047116,5.202793,5.117269,5.117269
6.047116,10.336791,4.535343,5.202793,5.117269,5.117269
5.291233,11.070793,6.047116,5.177380,5.135872,5.135872
6.047116,11.070793,5.291233,5.177380,5.135872,5.135872
