R1,R2,R3,ETriat,E,ENew
1.511781,1.614578,1.700749,40.338014,65.002722,65.002722
1.700749,1.614578,1.511781,40.338014,65.002722,65.002722
1.511781,1.731971,1.889734,38.027070,51.840412,51.840412
1.889734,1.731971,1.511781,38.027070,51.840412,51.840412
1.511781,1.861168,2.078702,35.266167,43.244170,43.244170
2.078702,1.861168,1.511781,35.266167,43.244170,43.244170
1.511781,1.999897,2.267671,31.179878,36.477547,36.477547
2.267671,1.999897,1.511781,31.179878,36.477547,36.477547
1.511781,2.146311,2.456639,26.039552,30.595031,30.595031
2.456639,2.146311,1.511781,26.039552,30.595031,30.595031
1.511781,2.298959,2.645624,21.689564,26.634456,26.634456
2.645624,2.298959,1.511781,21.689564,26.634456,26.634456
1.511781,2.456648,2.834592,17.971790,23.915960,23.915960
2.834592,2.456648,1.511781,17.971790,23.915960,23.915960
1.511781,2.783734,3.212529,12.010565,20.596133,20.596133
3.212529,2.783734,1.511781,12.010565,20.596133,20.596133
1.511781,3.294849,3.779451,6.846481,18.905150,18.905150
3.779451,3.294849,1.511781,6.846481,18.905150,18.905150
1.511781,3.644779,4.157404,5.362471,18.789671,18.789671
4.157404,3.644779,1.511781,5.362471,18.789671,18.789671
1.511781,4.539281,5.102263,5.288347,19.679286,19.679286
5.102263,4.539281,1.511781,5.288347,19.679286,19.679286
1.511781,5.450801,6.047121,5.645397,20.101566,20.101566
6.047121,5.450801,1.511781,5.645397,20.101566,20.101566
1.889734,1.889726,1.889734,36.421359,29.123947,29.123947
1.889734,1.889726,1.889734,36.421359,29.123947,29.123947
1.889726,1.990954,2.078702,33.495941,22.529392,22.529392
2.078702,1.990954,1.889726,33.495941,22.529392,22.529392
1.889726,2.104309,2.267671,29.736007,17.302586,17.302586
2.267671,2.104309,1.889726,29.736007,17.302586,17.302586
1.889726,2.227949,2.456639,25.253679,12.684828,12.684828
2.456639,2.227949,1.889726,25.253679,12.684828,12.684828
1.889726,2.360275,2.645624,21.437422,9.510574,9.510574
2.645624,2.360275,1.889726,21.437422,9.510574,9.510574
1.889726,2.499876,2.834592,18.100251,7.238078,7.238078
2.834592,2.499876,1.889726,18.100251,7.238078,7.238078
1.889726,2.796533,3.212529,12.935191,4.646205,4.646205
3.212529,2.796533,1.889726,12.935191,4.646205,4.646205
1.889726,3.273100,3.779451,8.105091,3.163846,3.163846
3.779451,3.273100,1.889726,8.105091,3.163846,3.163846
1.889726,3.605375,4.157404,6.444350,2.859083,2.859083
4.157404,3.605375,1.889726,6.444350,2.859083,2.859083
1.889726,4.467916,5.102263,5.329531,2.780767,2.780767
5.102263,4.467916,1.889726,5.329531,2.780767,2.780767
1.889726,5.358296,6.047121,5.310085,2.837921,2.837921
6.047121,5.358296,1.889726,5.310085,2.837921,2.837921
2.267671,2.267671,2.267671,27.250120,11.622927,11.622927
2.267671,2.267671,2.267671,27.250120,11.622927,11.622927
2.003921,2.267671,2.456642,25.011607,10.815791,10.815791
2.456642,2.267671,2.003921,25.011607,10.815791,10.815791
2.267671,2.367815,2.456639,23.744980,8.435144,8.435144
2.456639,2.367815,2.267671,23.744980,8.435144,8.435144
2.267671,2.478360,2.645624,20.221605,5.772024,5.772024
2.645624,2.478360,2.267671,20.221605,5.772024,5.772024
2.267671,2.597947,2.834592,17.175221,3.858886,3.858886
2.834592,2.597947,2.267671,17.175221,3.858886,3.858886
2.267671,2.859669,3.212529,12.570963,1.762361,1.762361
3.212529,2.859669,2.267671,12.570963,1.762361,1.762361
2.267671,3.294849,3.779451,8.204225,0.559831,0.559831
3.779451,3.294849,2.267671,8.204225,0.559831,0.559831
2.267671,3.605375,4.157404,6.622658,0.260705,0.260705
4.157404,3.605375,2.267671,6.622658,0.260705,0.260705
2.267671,4.427773,5.102263,5.321188,-0.013486,-0.013486
5.102263,4.427773,2.267671,5.321188,-0.013486,-0.013486
2.267671,5.291231,6.047121,5.226732,-0.023590,-0.023590
6.047121,5.291231,2.267671,5.226732,-0.023590,-0.023590
2.645624,2.645617,2.645624,17.890493,4.868186,4.868186
2.645624,2.645617,2.645624,17.890493,4.868186,4.868186
2.645617,2.744989,2.834592,15.698376,3.811532,3.811532
2.834592,2.744989,2.645617,15.698376,3.811532,3.811532
2.645617,2.969932,3.212529,11.703203,2.211050,2.211050
3.212529,2.969932,2.645617,11.703203,2.211050,2.211050
2.645617,3.359249,3.779451,7.928005,1.361026,1.361026
3.779451,3.359249,2.645617,7.928005,1.361026,1.361026
2.645617,3.644779,4.157404,6.525513,1.117927,1.117927
4.157404,3.644779,2.645617,6.525513,1.117927,1.117927
2.645617,4.419700,5.102263,5.277814,0.809391,0.809391
5.102263,4.419700,2.645617,5.277814,0.809391,0.809391
2.645617,5.250580,6.047121,5.164171,0.781205,0.781205
6.047121,5.250580,2.645617,5.164171,0.781205,0.781205
3.023562,3.122335,3.212529,10.608893,3.228979,3.228979
3.212529,3.122335,3.023562,10.608893,3.228979,3.228979
3.023562,3.463924,3.779451,7.446847,2.704056,2.704056
3.779451,3.463924,3.023562,7.446847,2.704056,2.704056
3.023562,3.722336,4.157404,6.309994,2.569150,2.569150
4.157404,3.722336,3.023562,6.309994,2.569150,2.569150
3.023562,4.443874,5.102263,5.327708,2.379085,2.379085
5.102263,4.443874,3.023562,5.327708,2.379085,2.379085
3.023562,5.236960,6.047121,5.177515,2.308142,2.308142
6.047121,5.236960,3.023562,5.177515,2.308142,2.308142
3.779451,3.779451,3.779452,6.401885,4.569364,4.569364
3.779452,3.779451,3.779451,6.401885,4.569364,4.569364
3.779452,3.981907,4.157404,5.827380,4.666759,4.666759
4.157404,3.981907,3.779452,5.827380,4.666759,4.666759
3.779452,4.586240,5.102263,5.287081,4.580161,4.580161
5.102263,4.586240,3.779452,5.287081,4.580161,4.580161
3.779452,5.102259,5.798287,5.200003,4.539399,4.539399
5.798287,5.102259,3.779452,5.200003,4.539399,4.539399
3.779452,5.291231,6.047121,5.188763,4.536667,4.536667
6.047121,5.291231,3.779452,5.188763,4.536667,4.536667
4.535343,4.843751,5.102263,5.242451,5.097061,5.097061
5.102263,4.843751,4.535343,5.242451,5.097061,5.097061
4.535343,5.450801,6.047121,5.190035,5.080713,5.080713
6.047121,5.450801,4.535343,5.190035,5.080713,5.080713
5.291233,5.706846,6.047121,5.231912,5.171474,5.171474
6.047121,5.706846,5.291233,5.231912,5.171474,5.171474
