R1,R2,R3,ETriat,E,ENew
1.511777,2.681929,1.511781,24.065341,48.851280,48.851280
1.511781,2.681929,1.511777,24.065341,48.851280,48.851280
1.511781,2.850893,1.700760,22.220221,36.152099,36.152099
1.700760,2.850893,1.511781,22.220221,36.152099,36.152099
1.511781,3.022220,1.889727,19.991763,29.221169,29.221169
1.889727,3.022220,1.511781,19.991763,29.221169,29.221169
1.511781,3.195531,2.078699,17.742984,25.423210,25.423210
2.078699,3.195531,1.511781,17.742984,25.423210,25.423210
1.511781,3.370530,2.267666,15.532563,23.237398,23.237398
2.267666,3.370530,1.511781,15.532563,23.237398,23.237398
1.511781,3.546974,2.456648,13.389105,21.838299,21.838299
2.456648,3.546974,1.511781,13.389105,21.838299,21.838299
1.511781,3.724637,2.645615,11.356825,20.804541,20.804541
2.645615,3.724637,1.511781,11.356825,20.804541,20.804541
1.511781,3.903359,2.834587,9.508654,19.977067,19.977067
2.834587,3.903359,1.511781,9.508654,19.977067,19.977067
1.511781,4.263472,3.212537,6.795530,19.030949,19.030949
3.212537,4.263472,1.511781,6.795530,19.030949,19.030949
1.511781,4.808757,3.779443,5.081226,18.920761,18.920761
3.779443,4.808757,1.511781,5.081226,18.920761,18.920761
1.511781,5.174876,4.157393,4.956472,19.215854,19.215854
4.157393,5.174876,1.511781,4.956472,19.215854,19.215854
1.511781,6.096488,5.102264,5.894972,20.343798,20.343798
5.102264,6.096488,1.511781,5.894972,20.343798,20.343798
1.511781,7.024269,6.047124,6.181790,20.657103,20.657103
6.047124,7.024269,1.511781,6.181790,20.657103,20.657103
1.889726,3.352419,1.889727,17.069720,10.568052,10.568052
1.889727,3.352419,1.889726,17.069720,10.568052,10.568052
1.889726,3.521113,2.078699,15.589827,7.362880,7.362880
2.078699,3.521113,1.889726,15.589827,7.362880,7.362880
1.889726,3.691779,2.267666,14.157403,5.748651,5.748651
2.267666,3.691779,1.889726,14.157403,5.748651,5.748651
1.889726,3.864158,2.456648,12.734764,4.859903,4.859903
2.456648,3.864158,1.889726,12.734764,4.859903,4.859903
1.889726,4.038013,2.645615,11.283595,4.217811,4.217811
2.645615,4.038013,1.889726,11.283595,4.217811,4.217811
1.889726,4.213164,2.834587,9.872886,3.675976,3.675976
2.834587,4.213164,1.889726,9.872886,3.675976,3.675976
1.889726,4.566794,3.212537,7.580564,2.971613,2.971613
3.212537,4.566794,1.889726,7.580564,2.971613,2.971613
1.889726,5.103758,3.779443,5.767449,2.692044,2.692044
3.779443,5.103758,1.889726,5.767449,2.692044,2.692044
1.889726,5.465109,4.157393,5.371111,2.710561,2.710561
4.157393,5.465109,1.889726,5.371111,2.710561,2.710561
1.889726,6.376903,5.102264,5.284907,2.810645,2.810645
5.102264,6.376903,1.889726,5.284907,2.810645,2.810645
1.889726,7.297104,6.047124,5.303846,2.853923,2.853923
6.047124,7.297104,1.889726,5.303846,2.853923,2.853923
2.267666,4.022893,2.267671,12.501064,1.776845,1.776845
2.267671,4.022893,2.267666,12.501064,1.776845,1.776845
2.267671,4.191430,2.456648,11.610038,1.258643,1.258643
2.456648,4.191430,2.267671,11.610038,1.258643,1.258643
2.267671,4.361635,2.645615,10.600966,0.939223,0.939223
2.645615,4.361635,2.267671,10.600966,0.939223,0.939223
2.267671,4.533319,2.834587,9.535438,0.662690,0.662690
2.834587,4.533319,2.267671,9.535438,0.662690,0.662690
2.267671,4.880543,3.212537,7.600462,0.241538,0.241538
3.212537,4.880543,2.267671,7.600462,0.241538,0.241538
2.267671,5.409088,3.779443,5.833661,-0.011318,-0.011318
3.779443,5.409088,2.267671,5.833661,-0.011318,-0.011318
2.267671,5.765516,4.157393,5.379691,-0.051777,-0.051777
4.157393,5.765516,2.267671,5.379691,-0.051777,-0.051777
2.267671,6.666956,5.102264,5.210639,-0.037814,-0.037814
5.102264,6.666956,2.267671,5.210639,-0.037814,-0.037814
2.267671,7.578970,6.047124,5.208519,-0.017216,-0.017216
6.047124,7.578970,2.267671,5.208519,-0.017216,-0.017216
2.645615,4.693384,2.645617,9.745684,1.012118,1.012118
2.645617,4.693384,2.645615,9.745684,1.012118,1.012118
2.645617,4.861779,2.834587,9.008525,1.035101,1.035101
2.834587,4.861779,2.645617,9.008525,1.035101,1.035101
2.645617,5.202835,3.212537,7.404069,0.923656,0.923656
3.212537,5.202835,2.645617,7.404069,0.923656,0.923656
2.645617,5.723094,3.779443,5.773716,0.803190,0.803190
3.779443,5.723094,2.645617,5.773716,0.803190,0.803190
2.645617,6.074588,4.157393,5.324698,0.766374,0.766374
4.157393,6.074588,2.645617,5.324698,0.766374,0.766374
2.645617,6.965444,5.102264,5.149351,0.771014,0.771014
5.102264,6.965444,2.645617,5.149351,0.771014,0.771014
2.645617,7.868896,6.047124,5.142285,0.785498,0.785498
6.047124,7.868896,2.645617,5.142285,0.785498,0.785498
3.023562,5.532175,3.212537,7.117566,2.158189,2.158189
3.212537,5.532175,3.023562,7.117566,2.158189,2.158189
3.023562,6.044424,3.779443,5.756084,2.304673,2.304673
3.779443,6.044424,3.023562,5.756084,2.304673,2.304673
3.023562,6.391067,4.157393,5.371376,2.330691,2.330691
4.157393,6.391067,3.023562,5.371376,2.330691,2.330691
3.023562,7.271327,5.102264,5.164508,2.301420,2.301420
5.102264,7.271327,3.023562,5.164508,2.301420,2.301420
3.023562,8.166024,6.047124,5.147600,2.305236,2.305236
6.047124,8.166024,3.023562,5.147600,2.305236,2.305236
3.779443,6.704822,3.779452,5.562453,4.333853,4.333853
3.779452,6.704822,3.779443,5.562453,4.333853,4.333853
3.779452,7.042233,4.157393,5.328729,4.508654,4.508654
4.157393,7.042233,3.779452,5.328729,4.508654,4.508654
3.779452,7.901824,5.102264,5.172039,4.526693,4.526693
5.102264,7.901824,3.779452,5.172039,4.526693,4.526693
3.779452,8.778945,6.047124,5.172263,4.546641,4.546641
6.047124,8.778945,3.779452,5.172263,4.546641,4.546641
4.535343,8.552671,5.102264,5.204941,5.099880,5.099880
5.102264,8.552671,4.535343,5.204941,5.099880,5.099880
4.535343,9.412679,6.047124,5.180531,5.094676,5.094676
6.047124,9.412679,4.535343,5.180531,5.094676,5.094676
5.291233,10.063296,6.047124,5.194074,5.152351,5.152351
6.047124,10.063296,5.291233,5.194074,5.152351,5.152351
