R1,R2,R3,ETriat,E,ENew
1.511781,1.943512,1.511788,38.830846,64.518518,64.518518
1.511788,1.943512,1.511781,38.830846,64.518518,64.518518
1.511781,2.070054,1.700758,36.090593,48.962293,48.962293
1.700758,2.070054,1.511781,36.090593,48.962293,48.962293
1.511781,2.205534,1.889731,32.848549,39.766455,39.766455
1.889731,2.205534,1.511781,32.848549,39.766455,39.766455
1.511781,2.348426,2.078700,28.676633,33.358930,33.358930
2.078700,2.348426,1.511781,28.676633,33.358930,33.358930
1.511781,2.497439,2.267673,24.505286,28.945070,28.945070
2.267673,2.497439,1.511781,24.505286,28.945070,28.945070
1.511781,2.651559,2.456643,20.172331,25.389906,25.389906
2.456643,2.651559,1.511781,20.172331,25.389906,25.389906
1.511781,2.809930,2.645616,16.645937,23.106916,23.106916
2.645616,2.809930,1.511781,16.645937,23.106916,23.106916
1.511781,2.971886,2.834585,13.494740,21.363375,21.363375
2.834585,2.971886,1.511781,13.494740,21.363375,21.363375
1.511781,3.304411,3.212528,8.850433,19.441824,19.441824
3.212528,3.304411,1.511781,8.850433,19.441824,19.441824
1.511781,3.819089,3.779462,5.545008,18.879392,18.879392
3.779462,3.819089,1.511781,5.545008,18.879392,18.879392
1.511781,4.169734,4.157404,4.986160,19.079083,19.079083
4.157404,4.169734,1.511781,4.986160,19.079083,19.079083
1.511781,5.063562,5.102259,5.593893,20.022383,20.022383
5.102259,5.063562,1.511781,5.593893,20.022383,20.022383
1.511781,5.973117,6.047113,5.956001,20.421636,20.421636
6.047113,5.973117,1.511781,5.956001,20.421636,20.421636
1.889726,2.429386,1.889731,26.868164,16.978786,16.978786
1.889731,2.429386,1.889726,26.868164,16.978786,16.978786
1.889726,2.554964,2.078700,23.941273,12.202402,12.202402
2.078700,2.554964,1.889726,23.941273,12.202402,12.202402
1.889726,2.687960,2.267673,21.151604,9.331134,9.331134
2.267673,2.687960,1.889726,21.151604,9.331134,9.331134
1.889726,2.827348,2.456643,18.398469,7.386730,7.386730
2.456643,2.827348,1.889726,18.398469,7.386730,7.386730
1.889726,2.972209,2.645616,15.755100,5.949730,5.949730
2.645616,2.972209,1.889726,15.755100,5.949730,5.949730
1.889726,3.121799,2.834585,13.235077,4.765760,4.765760
2.834585,3.121799,1.889726,13.235077,4.765760,4.765760
1.889726,3.432644,3.212528,9.440799,3.504644,3.504644
3.212528,3.432644,1.889726,9.440799,3.504644,3.504644
1.889726,3.921088,3.779462,6.446960,2.991473,2.991473
3.779462,3.921088,1.889726,6.446960,2.991473,2.991473
1.889726,4.257531,4.157404,5.703185,2.915283,2.915283
4.157404,4.257531,1.889726,5.703185,2.915283,2.915283
1.889726,5.124014,5.102259,5.360119,2.863896,2.863896
5.102259,5.124014,1.889726,5.360119,2.863896,2.863896
1.889726,6.014148,6.047113,5.323857,2.863723,2.863723
6.047113,6.014148,1.889726,5.323857,2.863723,2.863723
2.267671,2.915260,2.267673,17.270846,3.589855,3.589855
2.267673,2.915260,2.267671,17.270846,3.589855,3.589855
2.267671,3.040183,2.456643,15.402147,2.473923,2.473923
2.456643,3.040183,2.267671,15.402147,2.473923,2.473923
2.267671,3.171440,2.645616,13.650993,1.841804,1.841804
2.645616,3.171440,2.267671,13.650993,1.841804,1.841804
2.267671,3.308298,2.834585,12.014493,1.433834,1.433834
2.834585,3.308298,2.267671,12.014493,1.433834,1.433834
2.267671,3.596198,3.212528,9.073014,0.784457,0.784457
3.212528,3.596198,2.267671,9.073014,0.784457,0.784457
2.267671,4.055874,3.779462,6.404652,0.307365,0.307365
3.779462,4.055874,2.267671,6.404652,0.307365,0.307365
2.267671,4.376315,4.157404,5.662704,0.141974,0.141974
4.157404,4.376315,2.267671,5.662704,0.141974,0.141974
2.267671,5.211245,5.102259,5.274768,0.004033,0.004033
5.102259,5.211245,2.267671,5.274768,0.004033,0.004033
2.267671,6.078446,6.047113,5.225244,-0.010668,-0.010668
6.047113,6.078446,2.267671,5.225244,-0.010668,-0.010668
2.645616,3.401135,2.645617,11.313974,1.145767,1.145767
2.645617,3.401135,2.645616,11.313974,1.145767,1.145767
2.645617,3.525582,2.834585,10.242960,1.169704,1.169704
2.834585,3.525582,2.645617,10.242960,1.169704,1.169704
2.645617,3.790504,3.212528,8.305127,1.261332,1.261332
3.212528,3.790504,2.645617,8.305127,1.261332,1.261332
2.645617,4.220305,3.779462,6.205423,1.084797,1.084797
3.779462,4.220305,2.645617,6.205423,1.084797,1.084797
2.645617,4.523647,4.157404,5.545907,0.927385,0.927385
4.157404,4.523647,2.645617,5.545907,0.927385,0.927385
2.645617,5.323937,5.102259,5.202951,0.803060,0.803060
5.102259,5.323937,2.645617,5.202951,0.803060,0.803060
2.645617,6.165284,6.047113,5.155935,0.789444,0.789444
6.047113,6.165284,2.645617,5.155935,0.789444,0.789444
3.023562,4.011096,3.212528,7.407209,2.153332,2.153332
3.212528,4.011096,3.023562,7.407209,2.153332,2.153332
3.023562,4.411068,3.779462,5.998224,2.462865,2.462865
3.779462,4.411068,3.023562,5.998224,2.462865,2.462865
3.023562,4.696842,4.157404,5.523318,2.440489,2.440489
4.157404,4.696842,3.023562,5.523318,2.440489,2.440489
3.023562,5.460516,5.102259,5.208913,2.325834,2.325834
5.102259,5.460516,3.023562,5.208913,2.325834,2.325834
3.023562,6.273726,6.047113,5.159215,2.307925,2.307925
6.047113,6.273726,3.023562,5.159215,2.307925,2.307925
3.779452,4.858772,3.779462,5.508630,4.246041,4.246041
3.779462,4.858772,3.779452,5.508630,4.246041,4.246041
3.779452,5.109917,4.157404,5.334478,4.487362,4.487362
4.157404,5.109917,3.779452,5.334478,4.487362,4.487362
3.779452,5.798287,5.102259,5.200003,4.539399,4.539399
5.102259,5.798287,3.779452,5.200003,4.539399,4.539399
3.779452,6.550916,6.047113,5.175815,4.543258,4.543258
6.047113,6.550916,3.779452,5.175815,4.543258,4.543258
4.535343,6.210134,5.102259,5.214445,5.099230,5.099230
5.102259,6.210134,4.535343,5.214445,5.099230,5.099230
4.535343,6.900153,6.047113,5.187666,5.096845,5.096845
6.047113,6.900153,4.535343,5.187666,5.096845,5.096845
5.291233,7.311119,6.047113,5.203793,5.158682,5.158682
6.047113,7.311119,5.291233,5.203793,5.158682,5.158682
