R1,R2,R3,ETriat,E,ENew
1.511776,1.734233,1.511781,40.314494,70.972790,70.972790
1.511781,1.734233,1.511776,40.314494,70.972790,70.972790
1.511781,1.849118,1.700749,38.504747,54.347639,54.347639
1.700749,1.849118,1.511781,38.504747,54.347639,54.347639
1.511781,1.975431,1.889721,36.106451,44.454072,44.454072
1.889721,1.975431,1.511781,36.106451,44.454072,44.454072
1.511781,2.111123,2.078694,33.285885,38.310244,38.310244
2.078694,2.111123,1.511781,33.285885,38.310244,38.310244
1.511781,2.254501,2.267667,29.097304,33.179186,33.179186
2.267667,2.254501,1.511781,29.097304,33.179186,33.179186
1.511781,2.404185,2.456646,23.755637,28.212910,28.212910
2.456646,2.404185,1.511781,23.755637,28.212910,28.212910
1.511781,2.559079,2.645618,19.211735,24.714770,24.714770
2.645618,2.559079,1.511781,19.211735,24.714770,24.714770
1.511781,2.718287,2.834591,15.717964,22.559834,22.559834
2.834591,2.718287,1.511781,15.717964,22.559834,22.559834
1.511781,2.834585,2.971886,13.494740,21.363375,21.363375
2.971886,2.834585,1.511781,13.494740,21.363375,21.363375
1.511781,3.046925,3.212536,10.248509,19.897928,19.897928
3.212536,3.046925,1.511781,10.248509,19.897928,19.897928
1.511781,3.558286,3.779461,6.036497,18.860615,18.860615
3.779461,3.558286,1.511781,6.036497,18.860615,18.860615
1.511781,3.907702,4.157388,5.083717,18.945045,18.945045
4.157388,3.907702,1.511781,5.083717,18.945045,18.945045
1.511781,4.157397,4.423735,4.935844,19.131164,19.131164
4.423735,4.157397,1.511781,4.935844,19.131164,19.131164
1.511781,4.800229,5.102258,5.456406,19.874078,19.874078
5.102258,4.800229,1.511781,5.456406,19.874078,19.874078
1.511781,5.709624,6.047127,5.820125,20.281353,20.281353
6.047127,5.709624,1.511781,5.820125,20.281353,20.281353
1.292656,1.889723,1.889726,37.456247,75.217790,75.217790
1.889726,1.889723,1.292656,37.456247,75.217790,75.217790
1.889721,2.167801,1.889726,32.843115,22.925914,22.925914
1.889726,2.167801,1.889721,32.843115,22.925914,22.925914
1.889726,2.281452,2.078694,29.532591,17.246472,17.246472
2.078694,2.281452,1.889726,29.532591,17.246472,17.246472
1.889726,2.404601,2.267667,26.074445,13.355107,13.355107
2.267667,2.404601,1.889726,26.074445,13.355107,13.355107
1.889726,2.535856,2.456646,22.670975,10.553958,10.553958
2.456646,2.535856,1.889726,22.670975,10.553958,10.553958
1.889726,2.674041,2.645618,19.122787,8.116852,8.116852
2.645618,2.674041,1.889726,19.122787,8.116852,8.116852
1.889726,2.818128,2.834591,15.868612,6.185501,6.185501
2.834591,2.818128,1.889726,15.868612,6.185501,6.185501
1.889726,3.120706,3.212536,10.996119,4.004546,4.004546
3.212536,3.120706,1.889726,10.996119,4.004546,4.004546
1.889726,3.601373,3.779461,7.054893,3.054005,3.054005
3.779461,3.601373,1.889726,7.054893,3.054005,3.054005
1.889726,3.934579,4.157388,5.952901,2.919663,2.919663
4.157388,3.934579,1.889726,5.952901,2.919663,2.919663
1.889726,4.796738,5.102258,5.353690,2.844773,2.844773
5.102258,4.796738,1.889726,5.353690,2.844773,2.844773
1.889726,5.685247,6.047127,5.323597,2.857999,2.857999
6.047127,5.685247,1.889726,5.323597,2.857999,2.857999
1.551189,2.267671,2.267672,29.001933,29.948472,29.948472
2.267672,2.267671,1.551189,29.001933,29.948472,29.948472
2.267667,2.601368,2.267671,21.692348,6.771003,6.771003
2.267671,2.601368,2.267667,21.692348,6.771003,6.771003
2.003921,2.456642,2.267671,25.011607,10.815791,10.815791
2.267671,2.456642,2.003921,25.011607,10.815791,10.815791
2.267671,2.714169,2.456646,19.284409,5.040818,5.040818
2.456646,2.714169,2.267671,19.284409,5.040818,5.040818
2.267671,2.835100,2.645618,16.995722,3.856111,3.856111
2.645618,2.835100,2.267671,16.995722,3.856111,3.856111
2.267671,2.963155,2.834591,14.627433,2.757828,2.757828
2.834591,2.963155,2.267671,14.627433,2.757828,2.757828
2.267671,3.237212,3.212536,10.690911,1.349491,1.349491
3.212536,3.237212,2.267671,10.690911,1.349491,1.349491
2.267671,3.682941,3.779461,7.076206,0.471715,0.471715
3.779461,3.682941,2.267671,7.076206,0.471715,0.471715
2.267671,3.997171,4.157388,5.974456,0.230784,0.230784
4.157388,3.997171,2.267671,5.974456,0.230784,0.230784
2.267671,4.822954,5.102258,5.292056,0.007979,0.007979
5.102258,4.822954,2.267671,5.292056,0.007979,0.007979
2.267671,5.685943,6.047127,5.229912,-0.012359,-0.012359
6.047127,5.685943,2.267671,5.229912,-0.012359,-0.012359
1.809705,2.645610,2.645617,19.330315,9.983764,9.983764
2.645617,2.645610,1.809705,19.330315,9.983764,9.983764
2.645617,3.034925,2.645618,14.001440,2.537972,2.537972
2.645618,3.034925,2.645617,14.001440,2.537972,2.537972
2.645617,3.147128,2.834591,12.552180,2.269938,2.269938
2.834591,3.147128,2.645617,12.552180,2.269938,2.269938
2.645617,3.392045,3.212536,9.762778,1.797963,1.797963
3.212536,3.392045,2.645617,9.762778,1.797963,1.797963
2.645617,3.800514,3.779461,6.792805,1.263977,1.263977
3.779461,3.800514,2.645617,6.792805,1.263977,1.263977
2.645617,4.093840,4.157388,5.836897,1.044338,1.044338
4.157388,4.093840,2.645617,5.836897,1.044338,1.044338
2.645617,4.878397,5.102258,5.229017,0.816026,0.816026
5.102258,4.878397,2.645617,5.229017,0.816026,0.816026
2.645617,5.711703,6.047127,5.162876,0.789357,0.789357
6.047127,5.711703,2.645617,5.162876,0.789357,0.789357
3.023562,3.580234,3.212536,8.576992,2.633589,2.633589
3.212536,3.580234,3.023562,8.576992,2.633589,2.633589
3.023562,3.950879,3.779461,6.519750,2.703753,2.703753
3.779461,3.950879,3.023562,6.519750,2.703753,2.703753
3.023562,4.222246,4.157388,5.771598,2.572403,2.572403
4.157388,4.222246,3.023562,5.771598,2.572403,2.572403
3.023562,4.962088,5.102258,5.242527,2.346866,2.346866
5.102258,4.962088,3.023562,5.242527,2.346866,2.346866
3.023562,5.762190,6.047127,5.168189,2.309486,2.309486
6.047127,5.762190,3.023562,5.168189,2.309486,2.309486
2.585305,3.779452,3.779460,6.834439,1.052664,1.052664
3.779460,3.779452,2.585305,6.834439,1.052664,1.052664
3.779452,4.335617,3.779461,5.751110,4.409003,4.409003
3.779461,4.335617,3.779452,5.751110,4.409003,4.409003
3.779452,4.562903,4.157388,5.474384,4.592086,4.592086
4.157388,4.562903,3.779452,5.474384,4.592086,4.592086
3.779452,5.208310,5.102258,5.217486,4.544906,4.544906
5.102258,5.208310,3.779452,5.217486,4.544906,4.544906
3.779452,5.934514,6.047127,5.184916,4.545123,4.545123
6.047127,5.934514,3.779452,5.184916,4.545123,4.545123
4.535343,5.547378,5.102258,5.219785,5.093853,5.093853
5.102258,5.547378,4.535343,5.219785,5.093853,5.093853
4.535343,6.194903,6.047127,5.196839,5.100010,5.100010
6.047127,6.194903,4.535343,5.196839,5.100010,5.100010
5.291233,6.532834,6.047127,5.210856,5.161370,5.161370
6.047127,6.532834,5.291233,5.210856,5.161370,5.161370
