R1,R2,R3,ETriat,E,ENew
1.511781,2.951896,1.511784,20.766356,46.639927,46.639927
1.511784,2.951896,1.511781,20.766356,46.639927,46.639927
1.511781,3.136658,1.700761,19.603266,34.671518,34.671518
1.700761,3.136658,1.511781,19.603266,34.671518,34.671518
1.511781,3.321890,1.889731,18.086579,28.413036,28.413036
1.889731,3.321890,1.511781,18.086579,28.413036,28.413036
1.511781,3.507520,2.078701,16.583541,25.247672,25.247672
2.078701,3.507520,1.511781,16.583541,25.247672,25.247672
1.511781,3.693490,2.267671,15.089782,23.610720,23.610720
2.267671,3.693490,1.511781,15.089782,23.610720,23.610720
1.511781,3.879749,2.456641,13.413823,22.486072,22.486072
2.456641,3.879749,1.511781,13.413823,22.486072,22.486072
1.511781,4.066263,2.645619,11.683943,21.568270,21.568270
2.645619,4.066263,1.511781,11.683943,21.568270,21.568270
1.511781,4.252990,2.834588,10.033540,20.782382,20.782382
2.834588,4.252990,1.511781,10.033540,20.782382,20.782382
1.511781,4.626990,3.212528,7.478241,19.803481,19.803481
3.212528,4.626990,1.511781,7.478241,19.803481,19.803481
1.511781,5.189084,3.779463,5.606071,19.459256,19.459256
3.779463,5.189084,1.511781,5.606071,19.459256,19.459256
1.511781,5.564343,4.157402,5.448269,19.716102,19.716102
4.157402,5.564343,1.511781,5.448269,19.716102,19.716102
1.511781,6.503855,5.102259,6.275215,20.728524,20.728524
5.102259,6.503855,1.511781,6.275215,20.728524,20.728524
1.511781,7.444721,6.047116,6.498973,20.975916,20.975916
6.047116,7.444721,1.511781,6.498973,20.975916,20.975916
1.889726,3.689869,1.889731,16.024877,10.389001,10.389001
1.889731,3.689869,1.889726,16.024877,10.389001,10.389001
1.889726,3.874576,2.078701,15.006244,7.460796,7.460796
2.078701,3.874576,1.889726,15.006244,7.460796,7.460796
1.889726,4.059675,2.267671,14.033423,6.117723,6.117723
2.267671,4.059675,1.889726,14.033423,6.117723,6.117723
1.889726,4.245116,2.456641,13.028899,5.481571,5.481571
2.456641,4.245116,1.889726,13.028899,5.481571,5.481571
1.889726,4.430859,2.645619,11.938618,5.072821,5.072821
2.645619,4.430859,1.889726,11.938618,5.072821,5.072821
1.889726,4.616860,2.834588,10.710399,4.626214,4.626214
2.834588,4.616860,1.889726,10.710399,4.626214,4.626214
1.889726,4.989531,3.212528,8.305522,3.727536,3.727536
3.212528,4.989531,1.889726,8.305522,3.727536,3.727536
1.889726,5.549898,3.779463,6.128404,3.063024,3.063024
3.779463,5.549898,1.889726,6.128404,3.063024,3.063024
1.889726,5.924155,4.157402,5.567106,2.914979,2.914979
4.157402,5.924155,1.889726,5.567106,2.914979,2.914979
1.889726,6.861568,5.102259,5.320606,2.850106,2.850106
5.102259,6.861568,1.889726,5.320606,2.850106,2.850106
1.889726,7.800778,6.047116,5.308253,2.859733,2.859733
6.047116,7.800778,1.889726,5.308253,2.859733,2.859733
2.267671,4.427837,2.267671,12.789905,2.278394,2.278394
2.267671,4.427837,2.267671,12.789905,2.278394,2.278394
2.267671,4.612510,2.456641,12.120749,1.893191,1.893191
2.456641,4.612510,2.267671,12.120749,1.893191,1.893191
2.267671,4.797521,2.645619,11.367281,1.773159,1.773159
2.645619,4.797521,2.267671,11.367281,1.773159,1.773159
2.267671,4.982826,2.834588,10.449161,1.612408,1.612408
2.834588,4.982826,2.267671,10.449161,1.612408,1.612408
2.267671,5.354204,3.212528,8.300606,0.955311,0.955311
3.212528,5.354204,2.267671,8.300606,0.955311,0.955311
2.267671,5.912853,3.779463,6.111119,0.275579,0.275579
3.779463,5.912853,2.267671,6.111119,0.275579,0.275579
2.267671,6.286095,4.157402,5.518459,0.094490,0.094490
4.157402,6.286095,2.267671,5.518459,0.094490,0.094490
2.267671,7.221343,5.102259,5.233929,-0.011535,-0.011535
5.102259,7.221343,2.267671,5.233929,-0.011535,-0.011535
2.267671,8.158805,6.047116,5.211291,-0.013269,-0.013269
6.047116,8.158805,2.267671,5.211291,-0.013269,-0.013269
2.645617,5.165810,2.645619,10.442315,1.730185,1.730185
2.645619,5.165810,2.645617,10.442315,1.730185,1.730185
2.645617,5.350457,2.834588,9.803747,1.844796,1.844796
2.834588,5.350457,2.645617,9.803747,1.844796,1.844796
2.645617,5.720599,3.212528,8.056625,1.586910,1.586910
3.212528,5.720599,2.645617,8.056625,1.586910,1.586910
2.645617,6.277577,3.779463,6.028790,1.066454,1.066454
3.779463,6.277577,2.645617,6.028790,1.066454,1.066454
2.645617,6.649816,4.157402,5.454161,0.901800,0.901800
4.157402,6.649816,2.645617,5.454161,0.901800,0.901800
2.645617,7.582885,5.102259,5.171490,0.795471,0.795471
5.102259,7.582885,2.645617,5.171490,0.795471,0.795471
2.645617,8.518553,6.047116,5.145483,0.789661,0.789661
6.047116,8.518553,2.645617,5.145483,0.789661,0.789661
3.023562,6.088407,3.212528,7.740080,2.790134,2.790134
3.212528,6.088407,3.023562,7.740080,2.790134,2.790134
3.023562,6.643780,3.779463,6.033624,2.588577,2.588577
3.779463,6.643780,3.023562,6.033624,2.588577,2.588577
3.023562,7.015041,4.157402,5.461551,2.425312,2.425312
4.157402,7.015041,3.023562,5.461551,2.425312,2.425312
3.023562,7.945954,5.102259,5.182019,2.320717,2.320717
5.102259,7.945954,3.023562,5.182019,2.320717,2.320717
3.023562,8.879813,6.047116,5.150805,2.309226,2.309226
6.047116,8.879813,3.023562,5.150805,2.309226,2.309226
3.779452,7.379738,3.779463,5.766804,4.541524,4.541524
3.779463,7.379738,3.779452,5.766804,4.541524,4.541524
3.779452,7.749152,4.157402,5.430408,4.612684,4.612684
4.157402,7.749152,3.779452,5.430408,4.612684,4.612684
3.779452,8.675905,5.102259,5.200640,4.556354,4.556354
5.102259,8.675905,3.779452,5.200640,4.556354,4.556354
3.779452,9.606185,6.047116,5.175222,4.550110,4.550110
6.047116,9.606185,3.779452,5.175222,4.550110,4.550110
4.535343,9.409952,5.102259,5.187178,5.082751,5.082751
5.102259,9.409952,4.535343,5.187178,5.082751,5.082751
4.535343,10.336791,6.047116,5.188656,5.103132,5.103132
6.047116,10.336791,4.535343,5.188656,5.103132,5.103132
5.291233,11.070793,6.047116,5.196851,5.155343,5.155343
6.047116,11.070793,5.291233,5.196851,5.155343,5.155343
