R1,R2,R3,ETriat,E,ENew
1.511781,1.511781,2.137981,35.266778,59.306455,59.306455
2.137981,1.511781,1.511781,35.266778,59.306455,59.306455
1.511781,1.470464,2.078706,37.177211,65.326175,65.326175
2.078706,1.470464,1.511781,37.177211,65.326175,65.326175
1.511781,1.606110,2.267676,32.107373,49.098456,49.098456
2.267676,1.606110,1.511781,32.107373,49.098456,49.098456
1.511781,1.751665,2.456647,27.935877,38.535174,38.535174
2.456647,1.751665,1.511781,27.935877,38.535174,38.535174
1.511781,1.904861,2.645618,24.365660,31.819200,31.819200
2.645618,1.904861,1.511781,24.365660,31.819200,31.819200
1.511781,2.063996,2.834589,21.139806,27.498270,27.498270
2.834589,2.063996,1.511781,21.139806,27.498270,27.498270
1.511781,2.395309,3.212530,15.509961,22.797990,22.797990
3.212530,2.395309,1.511781,15.509961,22.797990,22.797990
1.511781,2.913639,3.779443,9.023148,19.636833,19.636833
3.779443,2.913639,1.511781,9.023148,19.636833,19.636833
1.511781,3.268167,4.157384,6.505183,18.879999,18.879999
4.157384,3.268167,1.511781,6.505183,18.879999,18.879999
1.511781,4.157404,5.084738,4.905222,19.162256,19.162256
5.084738,4.157404,1.511781,4.905222,19.162256,19.162256
1.511781,4.172535,5.102265,5.181473,19.448112,19.448112
5.102265,4.172535,1.511781,5.181473,19.448112,19.448112
1.511781,5.091611,6.047119,5.417681,19.865535,19.865535
6.047119,5.091611,1.511781,5.417681,19.865535,19.865535
1.889726,1.446337,1.889735,36.895022,52.824431,52.824431
1.889735,1.446337,1.889726,36.895022,52.824431,52.824431
1.889726,1.889726,2.672476,22.708687,13.605144,13.605144
2.672476,1.889726,1.889726,22.708687,13.605144,13.605144
1.889726,1.528656,2.078706,35.198496,41.221538,41.221538
2.078706,1.528656,1.889726,35.198496,41.221538,41.221538
1.889726,2.078691,2.928606,18.949978,8.666535,8.666535
2.928606,2.078691,1.889726,18.949978,8.666535,8.666535
1.889726,1.628837,2.267676,31.347550,30.108616,30.108616
2.267676,1.628837,1.889726,31.347550,30.108616,30.108616
1.889726,1.743803,2.456647,26.781551,20.722670,20.722670
2.456647,1.743803,1.889726,26.781551,20.722670,20.722670
1.889726,1.870831,2.645618,23.252064,14.408031,14.408031
2.645618,1.870831,1.889726,23.252064,14.408031,14.408031
1.889726,2.007632,2.834589,20.306085,10.215675,10.215675
2.834589,2.007632,1.889726,20.306085,10.215675,10.215675
1.889726,2.303477,3.212530,15.726634,5.977657,5.977657
3.212530,2.303477,1.889726,15.726634,5.977657,5.977657
1.889726,2.784741,3.779443,10.557504,3.719904,3.719904
3.779443,2.784741,1.889726,10.557504,3.719904,3.719904
1.889726,3.121602,4.157384,8.084800,3.002315,3.002315
4.157384,3.121602,1.889726,8.084800,3.002315,3.002315
1.889726,3.996059,5.102265,5.465021,2.669018,2.669018
5.102265,3.996059,1.889726,5.465021,2.669018,2.669018
1.889726,4.896727,6.047119,5.274498,2.789310,2.789310
6.047119,4.896727,1.889726,5.274498,2.789310,2.789310
2.267671,1.735602,2.267676,29.062046,20.264571,20.264571
2.267676,1.735602,2.267671,29.062046,20.264571,20.264571
2.267671,2.267671,3.206972,14.688395,2.140323,2.140323
3.206972,2.267671,2.267671,14.688395,2.140323,2.140323
2.267671,1.816329,2.456647,25.126662,14.123302,14.123302
2.456647,1.816329,2.267671,25.126662,14.123302,14.123302
2.456638,2.267671,3.194739,14.120532,1.779316,1.779316
3.194739,2.267671,2.456638,14.120532,1.779316,1.779316
2.267671,1.912382,2.645618,21.774040,9.398695,9.398695
2.645618,1.912382,2.267671,21.774040,9.398695,9.398695
2.267671,2.021579,2.834589,18.868287,5.867468,5.867468
2.834589,2.021579,2.267671,18.868287,5.867468,5.867468
2.271605,2.267671,3.212530,14.637700,2.108537,2.108537
3.212530,2.267671,2.271605,14.637700,2.108537,2.108537
2.267671,3.212526,4.385615,7.581453,0.157715,0.157715
4.385615,3.212526,2.267671,7.581453,0.157715,0.157715
2.267671,2.702953,3.779443,10.587842,0.647340,0.647340
3.779443,2.702953,2.267671,10.587842,0.647340,0.647340
2.267671,3.779461,5.028843,5.807566,-0.046660,-0.046660
5.028843,3.779461,2.267671,5.807566,-0.046660,-0.046660
2.267671,3.015554,4.157384,8.590714,0.318683,0.318683
4.157384,3.015554,2.267671,8.590714,0.318683,0.318683
2.267671,3.848717,5.102265,5.692732,-0.054335,-0.054335
5.102265,3.848717,2.267671,5.692732,-0.054335,-0.054335
2.267671,4.724092,6.047119,5.216116,-0.055983,-0.055983
6.047119,4.724092,2.267671,5.216116,-0.055983,-0.055983
2.645617,2.024868,2.645618,19.564501,6.653053,6.653053
2.645618,2.024868,2.645617,19.564501,6.653053,6.653053
2.645617,2.645617,3.741467,9.986970,0.630081,0.630081
3.741467,2.645617,2.645617,9.986970,0.630081,0.630081
2.645617,2.104438,2.834589,17.022423,4.297124,4.297124
2.834589,2.104438,2.645617,17.022423,4.297124,4.297124
2.645617,2.302186,3.212530,13.276358,1.618436,1.618436
3.212530,2.302186,2.645617,13.276358,1.618436,1.618436
2.645617,2.672604,3.779443,9.822313,0.632379,0.632379
3.779443,2.672604,2.645617,9.822313,0.632379,0.632379
2.645617,2.954389,4.157384,8.423531,0.774353,0.774353
4.157384,2.954389,2.645617,8.423531,0.774353,0.774353
2.645617,3.733958,5.102265,5.835141,0.773486,0.773486
5.102265,3.733958,2.645617,5.835141,0.773486,0.773486
2.645617,4.576226,6.047119,5.171267,0.751587,0.751587
6.047119,4.576226,2.645617,5.171267,0.751587,0.751587
3.023562,2.392827,3.212530,11.660870,1.623379,1.623379
3.212530,2.392827,3.023562,11.660870,1.623379,1.623379
3.023562,2.695433,3.779443,8.789316,1.201620,1.201620
3.779443,2.695433,3.023562,8.789316,1.201620,1.201620
3.023562,2.940910,4.157384,7.731086,1.541247,1.541247
4.157384,2.940910,3.023562,7.731086,1.541247,1.541247
3.023562,3.654852,5.102265,5.902432,2.201900,2.201900
5.102265,3.654852,3.023562,5.902432,2.201900,2.201900
3.023562,4.455595,6.047119,5.240767,2.313389,2.313389
6.047119,4.455595,3.023562,5.240767,2.313389,2.313389
3.779443,2.892664,3.779452,6.865061,2.288454,2.288454
3.779452,2.892664,3.779443,6.865061,2.288454,2.288454
3.779452,3.779452,5.344953,5.447448,4.199338,4.199338
5.344953,3.779452,3.779452,5.447448,4.199338,4.199338
3.779452,3.057300,4.157384,6.219240,2.710214,2.710214
4.157384,3.057300,3.779452,6.219240,2.710214,2.710214
3.779452,4.157400,5.857226,5.274061,4.442393,4.442393
5.857226,4.157400,3.779452,5.274061,4.442393,4.442393
3.779452,3.611925,5.102265,5.514335,3.937375,3.937375
5.102265,3.611925,3.779452,5.514335,3.937375,3.937375
3.779452,4.304689,6.047119,5.243823,4.487666,4.487666
6.047119,4.304689,3.779452,5.243823,4.487666,4.487666
4.535343,3.725158,5.102265,5.286804,4.478559,4.478559
5.102265,3.725158,4.535343,5.286804,4.478559,4.478559
4.535343,4.283819,6.047119,5.223976,4.998885,4.998885
6.047119,4.283819,4.535343,5.223976,4.998885,4.998885
5.291233,4.394839,6.047119,5.291541,5.148231,5.148231
6.047119,4.394839,5.291233,5.291541,5.148231,5.148231
2.282033,3.400013,4.608687,6.809179,0.046963,0.046963
4.608687,3.400013,2.282033,6.809179,0.046963,0.046963
