R1,R2,R3,ETriat,E,ENew
1.511781,2.793418,1.511793,21.716152,46.943866,46.943866
1.511793,2.793418,1.511781,21.716152,46.943866,46.943866
1.511781,2.968885,1.700764,20.397602,34.809069,34.809069
1.700764,2.968885,1.511781,20.397602,34.809069,34.809069
1.511781,3.145917,1.889735,18.630222,28.337539,28.337539
1.889735,3.145917,1.511781,18.630222,28.337539,28.337539
1.511781,3.324264,2.078706,16.756132,24.880248,24.880248
2.078706,3.324264,1.511781,16.756132,24.880248,24.880248
1.511781,3.503725,2.267676,14.855554,22.943173,22.943173
2.267676,3.503725,1.511781,14.855554,22.943173,22.943173
1.511781,3.684136,2.456647,12.963467,21.717226,21.717226
2.456647,3.684136,1.511781,12.963467,21.717226,21.717226
1.511781,3.865366,2.645618,11.145151,20.815513,20.815513
2.645618,3.865366,1.511781,11.145151,20.815513,20.815513
1.511781,4.047304,2.834589,9.477430,20.094974,20.094974
2.834589,4.047304,1.511781,9.477430,20.094974,20.094974
1.511781,4.412954,3.212530,6.930960,19.217805,19.217805
3.212530,4.412954,1.511781,6.930960,19.217805,19.217805
1.511781,4.964881,3.779443,5.249364,19.096039,19.096039
3.779443,4.964881,1.511781,5.249364,19.096039,19.096039
1.511781,5.334579,4.157384,5.108127,19.371184,19.371184
4.157384,5.334579,1.511781,5.108127,19.371184,19.371184
1.511781,6.263157,5.102265,6.009508,20.460404,20.460404
5.102265,6.263157,1.511781,6.009508,20.460404,20.460404
1.511781,7.195954,6.047119,6.263772,20.739842,20.739842
6.047119,7.195954,1.511781,6.263772,20.739842,20.739842
1.889726,3.491767,1.889735,16.149225,10.055228,10.055228
1.889735,3.491767,1.889726,16.149225,10.055228,10.055228
1.889726,3.667066,2.078706,14.915859,7.024553,7.024553
2.078706,3.667066,1.889726,14.915859,7.024553,7.024553
1.889726,3.843661,2.267676,13.725881,5.571508,5.571508
2.267676,3.843661,1.889726,13.725881,5.571508,5.571508
1.889726,4.021382,2.456647,12.540227,4.842384,4.842384
2.456647,4.021382,1.889726,12.540227,4.842384,4.842384
1.889726,4.200085,2.645618,11.309725,4.356966,4.356966
2.645618,4.200085,1.889726,11.309725,4.356966,4.356966
1.889726,4.379649,2.834589,10.029633,3.898998,3.898998
2.834589,4.379649,1.889726,10.029633,3.898998,3.898998
1.889726,4.740973,3.212530,7.757212,3.166751,3.166751
3.212530,4.740973,1.889726,7.757212,3.166751,3.166751
1.889726,5.287317,3.779443,5.861765,2.790828,2.790828
3.779443,5.287317,1.889726,5.861765,2.790828,2.790828
1.889726,5.653797,4.157384,5.421638,2.764809,2.764809
4.157384,5.653797,1.889726,5.421638,2.764809,2.764809
1.889726,6.575702,5.102265,5.292607,2.820142,2.820142
5.102265,6.575702,1.889726,5.292607,2.820142,2.820142
1.889726,7.503299,6.047119,5.304309,2.855050,2.855050
6.047119,7.503299,1.889726,5.304309,2.855050,2.855050
2.267671,4.190115,2.267676,12.344444,1.741243,1.741243
2.267676,4.190115,2.267671,12.344444,1.741243,1.741243
2.267671,4.365300,2.456647,11.589696,1.311895,1.311895
2.456647,4.365300,2.267671,11.589696,1.311895,1.311895
2.267671,4.541591,2.645618,10.738810,1.118491,1.118491
2.645618,4.541591,2.267671,10.738810,1.118491,1.118491
2.267671,4.718863,2.834589,9.757862,0.907134,0.907134
2.834589,4.718863,2.267671,9.757862,0.907134,0.907134
2.267671,5.075941,3.212530,7.784857,0.432861,0.432861
3.212530,5.075941,2.267671,7.784857,0.432861,0.432861
2.267671,5.616679,3.779443,5.910132,0.069339,0.069339
3.779443,5.616679,2.267671,5.910132,0.069339,0.069339
2.267671,5.979865,4.157384,5.417214,-0.010754,-0.010754
4.157384,5.979865,2.267671,5.417214,-0.010754,-0.010754
2.267671,6.894800,5.102265,5.216033,-0.030962,-0.030962
5.102265,6.894800,2.267671,5.216033,-0.030962,-0.030962
2.267671,7.816836,6.047119,5.208953,-0.016218,-0.016218
6.047119,7.816836,2.267671,5.208953,-0.016218,-0.016218
2.645617,4.888463,2.645618,9.862619,1.141517,1.141517
2.645618,4.888463,2.645617,9.862619,1.141517,1.141517
2.645617,5.063566,2.834589,9.215383,1.249450,1.249450
2.834589,5.063566,2.645617,9.215383,1.249450,1.249450
2.645617,5.416568,3.212530,7.584154,1.108474,1.108474
3.212530,5.416568,2.645617,7.584154,1.108474,1.108474
2.645617,5.951818,3.779443,5.844984,0.878297,0.878297
3.779443,5.951818,2.645617,5.844984,0.878297,0.878297
2.645617,6.311723,4.157384,5.362601,0.807180,0.807180
4.157384,6.311723,2.645617,5.362601,0.807180,0.807180
2.645617,7.219581,5.102265,5.155145,0.777952,0.777952
5.102265,7.219581,2.645617,5.155145,0.777952,0.777952
2.645617,8.135849,6.047119,5.143030,0.786712,0.786712
6.047119,8.135849,2.645617,5.143030,0.786712,0.786712
3.023562,5.761852,3.212530,7.302011,2.346953,2.346953
3.212530,5.761852,3.023562,7.302011,2.346953,2.346953
3.023562,6.291810,3.779443,5.840396,2.392095,2.392095
3.779443,6.291810,3.023562,5.840396,2.392095,2.392095
3.023562,6.648503,4.157384,5.411357,2.372884,2.372884
4.157384,6.648503,3.023562,5.411357,2.372884,2.372884
3.023562,7.549313,5.102265,5.169518,2.307318,2.307318
5.102265,7.549313,3.023562,5.169518,2.307318,2.307318
3.023562,8.459718,6.047119,5.148472,2.306494,2.306494
6.047119,8.459718,3.023562,5.148472,2.306494,2.306494
3.779443,6.983508,3.779452,5.633774,4.406835,4.406835
3.779452,6.983508,3.779443,5.633774,4.406835,4.406835
3.779452,7.334107,4.157384,5.368442,4.549546,4.549546
4.157384,7.334107,3.779452,5.368442,4.549546,4.549546
3.779452,8.221237,5.102265,5.189591,4.544776,4.544776
5.102265,8.221237,3.779452,5.189591,4.544776,4.544776
3.779452,9.119949,6.047119,5.172963,4.547595,4.547595
6.047119,9.119949,3.779452,5.172963,4.547595,4.547595
4.535343,8.906631,5.102265,5.202627,5.097885,5.097885
5.102265,8.906631,4.535343,5.202627,5.097885,5.097885
4.535343,9.794022,6.047119,5.182100,5.096411,5.096411
6.047119,9.794022,4.535343,5.182100,5.096411,5.096411
5.291233,10.479265,6.047119,5.190107,5.148491,5.148491
6.047119,10.479265,5.291233,5.190107,5.148491,5.148491
