R1,R2,R3,ETriat,E,ENew
1.511788,1.511781,2.316189,31.391742,55.179449,55.179449
2.316189,1.511781,1.511788,31.391742,55.179449,55.179449
1.511781,1.700749,2.551270,26.891244,39.672658,39.672658
2.551270,1.700749,1.511781,26.891244,39.672658,39.672658
1.511781,1.474957,2.267672,32.401218,59.542053,59.542053
2.267672,1.474957,1.511781,32.401218,59.542053,59.542053
2.128418,1.511781,2.267671,30.197001,34.573645,34.573645
2.267671,1.511781,2.128418,30.197001,34.573645,34.573645
1.511781,1.621889,2.456642,28.631135,44.956099,44.956099
2.456642,1.621889,1.511781,28.631135,44.956099,44.956099
1.511781,1.776799,2.645610,25.316377,35.732118,35.732118
2.645610,1.776799,1.511781,25.316377,35.732118,35.732118
1.511781,1.937769,2.834592,22.248334,29.932861,29.932861
2.834592,1.937769,1.511781,22.248334,29.932861,29.932861
1.511781,2.834592,3.821737,9.611715,19.969045,19.969045
3.821737,2.834592,1.511781,9.611715,19.969045,19.969045
1.511781,2.272678,3.212542,16.786692,23.960408,23.960408
3.212542,2.272678,1.511781,16.786692,23.960408,23.960408
1.511781,2.795691,3.779460,10.005325,20.138469,20.138469
3.779460,2.795691,1.511781,10.005325,20.138469,20.138469
1.511781,3.779443,4.808757,5.081226,18.920761,18.920761
4.808757,3.779443,1.511781,5.081226,18.920761,18.920761
1.511781,3.152797,4.157397,7.122181,19.083463,19.083463
4.157397,3.152797,1.511781,7.122181,19.083463,19.083463
1.511781,4.062120,5.102265,5.239240,19.428771,19.428771
5.102265,4.062120,1.511781,5.239240,19.428771,19.428771
1.511781,4.984668,6.047120,5.381534,19.826117,19.826117
6.047120,4.984668,1.511781,5.381534,19.826117,19.826117
1.889723,1.292656,1.889726,37.456247,75.217790,75.217790
1.889726,1.292656,1.889723,37.456247,75.217790,75.217790
1.889731,1.889726,2.895234,20.314416,12.105136,12.105136
2.895234,1.889726,1.889731,20.314416,12.105136,12.105136
1.889726,1.368855,2.078705,35.633593,58.956637,58.956637
2.078705,1.368855,1.889726,35.633593,58.956637,58.956637
2.078691,1.889726,2.928606,18.949978,8.666535,8.666535
2.928606,1.889726,2.078691,18.949978,8.666535,8.666535
1.889726,1.465606,2.267672,31.282205,42.423938,42.423938
2.267672,1.465606,1.889726,31.282205,42.423938,42.423938
1.889726,1.579112,2.456642,27.194689,29.214014,29.214014
2.456642,1.579112,1.889726,27.194689,29.214014,29.214014
1.889726,1.706068,2.645610,23.841975,19.815016,19.815016
2.645610,1.706068,1.889726,23.841975,19.815016,19.815016
1.889726,1.843684,2.834592,21.095272,13.577565,13.577565
2.834592,1.843684,1.889726,21.095272,13.577565,13.577565
2.660516,1.889726,2.834588,17.019482,6.710770,6.710770
2.834588,1.889726,2.660516,17.019482,6.710770,6.710770
1.889726,2.142531,3.212542,16.788456,7.279924,7.279924
3.212542,2.142531,1.889726,16.788456,7.279924,7.279924
1.889726,2.629257,3.779460,11.661402,4.216466,4.216466
3.779460,2.629257,1.889726,11.661402,4.216466,4.216466
1.889726,2.969577,4.157397,8.940699,3.261242,3.261242
4.157397,2.969577,1.889726,8.940699,3.261242,3.261242
1.889726,3.851228,5.102265,5.638659,2.671793,2.671793
5.102265,3.851228,1.889726,5.638659,2.671793,2.671793
1.889726,4.757198,6.047120,5.271707,2.778773,2.778773
6.047120,4.757198,1.889726,5.271707,2.778773,2.778773
2.267671,1.551189,2.267672,29.001933,29.948472,29.948472
2.267672,1.551189,2.267671,29.001933,29.948472,29.948472
2.267673,2.267671,3.474278,13.360142,1.665529,1.665529
3.474278,2.267671,2.267673,13.360142,1.665529,1.665529
2.267671,1.625531,2.456642,25.248952,21.666967,21.666967
2.456642,1.625531,2.267671,25.248952,21.666967,21.666967
2.267671,1.717559,2.645610,22.043817,14.786123,14.786123
2.645610,1.717559,2.267671,22.043817,14.786123,14.786123
2.267671,1.824576,2.834592,19.277126,9.433386,9.433386
2.834592,1.824576,2.267671,19.277126,9.433386,9.433386
2.267671,2.074005,3.212542,15.320385,3.389339,3.389339
3.212542,2.074005,2.267671,15.320385,3.389339,3.389339
2.267671,2.509141,3.779460,11.530244,0.900152,0.900152
3.779460,2.509141,2.267671,11.530244,0.900152,0.900152
2.267671,2.825302,4.157397,9.527666,0.484637,0.484637
4.157397,2.825302,2.267671,9.527666,0.484637,0.484637
2.267671,3.667259,5.102265,6.028896,-0.028360,-0.028360
5.102265,3.667259,2.267671,6.028896,-0.028360,-0.028360
2.267671,4.549796,6.047120,5.232122,-0.059756,-0.059756
6.047120,4.549796,2.267671,5.232122,-0.059756,-0.059756
2.645610,1.809705,2.645617,19.330315,9.983764,9.983764
2.645617,1.809705,2.645610,19.330315,9.983764,9.983764
2.645617,2.645616,4.053322,9.504542,0.543439,0.543439
4.053322,2.645616,2.645617,9.504542,0.543439,0.543439
2.645617,1.882730,2.834592,17.103667,6.868833,6.868833
2.834592,1.882730,2.645617,17.103667,6.868833,6.868833
2.645617,2.073220,3.212542,13.627286,2.569714,2.569714
3.212542,2.073220,2.645617,13.627286,2.569714,2.569714
2.645617,2.442184,3.779460,10.434241,0.488367,0.488367
3.779460,2.442184,2.645617,10.434241,0.488367,0.488367
2.645617,2.726161,4.157397,9.190798,0.616594,0.616594
4.157397,2.726161,2.645617,9.190798,0.616594,0.616594
2.645617,3.514442,5.102265,6.313779,0.771491,0.771491
5.102265,3.514442,2.645617,6.313779,0.771491,0.771491
2.645617,4.365323,6.047120,5.213498,0.748335,0.748335
6.047120,4.365323,2.645617,5.213498,0.748335,0.748335
3.023562,2.140250,3.212542,11.746281,1.852125,1.852125
3.212542,2.140250,3.023562,11.746281,1.852125,1.852125
3.023562,2.432781,3.779460,9.106490,0.652110,0.652110
3.779460,2.432781,3.023562,9.106490,0.652110,0.652110
3.023562,2.677176,4.157397,8.155925,0.904055,0.904055
4.157397,2.677176,3.023562,8.155925,0.904055,0.904055
3.023562,3.396983,5.102265,6.425683,2.067471,2.067471
5.102265,3.396983,3.023562,6.425683,2.067471,2.067471
3.023562,4.206795,6.047120,5.318687,2.302158,2.302158
6.047120,4.206795,3.023562,5.318687,2.302158,2.302158
3.779452,2.585305,3.779460,6.834439,1.052664,1.052664
3.779460,2.585305,3.779452,6.834439,1.052664,1.052664
3.779462,3.779452,5.790468,5.445366,4.206016,4.206016
5.790468,3.779452,3.779462,5.445366,4.206016,4.206016
3.779452,2.737691,4.157397,6.281284,1.482836,1.482836
4.157397,2.737691,3.779452,6.281284,1.482836,1.482836
4.157400,3.779452,5.857226,5.274061,4.442393,4.442393
5.857226,3.779452,4.157400,5.274061,4.442393,4.442393
3.779452,3.282217,5.102265,5.631775,3.121696,3.121696
5.102265,3.282217,3.779452,5.631775,3.121696,3.121696
5.102259,3.779452,5.798287,5.200003,4.539399,4.539399
5.798287,3.779452,5.102259,5.200003,4.539399,4.539399
3.779452,3.979490,6.047120,5.333970,4.361519,4.361519
6.047120,3.979490,3.779452,5.333970,4.361519,4.361519
4.535343,3.339032,5.102265,5.275521,3.492242,3.492242
5.102265,3.339032,4.535343,5.275521,3.492242,3.492242
4.535343,5.102260,7.653808,5.210584,5.104043,5.104043
7.653808,5.102260,4.535343,5.210584,5.104043,5.104043
4.535343,3.888226,6.047120,5.233283,4.695380,4.695380
6.047120,3.888226,4.535343,5.233283,4.695380,4.695380
5.291233,3.942461,6.047120,5.197913,4.769012,4.769012
6.047120,3.942461,5.291233,5.197913,4.769012,4.769012
2.531855,2.531845,3.876351,10.410253,0.463085,0.463085
3.876351,2.531845,2.531855,10.410253,0.463085,0.463085
2.550752,2.550741,3.905282,10.245967,0.458619,0.458619
3.905282,2.550741,2.550752,10.245967,0.458619,0.458619
2.569650,2.569636,3.934212,10.086913,0.461221,0.461221
3.934212,2.569636,2.569650,10.086913,0.461221,0.461221
