R1,R2,R3,ETriat,E,ENew
2.200020,4.006940,2.282033,12.668250,2.003119,2.003119
2.282033,4.006940,2.200020,12.668250,2.003119,2.003119
2.282033,4.185889,2.400014,11.804712,1.319050,1.319050
2.400014,4.185889,2.282033,11.804712,1.319050,1.319050
2.282033,4.366682,2.600019,10.828207,0.998589,0.998589
2.600019,4.366682,2.282033,10.828207,0.998589,0.998589
2.282033,4.549067,2.800013,9.738614,0.725568,0.725568
2.800013,4.549067,2.282033,9.738614,0.725568,0.725568
2.282033,4.732875,3.000007,8.653301,0.472669,0.472669
3.000007,4.732875,2.282033,8.653301,0.472669,0.472669
2.282033,4.917962,3.200013,7.677240,0.272674,0.272674
3.200013,4.917962,2.282033,7.677240,0.272674,0.272674
2.282033,5.104169,3.400022,6.867651,0.134255,0.134255
3.400022,5.104169,2.282033,6.867651,0.134255,0.134255
2.282033,5.291389,3.600027,6.246800,0.047180,0.047180
3.600027,5.291389,2.282033,6.246800,0.047180,0.047180
2.282033,5.479497,3.800021,5.805907,-0.006938,-0.006938
3.800021,5.479497,2.282033,5.805907,-0.006938,-0.006938
2.282033,5.668435,4.000026,5.522020,-0.036686,-0.036686
4.000026,5.668435,2.282033,5.522020,-0.036686,-0.036686
2.282033,5.858092,4.200020,5.355875,-0.051560,-0.051560
4.200020,5.858092,2.282033,5.355875,-0.051560,-0.051560
2.282033,6.048414,4.400014,5.268787,-0.056720,-0.056720
4.400014,6.048414,2.282033,5.268787,-0.056720,-0.056720
2.282033,6.239357,4.600019,5.228753,-0.055723,-0.055723
4.600019,6.239357,2.282033,5.228753,-0.055723,-0.055723
2.282033,6.430848,4.800028,5.213534,-0.050996,-0.050996
4.800028,6.430848,2.282033,5.213534,-0.050996,-0.050996
2.282033,6.622845,5.000034,5.209271,-0.044752,-0.044752
5.000034,6.622845,2.282033,5.209271,-0.044752,-0.044752
2.282033,6.815288,5.200027,5.208665,-0.038507,-0.038507
5.200027,6.815288,2.282033,5.208665,-0.038507,-0.038507
2.282033,7.008169,5.400033,5.208548,-0.033087,-0.033087
5.400033,7.008169,2.282033,5.208548,-0.033087,-0.033087
2.282033,7.201423,5.600027,5.207971,-0.028750,-0.028750
5.600027,7.201423,2.282033,5.207971,-0.028750,-0.028750
2.282033,7.395036,5.800021,5.207029,-0.025325,-0.025325
5.800021,7.395036,2.282033,5.207029,-0.025325,-0.025325
2.282033,7.588995,6.000026,5.205948,-0.022636,-0.022636
6.000026,7.588995,2.282033,5.205948,-0.022636,-0.022636
2.282033,8.075173,6.500037,5.203719,-0.018039,-0.018039
6.500037,8.075173,2.282033,5.203719,-0.018039,-0.018039
2.282033,8.562932,7.000033,5.202550,-0.015221,-0.015221
7.000033,8.562932,2.282033,5.202550,-0.015221,-0.015221
2.282033,9.052038,7.500045,5.202130,-0.013313,-0.013313
7.500045,9.052038,2.282033,5.202130,-0.013313,-0.013313
2.282033,9.542263,8.000041,5.201979,-0.012055,-0.012055
8.000041,9.542263,2.282033,5.201979,-0.012055,-0.012055
2.282033,10.033452,8.500037,5.202005,-0.011145,-0.011145
8.500037,10.033452,2.282033,5.202005,-0.011145,-0.011145
2.282033,10.525483,9.000048,5.202041,-0.010537,-0.010537
9.000048,10.525483,2.282033,5.202041,-0.010537,-0.010537
2.282033,11.018220,9.500044,5.202138,-0.010060,-0.010060
9.500044,11.018220,2.282033,5.202138,-0.010060,-0.010060
2.282033,11.511582,10.000041,5.202228,-0.009714,-0.009714
10.000041,11.511582,2.282033,5.202228,-0.009714,-0.009714
