R1,R2,R3,ETriat,E,ENew
1.511781,2.997695,1.511782,20.957037,47.015027,47.015027
1.511782,2.997695,1.511781,20.957037,47.015027,47.015027
1.511781,3.185141,1.700749,20.049612,35.298216,35.298216
1.700749,3.185141,1.511781,20.049612,35.298216,35.298216
1.511781,3.372776,1.889734,18.699789,29.188126,29.188126
1.889734,3.372776,1.511781,18.699789,29.188126,29.188126
1.511781,3.560534,2.078701,17.234774,26.032649,26.032649
2.078701,3.560534,1.511781,17.234774,26.032649,26.032649
1.511781,3.748415,2.267668,15.707217,24.329003,24.329003
2.267668,3.748415,1.511781,15.707217,24.329003,24.329003
1.511781,3.936399,2.456635,13.888081,23.029554,23.029554
2.456635,3.936399,1.511781,13.888081,23.029554,23.029554
1.511781,4.124495,2.645625,12.087130,22.014747,22.014747
2.645625,4.124495,1.511781,12.087130,22.014747,22.014747
1.511781,4.312647,2.834592,10.386679,21.160171,21.160171
2.834592,4.312647,1.511781,10.386679,21.160171,21.160171
1.511781,4.689148,3.212526,7.724886,20.056510,20.056510
3.212526,4.689148,1.511781,7.724886,20.056510,20.056510
1.511781,5.254307,3.779450,5.796743,19.651446,19.651446
3.779450,5.254307,1.511781,5.796743,19.651446,19.651446
1.511781,5.631281,4.157402,5.601172,19.870305,19.870305
4.157402,5.631281,1.511781,5.601172,19.870305,19.870305
1.511781,6.574183,5.102260,6.404109,20.858009,20.858009
5.102260,6.574183,1.511781,6.404109,20.858009,20.858009
1.511781,7.517576,6.047118,6.577550,21.054709,21.054709
6.047118,7.517576,1.511781,6.577550,21.054709,21.054709
1.889726,3.747127,1.889734,16.402418,10.872121,10.872121
1.889734,3.747127,1.889726,16.402418,10.872121,10.872121
1.889726,3.934554,2.078701,15.496564,8.025050,8.025050
2.078701,3.934554,1.889726,15.496564,8.025050,8.025050
1.889726,4.122123,2.267668,14.539306,6.670615,6.670615
2.267668,4.122123,1.889726,14.539306,6.670615,6.670615
1.889726,4.309814,2.456635,13.452434,5.932298,5.932298
2.456635,4.309814,1.889726,13.452434,5.932298,5.932298
1.889726,4.497633,2.645625,12.354786,5.503470,5.503470
2.645625,4.497633,1.889726,12.354786,5.503470,5.503470
1.889726,4.685524,2.834592,11.121073,5.044157,5.044157
2.834592,4.685524,1.889726,11.121073,5.044157,5.044157
1.889726,5.061548,3.212526,8.570528,3.994789,3.994789
3.212526,5.061548,1.889726,8.570528,3.994789,3.994789
1.889726,5.626085,3.779450,6.243805,3.179891,3.179891
3.779450,5.626085,1.889726,6.243805,3.179891,3.179891
1.889726,6.002697,4.157402,5.629570,2.978638,2.978638
4.157402,6.002697,1.889726,5.629570,2.978638,2.978638
1.889726,6.944840,5.102260,5.333023,2.862986,2.862986
5.102260,6.944840,1.889726,5.333023,2.862986,2.862986
1.889726,7.887632,6.047118,5.310157,2.861815,2.861815
6.047118,7.887632,1.889726,5.310157,2.861815,2.861815
2.267668,4.496540,2.267671,13.196542,2.700023,2.700023
2.267671,4.496540,2.267668,13.196542,2.700023,2.700023
2.267671,4.683955,2.456635,12.530116,2.310180,2.310180
2.456635,4.683955,2.267671,12.530116,2.310180,2.310180
2.267671,4.871512,2.645625,11.751009,2.160877,2.160877
2.645625,4.871512,2.267671,11.751009,2.160877,2.160877
2.267671,5.059154,2.834592,10.836533,2.002208,2.002208
2.834592,5.059154,2.267671,10.836533,2.002208,2.002208
2.267671,5.434713,3.212526,8.540399,1.196806,1.196806
3.212526,5.434713,2.267671,8.540399,1.196806,1.196806
2.267671,5.998634,3.779450,6.193606,0.359358,0.359358
3.779450,5.998634,2.267671,6.193606,0.359358,0.359358
2.267671,6.374880,4.157402,5.560102,0.137074,0.137074
4.157402,6.374880,2.267671,5.560102,0.137074,0.137074
2.267671,7.316242,5.102260,5.241643,-0.003469,-0.003469
5.102260,7.316242,2.267671,5.241643,-0.003469,-0.003469
2.267671,8.258403,6.047118,5.212405,-0.012012,-0.012012
6.047118,8.258403,2.267671,5.212405,-0.012012,-0.012012
2.645617,5.245974,2.645625,10.808706,2.098520,2.098520
2.645625,5.245974,2.645617,10.808706,2.098520,2.098520
2.645617,5.433381,2.834592,10.138128,2.180955,2.180955
2.834592,5.433381,2.645617,10.138128,2.180955,2.180955
2.645617,5.808497,3.212526,8.279141,1.810972,1.810972
3.212526,5.808497,2.645617,8.279141,1.810972,1.810972
2.645617,6.371818,3.779450,6.103822,1.142471,1.142471
3.779450,6.371818,2.645617,6.103822,1.142471,1.142471
2.645617,6.747705,4.157402,5.490508,0.938833,0.938833
4.157402,6.747705,2.645617,5.490508,0.938833,0.938833
2.645617,7.688283,5.102260,5.178292,0.802540,0.802540
5.102260,7.688283,2.645617,5.178292,0.802540,0.802540
2.645617,8.629796,6.047118,5.146495,0.790788,0.790788
6.047118,8.629796,2.645617,5.146495,0.790788,0.790788
3.023562,6.182787,3.212526,7.933133,2.984405,2.984405
3.212526,6.182787,3.023562,7.933133,2.984405,2.984405
3.023562,6.745532,3.779450,6.092380,2.648030,2.648030
3.779450,6.745532,3.023562,6.092380,2.648030,2.648030
3.023562,7.121069,4.157402,5.507548,2.471798,2.471798
4.157402,7.121069,3.023562,5.507548,2.471798,2.471798
3.023562,8.060872,5.102260,5.186978,2.325878,2.325878
5.102260,8.060872,3.023562,5.186978,2.325878,2.325878
3.023562,9.001735,6.047118,5.151798,2.310310,2.310310
6.047118,9.001735,3.023562,5.151798,2.310310,2.310310
3.779450,7.494234,3.779452,5.803287,4.578340,4.578340
3.779452,7.494234,3.779450,5.803287,4.578340,4.578340
3.779452,7.869109,4.157402,5.433536,4.616067,4.616067
4.157402,7.869109,3.779452,5.433536,4.616067,4.616067
3.779452,8.807421,5.102260,5.203993,4.559823,4.559823
5.102260,8.807421,3.779452,5.203993,4.559823,4.559823
3.779452,9.746998,6.047118,5.175424,4.550370,4.550370
6.047118,9.746998,3.779452,5.175424,4.550370,4.550370
4.535343,9.555439,5.102260,5.191315,5.086958,5.086958
5.102260,9.555439,4.535343,5.191315,5.086958,5.086958
4.535343,10.493782,6.047118,5.194734,5.109247,5.109247
6.047118,10.493782,4.535343,5.194734,5.109247,5.109247
5.291233,11.241783,6.047118,5.197608,5.156123,5.156123
6.047118,11.241783,5.291233,5.197608,5.156123,5.156123
