R1,R2,R3,ETriat,E,ENew
1.511780,2.920536,1.511781,20.701358,46.447998,46.447998
1.511781,2.920536,1.511780,20.701358,46.447998,46.447998
1.511781,3.103450,1.700749,19.371103,34.313721,34.313721
1.700749,3.103450,1.511781,19.371103,34.313721,34.313721
1.511781,3.287068,1.889734,18.002713,28.213561,28.213561
1.889734,3.287068,1.511781,18.002713,28.213561,28.213561
1.511781,3.471243,2.078702,16.483637,25.050279,25.050279
2.078702,3.471243,1.511781,16.483637,25.050279,25.050279
1.511781,3.655908,2.267671,14.875322,23.321004,23.321004
2.267671,3.655908,1.511781,14.875322,23.321004,23.321004
1.511781,3.840992,2.456639,13.179271,22.198524,22.198524
2.456639,3.840992,1.511781,13.179271,22.198524,22.198524
1.511781,4.026454,2.645624,11.448348,21.298719,21.298719
2.645624,4.026454,1.511781,11.448348,21.298719,21.298719
1.511781,4.212211,2.834592,9.840861,20.569855,20.569855
2.834592,4.212211,1.511781,9.840861,20.569855,20.569855
1.511781,4.584514,3.212529,7.321831,19.641733,19.641733
3.212529,4.584514,1.511781,7.321831,19.641733,19.641733
1.511781,5.144526,3.779451,5.618994,19.471052,19.471052
3.779451,5.144526,1.511781,5.618994,19.471052,19.471052
1.511781,5.518658,4.157404,5.354340,19.621265,19.621265
4.157404,5.518658,1.511781,5.354340,19.621265,19.621265
1.511781,6.455908,5.102263,6.207218,20.660096,20.660096
5.102263,6.455908,1.511781,6.207218,20.660096,20.660096
1.511781,7.395095,6.047121,6.429573,20.906360,20.906360
6.047121,7.395095,1.511781,6.429573,20.906360,20.906360
1.889726,3.650679,1.889734,15.887208,10.172181,10.172181
1.889734,3.650679,1.889726,15.887208,10.172181,10.172181
1.889726,3.833520,2.078702,14.852019,7.249613,7.249613
2.078702,3.833520,1.889726,14.852019,7.249613,7.249613
1.889726,4.016928,2.267671,13.844022,5.891015,5.891015
2.267671,4.016928,1.889726,13.844022,5.891015,5.891015
1.889726,4.200829,2.456639,12.827012,5.257422,5.257422
2.456639,4.200829,1.889726,12.827012,5.257422,5.257422
1.889726,4.385179,2.645624,11.730290,4.852358,4.852358
2.645624,4.385179,1.889726,11.730290,4.852358,4.852358
1.889726,4.569890,2.834592,10.513466,4.423096,4.423096
2.834592,4.569890,1.889726,10.513466,4.423096,4.423096
1.889726,4.940277,3.212529,8.161070,3.581312,3.581312
3.212529,4.940277,1.889726,8.161070,3.581312,3.581312
1.889726,5.497803,3.779451,6.060954,2.994509,2.994509
3.779451,5.497803,1.889726,6.060954,2.994509,2.994509
1.889726,5.870493,4.157404,5.530413,2.877426,2.877426
4.157404,5.870493,1.889726,5.530413,2.877426,2.877426
1.889726,6.804732,5.102263,5.313315,2.842474,2.842474
5.102263,6.804732,1.889726,5.313315,2.842474,2.842474
1.889726,7.741549,6.047121,5.307125,2.858476,2.858476
6.047121,7.741549,1.889726,5.307125,2.858476,2.858476
2.267671,4.380804,2.267671,12.614953,2.090757,2.090757
2.267671,4.380804,2.267671,12.614953,2.090757,2.090757
2.267671,4.563595,2.456639,11.937584,1.703429,1.703429
2.456639,4.563595,2.267671,11.937584,1.703429,1.703429
2.267671,4.746888,2.645624,11.174501,1.577023,1.577023
2.645624,4.746888,2.267671,11.174501,1.577023,1.577023
2.267671,4.930592,2.834592,10.257189,1.418527,1.418527
2.834592,4.930592,2.267671,10.257189,1.418527,1.418527
2.267671,5.299112,3.212529,8.166688,0.820189,0.820189
3.212529,5.299112,2.267671,8.166688,0.820189,0.820189
2.267671,5.854162,3.779451,6.061658,0.225146,0.225146
3.779451,5.854162,2.267671,6.061658,0.225146,0.225146
2.267671,6.225390,4.157404,5.493483,0.068819,0.068819
4.157404,6.225390,2.267671,5.493483,0.068819,0.068819
2.267671,7.156514,5.102263,5.229377,-0.016348,-0.016348
5.102263,7.156514,2.267671,5.229377,-0.016348,-0.016348
2.267671,8.090823,6.047121,5.210660,-0.014007,-0.014007
6.047121,8.090823,2.267671,5.210660,-0.014007,-0.014007
2.645617,5.110947,2.645624,10.258675,1.545150,1.545150
2.645624,5.110947,2.645617,10.258675,1.545150,1.545150
2.645617,5.293702,2.834592,9.636900,1.676717,1.676717
2.834592,5.293702,2.645617,9.636900,1.676717,1.676717
2.645617,5.660436,3.212529,7.934752,1.463929,1.463929
3.212529,5.660436,2.645617,7.934752,1.463929,1.463929
2.645617,6.213073,3.779451,5.983462,1.020358,1.020358
3.779451,6.213073,2.645617,5.983462,1.020358,1.020358
2.645617,6.582853,4.157404,5.432169,0.879294,0.879294
4.157404,6.582853,2.645617,5.432169,0.879294,0.879294
2.645617,7.510838,5.102263,5.167439,0.791222,0.791222
5.102263,7.510838,2.645617,5.167439,0.791222,0.791222
2.645617,8.442567,6.047121,5.144874,0.788967,0.788967
6.047121,8.442567,2.645617,5.144874,0.788967,0.788967
3.023562,6.023799,3.212529,7.630228,2.679382,2.679382
3.212529,6.023799,3.023562,7.630228,2.679382,2.679382
3.023562,6.574117,3.779451,5.987827,2.542221,2.542221
3.779451,6.574117,3.023562,5.987827,2.542221,2.542221
3.023562,6.942486,4.157404,5.476663,2.440055,2.440055
4.157404,6.942486,3.023562,5.476663,2.440055,2.440055
3.023562,7.867361,5.102263,5.179004,2.317552,2.317552
5.102263,7.867361,3.023562,5.179004,2.317552,2.317552
3.023562,8.796485,6.047121,5.150049,2.308402,2.308402
6.047121,8.796485,3.023562,5.150049,2.308402,2.308402
3.779451,7.301340,3.779452,5.738775,4.513207,4.513207
3.779452,7.301340,3.779451,5.738775,4.513207,4.513207
3.779452,7.667040,4.157404,5.420712,4.602797,4.602797
4.157404,7.667040,3.779452,5.420712,4.602797,4.602797
3.779452,8.585907,5.102263,5.198864,4.554490,4.554490
5.102263,8.585907,3.779452,5.198864,4.554490,4.554490
3.779452,9.509870,6.047121,5.174527,4.549373,4.549373
6.047121,9.509870,3.779452,5.174527,4.549373,4.549373
4.535343,9.310369,5.102263,5.185149,5.080670,5.080670
5.102263,9.310369,4.535343,5.185149,5.080670,5.080670
4.535343,10.229361,6.047121,5.191806,5.106255,5.106255
6.047121,10.229361,4.535343,5.191806,5.106255,5.106255
5.291233,10.953756,6.047121,5.196088,5.154562,5.154562
6.047121,10.953756,5.291233,5.196088,5.154562,5.154562
