R1,R2,R3,ETriat,E,ENew
1.511780,2.618481,1.511781,25.778510,50.325227,50.325227
1.511781,2.618481,1.511780,25.778510,50.325227,50.325227
1.511781,2.783738,1.700749,23.521785,37.181043,37.181043
1.700749,2.783738,1.511781,23.521785,37.181043,37.181043
1.511781,2.951851,1.889734,21.022263,29.969374,29.969374
1.889734,2.951851,1.511781,21.022263,29.969374,29.969374
1.511781,3.122342,2.078702,18.531962,25.940414,25.940414
2.078702,3.122342,1.511781,18.531962,25.940414,25.940414
1.511781,3.294850,2.267671,16.128502,23.588951,23.588951
2.267671,3.294850,1.511781,16.128502,23.588951,23.588951
1.511781,3.469073,2.456639,13.829067,22.074243,22.074243
2.456639,3.469073,1.511781,13.829067,22.074243,22.074243
1.511781,3.644777,2.645624,11.603426,20.894132,20.894132
2.645624,3.644777,1.511781,11.603426,20.894132,20.894132
1.511781,3.821737,2.834592,9.611715,19.969045,19.969045
2.834592,3.821737,1.511781,9.611715,19.969045,19.969045
1.511781,4.178812,3.212529,6.781840,18.974359,18.974359
3.212529,4.178812,1.511781,6.781840,18.974359,18.974359
1.511781,4.720533,3.779451,5.030692,18.864171,18.864171
3.779451,4.720533,1.511781,5.030692,18.864171,18.864171
1.511781,5.084738,4.157404,4.905222,19.162256,19.162256
4.157404,5.084738,1.511781,4.905222,19.162256,19.162256
1.511781,6.002672,5.102263,5.846338,20.293842,20.293842
5.102263,6.002672,1.511781,5.846338,20.293842,20.293842
1.511781,6.927849,6.047121,6.151668,20.626488,20.626488
6.047121,6.927849,1.511781,6.151668,20.626488,20.626488
1.889726,3.273106,1.889734,17.827905,11.065004,11.065004
1.889734,3.273106,1.889726,17.827905,11.065004,11.065004
1.889726,3.438057,2.078702,16.183045,7.729957,7.729957
2.078702,3.438057,1.889726,16.183045,7.729957,7.729957
1.889726,3.605367,2.267671,14.581525,5.991446,5.991446
2.267671,3.605367,1.889726,14.581525,5.991446,5.991446
1.889726,3.774722,2.456639,12.961867,4.952876,4.952876
2.456639,3.774722,1.889726,12.961867,4.952876,4.952876
1.889726,3.945869,2.645624,11.347638,4.190665,4.190665
2.645624,3.945869,1.889726,11.347638,4.190665,4.190665
1.889726,4.118565,2.834592,9.862810,3.608892,3.608892
2.834592,4.118565,1.889726,9.862810,3.608892,3.608892
1.889726,4.467910,3.212529,7.539401,2.912854,2.912854
3.212529,4.467910,1.889726,7.539401,2.912854,2.912854
1.889726,4.999744,3.779451,5.742475,2.663988,2.663988
3.779451,4.999744,1.889726,5.742475,2.663988,2.663988
1.889726,5.358304,4.157404,5.358393,2.695600,2.695600
4.157404,5.358304,1.889726,5.358393,2.695600,2.695600
1.889726,6.264665,5.102263,5.284331,2.808867,2.808867
5.102263,6.264665,1.889726,5.284331,2.808867,2.808867
1.889726,7.180957,6.047121,5.304377,2.854009,2.854009
6.047121,7.180957,1.889726,5.304377,2.854009,2.854009
2.267671,3.927722,2.267671,12.729606,1.906980,1.906980
2.267671,3.927722,2.267671,12.729606,1.906980,1.906980
2.267671,4.092465,2.456639,11.697398,1.281800,1.281800
2.456639,4.092465,2.267671,11.697398,1.281800,1.281800
2.267671,4.259231,2.645624,10.571588,0.871272,0.871272
2.645624,4.259231,2.267671,10.571588,0.871272,0.871272
2.267671,4.427772,2.834592,9.469739,0.575442,0.575442
2.834592,4.427772,2.267671,9.469739,0.575442,0.575442
2.267671,4.769450,3.212529,7.544052,0.178920,0.178920
3.212529,4.769450,2.267671,7.544052,0.178920,0.178920
2.267671,5.291232,3.779451,5.810706,-0.036816,-0.036816
3.779451,5.291232,2.267671,5.810706,-0.036816,-0.036816
2.267671,5.643931,4.157404,5.369336,-0.064352,-0.064352
4.157404,5.643931,2.267671,5.369336,-0.064352,-0.064352
2.267671,6.538017,5.102263,5.209913,-0.039548,-0.039548
5.102263,6.538017,2.267671,5.209913,-0.039548,-0.039548
2.267671,7.444656,6.047121,5.208774,-0.017346,-0.017346
6.047121,7.444656,2.267671,5.208774,-0.017346,-0.017346
2.645617,4.582347,2.645624,9.746010,1.000063,1.000063
2.645624,4.582347,2.645617,9.746010,1.000063,1.000063
2.645617,4.746940,2.834592,8.922228,0.941955,0.941955
2.834592,4.746940,2.645617,8.922228,0.941955,0.941955
2.645617,5.081217,3.212529,7.340536,0.856962,0.856962
3.212529,5.081217,2.645617,7.340536,0.856962,0.856962
2.645617,5.593078,3.779451,5.750217,0.777258,0.777258
3.779451,5.593078,2.645617,5.750217,0.777258,0.777258
2.645617,5.939880,4.157404,5.312135,0.751847,0.751847
4.157404,5.939880,2.645617,5.312135,0.751847,0.751847
2.645617,6.821363,5.102263,5.147992,0.768846,0.768846
5.102263,6.821363,2.645617,5.147992,0.768846,0.768846
2.645617,7.717858,6.047121,5.142176,0.785064,0.785064
6.047121,7.717858,2.645617,5.142176,0.785064,0.785064
3.023562,5.401441,3.212529,7.043442,2.081347,2.081347
3.212529,5.401441,3.023562,7.043442,2.081347,2.081347
3.023562,5.903692,3.779451,5.724064,2.270545,2.270545
3.779451,5.903692,3.023562,5.724064,2.270545,2.270545
3.023562,6.244684,4.157404,5.356378,2.314126,2.314126
4.157404,6.244684,3.023562,5.356378,2.314126,2.314126
3.023562,7.113509,5.102263,5.163019,2.299295,2.299295
5.102263,7.113509,3.023562,5.163019,2.299295,2.299295
3.023562,7.999591,6.047121,5.147349,2.304716,2.304716
6.047121,7.999591,3.023562,5.147349,2.304716,2.304716
3.779451,6.546203,3.779452,5.531082,4.301287,4.301287
3.779452,6.546203,3.779451,5.531082,4.301287,4.301287
3.779452,6.876115,4.157404,5.310681,4.489747,4.489747
4.157404,6.876115,3.779452,5.310681,4.489747,4.489747
3.779452,7.720175,5.102263,5.163793,4.518064,4.518064
5.102263,7.720175,3.779452,5.163793,4.518064,4.518064
3.779452,8.585264,6.047121,5.171837,4.546034,4.546034
6.047121,8.585264,3.779452,5.171837,4.546034,4.546034
4.535343,8.351223,5.102263,5.206040,5.100747,5.100747
5.102263,8.351223,4.535343,5.206040,5.100747,5.100747
4.535343,9.195803,6.047121,5.194180,5.108206,5.108206
6.047121,9.195803,4.535343,5.194180,5.108206,5.108206
5.291233,9.826575,6.047121,5.192635,5.150833,5.150833
6.047121,9.826575,5.291233,5.192635,5.150833,5.150833
