R1,R2,R3,ETriat,E,ENew
1.511781,2.229203,1.511788,33.115146,56.922513,56.922513
1.511788,2.229203,1.511781,33.115146,56.922513,56.922513
1.511781,2.371973,1.700762,29.653059,41.973818,41.973818
1.700762,2.371973,1.511781,29.653059,41.973818,41.973818
1.511781,2.520818,1.889718,26.146477,33.433950,33.433950
1.889718,2.520818,1.511781,26.146477,33.433950,33.433950
1.511781,2.674735,2.078691,22.748111,28.369541,28.369541
2.078691,2.674735,1.511781,22.748111,28.369541,28.369541
1.511781,2.832911,2.267665,19.441264,25.127510,25.127510
2.267665,2.832911,1.511781,19.441264,25.127510,25.127510
1.511781,2.994647,2.456638,16.286592,22.880468,22.880468
2.456638,2.994647,1.511781,16.286592,22.880468,22.880468
1.511781,3.159419,2.645612,13.448198,21.297591,21.297591
2.645612,3.159419,1.511781,13.448198,21.297591,21.297591
1.511781,3.326756,2.834585,10.983657,20.166569,20.166569
2.834585,3.326756,1.511781,10.983657,20.166569,20.166569
1.511781,3.667749,3.212532,7.459709,19.028738,19.028738
3.212532,3.667749,1.511781,7.459709,19.028738,19.028738
1.511781,4.191146,3.779453,5.159652,18.858317,18.858317
3.779453,4.191146,1.511781,5.159652,18.858317,18.858317
1.511781,4.545878,4.157400,4.904332,19.124269,19.124269
4.157400,4.545878,1.511781,4.904332,19.124269,19.124269
1.511781,5.446391,5.102269,5.687823,20.125329,20.125329
5.102269,5.446391,1.511781,5.687823,20.125329,20.125329
1.511781,6.359770,6.047118,6.061745,20.532258,20.532258
6.047118,6.359770,1.511781,6.061745,20.532258,20.532258
1.889718,2.786504,1.889726,21.282334,12.630492,12.630492
1.889726,2.786504,1.889718,21.282334,12.630492,12.630492
1.889726,2.928606,2.078691,18.949978,8.666535,8.666535
2.078691,2.928606,1.889726,18.949978,8.666535,8.666535
1.889726,3.075771,2.267665,16.819360,6.556047,6.556047
2.267665,3.075771,1.889726,16.819360,6.556047,6.556047
1.414402,2.456648,1.889726,27.367259,44.420639,44.420639
1.889726,2.456648,1.414402,27.367259,44.420639,44.420639
1.889726,3.227280,2.456638,14.718009,5.270171,5.270171
2.456638,3.227280,1.889726,14.718009,5.270171,5.270171
1.889726,3.382575,2.645612,12.755433,4.439315,4.439315
2.645612,3.382575,1.889726,12.755433,4.439315,4.439315
1.889726,3.541133,2.834585,10.966684,3.841107,3.841107
2.834585,3.541133,1.889726,10.966684,3.841107,3.841107
1.889726,3.866472,3.212532,8.125823,3.102095,3.102095
3.212532,3.866472,1.889726,8.125823,3.102095,3.102095
1.889726,4.370386,3.779453,5.943311,2.790914,2.790914
3.779453,4.370386,1.889726,5.943311,2.790914,2.790914
1.889726,4.714284,4.157400,5.469864,2.783022,2.783022
4.157400,4.714284,1.889726,5.469864,2.783022,2.783022
1.889726,5.593290,5.102269,5.322884,2.836967,2.836967
5.102269,5.593290,1.889726,5.322884,2.836967,2.836967
1.889726,6.490812,6.047118,5.315603,2.860991,2.860991
6.047118,6.490812,1.889726,5.315603,2.860991,2.860991
2.267665,3.343805,2.267671,13.896254,1.813834,1.813834
2.267671,3.343805,2.267665,13.896254,1.813834,1.813834
2.267671,3.485462,2.456638,12.517565,1.104441,1.104441
2.456638,3.485462,2.267671,12.517565,1.104441,1.104441
2.267671,3.631443,2.645612,11.219061,0.778169,0.778169
2.645612,3.631443,2.267671,11.219061,0.778169,0.778169
2.267671,3.781221,2.834585,9.999377,0.590489,0.590489
2.834585,3.781221,2.267671,9.999377,0.590489,0.590489
2.267671,4.090539,3.212532,7.868574,0.299559,0.299559
3.212532,4.090539,2.267671,7.868574,0.299559,0.299559
2.267671,4.573897,3.779453,5.949446,0.063962,0.063962
3.779453,4.573897,2.267671,5.949446,0.063962,0.063962
2.267671,4.906081,4.157400,5.451540,-0.000564,-0.000564
4.157400,4.906081,2.267671,5.451540,-0.000564,-0.000564
2.267671,5.761276,5.102269,5.236840,-0.022636,-0.022636
5.102269,5.761276,2.267671,5.236840,-0.022636,-0.022636
2.267671,6.640806,6.047118,5.216067,-0.014007,-0.014007
6.047118,6.640806,2.267671,5.216067,-0.014007,-0.014007
2.645612,3.901106,2.645617,9.667622,0.549510,0.549510
2.645617,3.901106,2.645612,9.667622,0.549510,0.549510
2.645617,4.042440,2.834585,8.920281,0.698856,0.698856
2.834585,4.042440,2.645617,8.920281,0.698856,0.698856
2.645617,4.336023,3.212532,7.438705,0.867629,0.867629
3.212532,4.336023,2.645617,7.438705,0.867629,0.867629
2.645617,4.798591,3.779453,5.838532,0.842695,0.842695
3.779453,4.798591,2.645617,5.838532,0.842695,0.842695
2.645617,5.118639,4.157400,5.366321,0.789487,0.789487
4.157400,5.118639,2.645617,5.366321,0.789487,0.789487
2.645617,5.948562,5.102269,5.166828,0.778733,0.778733
5.102269,5.948562,2.645617,5.166828,0.778733,0.778733
2.645617,6.808498,6.047118,5.147019,0.786365,0.786365
6.047118,6.808498,2.645617,5.147019,0.786365,0.786365
3.023562,4.599497,3.212532,6.936229,1.937248,1.937248
3.212532,4.599497,3.023562,6.936229,1.937248,1.937248
3.023562,5.041637,3.779453,5.738129,2.266469,2.266469
3.779453,5.041637,3.023562,5.738129,2.266469,2.266469
3.023562,5.349485,4.157400,5.379677,2.322192,2.322192
4.157400,5.349485,3.023562,5.379677,2.322192,2.322192
3.023562,6.153387,5.102269,5.175587,2.304282,2.304282
5.102269,6.153387,3.023562,5.175587,2.304282,2.304282
3.023562,6.992615,6.047118,5.150695,2.304976,2.304976
6.047118,6.992615,3.023562,5.150695,2.304976,2.304976
3.779452,5.573008,3.779453,5.440915,4.197516,4.197516
3.779453,5.573008,3.779452,5.440915,4.197516,4.197516
3.779452,5.857226,4.157400,5.274061,4.442393,4.442393
4.157400,5.857226,3.779452,5.274061,4.442393,4.442393
3.779452,6.608992,5.102269,5.194484,4.543822,4.543822
5.102269,6.608992,3.779452,5.194484,4.543822,4.543822
3.779452,7.405118,6.047118,5.171840,4.543822,4.543822
6.047118,7.405118,3.779452,5.171840,4.543822,4.543822
4.535343,7.115906,5.102269,5.211371,5.103046,5.103046
5.102269,7.115906,4.535343,5.211371,5.103046,5.103046
4.535343,7.868775,6.047118,5.177268,5.089776,5.089776
6.047118,7.868775,4.535343,5.177268,5.089776,5.089776
5.291233,8.375095,6.047118,5.199201,5.156384,5.156384
6.047118,8.375095,5.291233,5.199201,5.156384,5.156384
