R1,R2,R3,ETriat,E,ENew
1.511781,1.511776,2.476758,28.967108,53.051312,53.051312
2.476758,1.511776,1.511781,28.967108,53.051312,53.051312
1.700749,1.511781,2.551270,26.891244,39.672658,39.672658
2.551270,1.511781,1.700749,26.891244,39.672658,39.672658
1.511781,1.345858,2.267666,32.655671,75.712097,75.712097
2.267666,1.345858,1.511781,32.655671,75.712097,75.712097
1.511781,1.495353,2.456648,29.290082,54.764585,54.764585
2.456648,1.495353,1.511781,29.290082,54.764585,54.764585
1.511781,1.652946,2.645615,26.311956,41.604746,41.604746
2.645615,1.652946,1.511781,26.311956,41.604746,41.604746
1.511781,1.816526,2.834587,22.935758,32.996579,32.996579
2.834587,1.816526,1.511781,22.935758,32.996579,32.996579
1.511781,2.156200,3.212537,17.336255,24.704710,24.704710
3.212537,2.156200,1.511781,17.336255,24.704710,24.704710
1.511781,2.684941,3.779443,10.913387,20.605804,20.605804
3.779443,2.684941,1.511781,10.913387,20.605804,20.605804
1.511781,3.045087,4.157393,7.831541,19.379423,19.379423
4.157393,3.045087,1.511781,7.831541,19.379423,19.379423
1.511781,3.959990,5.102264,5.361052,19.454443,19.454443
5.102264,3.959990,1.511781,5.361052,19.454443,19.454443
1.511781,4.886299,6.047124,5.374852,19.815579,19.815579
6.047124,4.886299,1.511781,5.374852,19.815579,19.815579
1.889726,1.889721,3.095943,19.095017,11.686456,11.686456
3.095943,1.889721,1.889726,19.095017,11.686456,11.686456
1.889726,1.301077,2.267666,31.488541,64.968378,64.968378
2.267666,1.301077,1.889726,31.488541,64.968378,64.968378
1.889726,1.414402,2.456648,27.367259,44.420639,44.420639
2.456648,1.414402,1.889726,27.367259,44.420639,44.420639
1.889726,1.542621,2.645615,24.387693,29.621247,29.621247
2.645615,1.542621,1.889726,24.387693,29.621247,29.621247
1.889726,1.682320,2.834587,21.940119,19.669833,19.669833
2.834587,1.682320,1.889726,21.940119,19.669833,19.669833
1.889726,1.986357,3.212537,17.967469,9.584510,9.584510
3.212537,1.986357,1.889726,17.967469,9.584510,9.584510
1.889726,2.480787,3.779443,12.792521,4.856304,4.856304
3.779443,2.480787,1.889726,12.792521,4.856304,4.856304
1.889726,2.825585,4.157393,9.926771,3.661579,3.661579
4.157393,2.825585,1.889726,9.926771,3.661579,3.661579
1.889726,4.157397,5.563714,5.392797,2.734238,2.734238
5.563714,4.157397,1.889726,5.392797,2.734238,2.734238
1.889726,3.715890,5.102264,5.910208,2.724047,2.724047
5.102264,3.715890,1.889726,5.910208,2.724047,2.724047
1.889726,4.627870,6.047124,5.282801,2.778122,2.778122
6.047124,4.627870,1.889726,5.282801,2.778122,2.778122
2.267666,1.363802,2.267671,28.478983,49.177899,49.177899
2.267671,1.363802,2.267666,28.478983,49.177899,49.177899
2.267671,2.267667,3.715128,12.888383,1.747270,1.747270
3.715128,2.267667,2.267671,12.888383,1.747270,1.747270
2.267671,1.432016,2.456648,25.079457,37.292879,37.292879
2.456648,1.432016,2.267671,25.079457,37.292879,37.292879
2.267671,1.520794,2.645615,21.978822,26.166558,26.166558
2.645615,1.520794,2.267671,21.978822,26.166558,26.166558
2.267671,1.626751,2.834587,19.531118,17.247643,17.247643
2.834587,1.626751,2.267671,19.531118,17.247643,17.247643
2.267671,1.878221,3.212537,15.992170,6.457090,6.457090
3.212537,1.878221,2.267671,15.992170,6.457090,6.457090
2.267671,2.320642,3.779443,12.561749,1.545324,1.545324
3.779443,2.320642,2.267671,12.561749,1.545324,1.545324
2.267671,3.779443,5.409088,5.833661,-0.011318,-0.011318
5.409088,3.779443,2.267671,5.833661,-0.011318,-0.011318
2.267671,2.642156,4.157393,10.582215,0.815115,0.815115
4.157393,2.642156,2.267671,10.582215,0.815115,0.815115
2.267671,3.495689,5.102264,6.515039,0.055159,0.055159
5.102264,3.495689,2.267671,6.515039,0.055159,0.055159
2.267671,4.386813,6.047124,5.276510,-0.050519,-0.050519
6.047124,4.386813,2.267671,5.276510,-0.050519,-0.050519
2.645615,1.591112,2.645617,18.665039,18.614350,18.614350
2.645617,1.591112,2.645615,18.665039,18.614350,18.614350
2.645618,2.645617,4.334328,9.493376,0.690920,0.690920
4.334328,2.645617,2.645618,9.493376,0.690920,0.690920
2.645617,1.657746,2.834587,16.717688,13.687059,13.687059
2.834587,1.657746,2.645617,16.717688,13.687059,13.687059
2.645617,1.842688,3.212537,13.772930,5.851250,5.851250
3.212537,1.842688,2.645617,13.772930,5.851250,5.851250
2.645617,2.214078,3.779443,10.972786,0.862642,0.862642
3.779443,2.214078,2.645617,10.972786,0.862642,0.862642
3.779452,2.645617,4.613409,5.917963,0.905963,0.905963
4.613409,2.645617,3.779452,5.917963,0.905963,0.905963
2.645617,2.502745,4.157393,9.919671,0.545174,0.545174
4.157393,2.502745,2.645617,9.919671,0.545174,0.545174
2.645617,3.304169,5.102264,6.984388,0.817977,0.817977
5.102264,3.304169,2.645617,6.984388,0.817977,0.817977
2.645617,4.166145,6.047124,5.315111,0.761734,0.761734
6.047124,4.166145,2.645617,5.315111,0.761734,0.761734
3.023562,1.883871,3.212537,11.510390,4.249813,4.249813
3.212537,1.883871,3.023562,11.510390,4.249813,4.249813
3.023562,2.169007,3.779443,9.263349,0.769496,0.769496
3.779443,2.169007,3.023562,9.263349,0.769496,0.769496
3.023562,2.414988,4.157393,8.446886,0.359315,0.359315
4.157393,2.414988,3.023562,8.446886,0.359315,0.359315
3.023562,3.146571,5.102264,7.147648,1.936858,1.936858
5.102264,3.146571,3.023562,7.147648,1.936858,1.936858
4.962088,3.023562,5.102258,5.242527,2.346866,2.346866
5.102258,3.023562,4.962088,5.242527,2.346866,2.346866
3.023562,5.102264,7.271327,5.164508,2.301420,2.301420
7.271327,5.102264,3.023562,5.164508,2.301420,2.301420
3.023562,3.969268,6.047124,5.494592,2.295523,2.295523
6.047124,3.969268,3.023562,5.494592,2.295523,2.295523
3.779443,2.273004,3.779452,6.865516,0.433424,0.433424
3.779452,2.273004,3.779443,6.865516,0.433424,0.433424
3.779461,3.779452,6.191897,5.481042,4.247645,4.247645
6.191897,3.779452,3.779461,5.481042,4.247645,4.247645
3.779452,2.413727,4.157393,6.274631,0.400424,0.400424
4.157393,2.413727,3.779452,6.274631,0.400424,0.400424
3.779452,2.953763,5.102264,5.744615,1.994923,1.994923
5.102264,2.953763,3.779452,5.744615,1.994923,1.994923
3.779452,5.102263,7.720175,5.163793,4.518064,4.518064
7.720175,5.102263,3.779452,5.163793,4.518064,4.518064
3.779452,3.661800,6.047124,5.491957,4.040365,4.040365
6.047124,3.661800,3.779452,5.491957,4.040365,4.040365
4.535343,2.948094,5.102264,5.317011,2.083732,2.083732
5.102264,2.948094,4.535343,5.317011,2.083732,2.083732
5.102260,4.535343,7.653808,5.210584,5.104043,5.104043
7.653808,4.535343,5.102260,5.210584,5.104043,5.104043
4.535343,3.493597,6.047124,5.195350,3.886032,3.886032
6.047124,3.493597,4.535343,5.195350,3.886032,3.886032
6.047118,4.535343,7.868775,5.177268,5.089776,5.089776
7.868775,4.535343,6.047118,5.177268,5.089776,5.089776
5.291233,3.484881,6.047124,5.150270,3.861401,3.861401
6.047124,3.484881,5.291233,5.150270,3.861401,3.861401
5.291233,6.047116,9.571291,5.193995,5.152091,5.152091
9.571291,6.047116,5.291233,5.193995,5.152091,5.152091
2.282033,4.200020,5.858092,5.355875,-0.051560,-0.051560
5.858092,4.200020,2.282033,5.355875,-0.051560,-0.051560
