R1,R2,R3,ETriat,E,ENew
1.511781,2.398759,1.511782,30.010935,53.909444,53.909444
1.511782,2.398759,1.511781,30.010935,53.909444,53.909444
1.511781,2.551270,1.700749,26.891244,39.672658,39.672658
1.700749,2.551270,1.511781,26.891244,39.672658,39.672658
1.511781,2.708394,1.889734,23.789674,31.751899,31.751899
1.889734,2.708394,1.511781,23.789674,31.751899,31.751899
1.511781,2.869350,2.078701,20.670213,27.071653,27.071653
2.078701,2.869350,1.511781,20.670213,27.071653,27.071653
1.511781,3.033540,2.267668,17.748098,24.245657,24.245657
2.267668,3.033540,1.511781,17.748098,24.245657,24.245657
1.511781,3.200464,2.456635,14.902249,22.284819,22.284819
2.456635,3.200464,1.511781,14.902249,22.284819,22.284819
1.511781,3.369744,2.645625,12.347238,20.917939,20.917939
2.645625,3.369744,1.511781,12.347238,20.917939,20.917939
1.511781,3.540992,2.834592,10.134309,19.934787,19.934787
2.834592,3.540992,1.511781,10.134309,19.934787,19.934787
1.511781,3.888416,3.212526,7.004169,18.935635,18.935635
3.212526,3.888416,1.511781,7.004169,18.935635,18.935635
1.511781,4.418978,3.779450,5.033995,18.821544,18.821544
3.779450,4.418978,1.511781,5.033995,18.821544,18.821544
1.511781,4.777328,4.157402,4.859494,19.103671,19.103671
4.157402,4.777328,1.511781,4.859494,19.103671,19.103671
1.511781,5.684306,5.102260,5.737214,20.179404,20.179404
5.102260,5.684306,1.511781,5.737214,20.179404,20.179404
1.511781,6.601918,6.047118,6.094431,20.567123,20.567123
6.047118,6.601918,1.511781,6.094431,20.567123,20.567123
1.889726,2.998447,1.889734,19.572840,11.781033,11.781033
1.889734,2.998447,1.889726,19.572840,11.781033,11.781033
1.889726,3.150465,2.078701,17.507568,8.095517,8.095517
2.078701,3.150465,1.889726,17.507568,8.095517,8.095517
1.889726,3.306295,2.267668,15.529871,6.102068,6.102068
2.267668,3.306295,1.889726,15.529871,6.102068,6.102068
1.889726,3.465424,2.456635,13.630006,4.938696,4.938696
2.456635,3.465424,1.889726,13.630006,4.938696,4.938696
1.889726,3.627444,2.645625,11.837822,4.164993,4.164993
2.645625,3.627444,1.889726,11.837822,4.164993,4.164993
1.889726,3.791934,2.834592,10.215252,3.600306,3.600306
2.834592,3.791934,1.889726,10.215252,3.600306,3.600306
1.889726,4.127209,3.212526,7.692249,2.926080,2.926080
3.212526,4.127209,1.889726,7.692249,2.926080,2.926080
1.889726,4.642452,3.779450,5.786348,2.686103,2.686103
3.779450,4.642452,1.889726,5.786348,2.686103,2.686103
1.889726,4.992173,4.157402,5.387328,2.715157,2.715157
4.157402,4.992173,1.889726,5.387328,2.715157,2.715157
1.889726,5.881761,5.102260,5.299412,2.818667,2.818667
5.102260,5.881761,1.889726,5.299412,2.818667,2.818667
1.889726,6.786307,6.047118,5.309473,2.857088,2.857088
6.047118,6.786307,1.889726,5.309473,2.857088,2.857088
2.267668,3.598124,2.267671,13.036472,1.653257,1.653257
2.267671,3.598124,2.267668,13.036472,1.653257,1.653257
2.267671,3.749805,2.456635,11.840982,1.013159,1.013159
2.456635,3.749805,2.267671,11.840982,1.013159,1.013159
2.267671,3.904767,2.645625,10.673078,0.691267,0.691267
2.645625,3.904767,2.267671,10.673078,0.691267,0.691267
2.267671,4.062585,2.834592,9.545445,0.472669,0.472669
2.834592,4.062585,2.267671,9.545445,0.472669,0.472669
2.267671,4.385615,3.212526,7.581453,0.157715,0.157715
3.212526,4.385615,2.267671,7.581453,0.157715,0.157715
2.267671,4.884981,3.779450,5.833492,-0.026105,-0.026105
3.779450,4.884981,2.267671,5.833492,-0.026105,-0.026105
2.267671,5.225553,4.157402,5.387645,-0.054812,-0.054812
4.157402,5.225553,2.267671,5.387645,-0.054812,-0.054812
2.267671,6.096276,5.102260,5.219332,-0.034908,-0.034908
5.102260,6.096276,2.267671,5.219332,-0.034908,-0.034908
2.267671,6.986292,6.047118,5.211763,-0.016175,-0.016175
6.047118,6.986292,2.267671,5.211763,-0.016175,-0.016175
2.645617,4.197827,2.645625,9.456409,0.594045,0.594045
2.645625,4.197827,2.645617,9.456409,0.594045,0.594045
2.645617,4.349265,2.834592,8.766719,0.718240,0.718240
2.834592,4.349265,2.645617,8.766719,0.718240,0.718240
2.645617,4.660372,3.212526,7.293379,0.787449,0.787449
3.212526,4.660372,2.645617,7.293379,0.787449,0.787449
2.645617,5.143870,3.779450,5.753414,0.770667,0.770667
3.779450,5.143870,2.645617,5.753414,0.770667,0.770667
2.645617,5.475098,4.157402,5.319120,0.750373,0.750373
4.157402,5.475098,2.645617,5.319120,0.750373,0.750373
2.645617,5.102265,3.733958,5.835141,0.773486,0.773486
3.733958,5.102265,2.645617,5.835141,0.773486,0.773486
2.645617,6.326115,5.102260,5.153169,0.769973,0.769973
5.102260,6.326115,2.645617,5.153169,0.769973,0.769973
2.645617,6.047120,4.795815,5.160327,0.761517,0.761517
4.795815,6.047120,2.645617,5.160327,0.761517,0.761517
2.645617,7.200575,6.047118,5.143804,0.785107,0.785107
6.047118,7.200575,2.645617,5.143804,0.785107,0.785107
3.023562,4.948757,3.212526,6.914837,1.940891,1.940891
3.212526,4.948757,3.023562,6.914837,1.940891,1.940891
3.023562,5.416775,3.779450,5.690624,2.228005,2.228005
3.779450,5.416775,3.023562,5.690624,2.228005,2.228005
3.023562,5.738701,4.157402,5.346056,2.296303,2.296303
4.157402,5.738701,3.023562,5.346056,2.296303,2.296303
3.023562,6.569671,5.102260,5.165398,2.298385,2.298385
5.102260,6.569671,3.023562,5.165398,2.298385,2.298385
3.023562,7.427918,6.047118,5.148224,2.304239,2.304239
6.047118,7.427918,3.023562,5.148224,2.304239,2.304239
3.779450,5.996883,3.779452,5.459149,4.223101,4.223101
3.779452,5.996883,3.779450,5.459149,4.223101,4.223101
3.779452,6.300929,4.157402,5.274391,4.448811,4.448811
4.157402,6.300929,3.779452,5.274391,4.448811,4.448811
3.779452,7.092200,5.102260,5.190386,4.542608,4.542608
5.102260,7.092200,3.779452,5.190386,4.542608,4.542608
3.779452,7.917222,6.047118,5.171347,4.544603,4.544603
6.047118,7.917222,3.779452,5.171347,4.544603,4.544603
4.535343,7.653808,5.102260,5.210584,5.104043,5.104043
5.102260,7.653808,4.535343,5.210584,5.104043,5.104043
4.535343,8.445921,6.047118,5.178249,5.091641,5.091641
6.047118,8.445921,4.535343,5.178249,5.091641,5.091641
5.291233,9.007081,6.047118,5.196481,5.154259,5.154259
6.047118,9.007081,5.291233,5.196481,5.154259,5.154259
1.322810,2.918915,2.282033,18.157965,47.119057,47.119057
2.282033,2.918915,1.322810,18.157965,47.119057,47.119057
1.228318,2.857866,2.282033,18.885318,65.707389,65.707389
2.282033,2.857866,1.228318,18.885318,65.707389,65.707389
2.532233,4.017914,2.532233,10.297096,0.509919,0.509919
2.532233,4.017914,2.532233,10.297096,0.509919,0.509919
2.532233,4.032926,2.551133,10.219641,0.507577,0.507577
2.551133,4.032926,2.532233,10.219641,0.507577,0.507577
2.532233,4.047956,2.570027,10.141794,0.506450,0.506450
2.570027,4.047956,2.532233,10.141794,0.506450,0.506450
2.551130,4.047902,2.551133,10.144419,0.506883,0.506883
2.551133,4.047902,2.551130,10.144419,0.506883,0.506883
2.551130,4.062899,2.570027,10.069298,0.507924,0.507924
2.570027,4.062899,2.551130,10.069298,0.507924,0.507924
2.570027,4.077875,2.570028,9.996305,0.510569,0.510569
2.570028,4.077875,2.570027,9.996305,0.510569,0.510569
