R1,R2,R3,ETriat,E,ENew
1.511781,2.316189,1.511788,31.391742,55.179449,55.179449
1.511788,2.316189,1.511781,31.391742,55.179449,55.179449
1.511781,2.463939,1.700758,28.093376,40.611752,40.611752
1.700758,2.463939,1.511781,28.093376,40.611752,40.611752
1.511781,2.617011,1.889731,24.827587,32.442429,32.442429
1.889731,2.617011,1.511781,24.827587,32.442429,32.442429
1.511781,2.774500,2.078700,21.554463,27.570211,27.570211
2.078700,2.774500,1.511781,21.554463,27.570211,27.570211
1.511781,2.935719,2.267673,18.475138,24.580342,24.580342
2.267673,2.935719,1.511781,18.475138,24.580342,24.580342
1.511781,3.100063,2.456643,15.480261,22.488197,22.488197
2.456643,3.100063,1.511781,15.480261,22.488197,22.488197
1.511781,3.267082,2.645616,12.785995,21.020581,21.020581
2.645616,3.267082,1.511781,12.785995,21.020581,21.020581
1.511781,3.436365,2.834585,10.487461,20.006555,20.006555
2.834585,3.436365,1.511781,10.487461,20.006555,20.006555
1.511781,3.780543,3.212528,7.192006,18.966944,18.966944
3.212528,3.780543,1.511781,7.192006,18.966944,18.966944
1.511781,4.307457,3.779462,5.085382,18.837935,18.837935
3.779462,4.307457,1.511781,5.085382,18.837935,18.837935
1.511781,4.663936,4.157404,4.876657,19.111606,19.111606
4.157404,4.663936,1.511781,4.876657,19.111606,19.111606
1.511781,5.567531,5.102259,5.711175,20.151131,20.151131
5.102259,5.567531,1.511781,5.711175,20.151131,20.151131
1.511781,6.482900,6.047113,6.079514,20.551208,20.551208
6.047113,6.482900,1.511781,6.079514,20.551208,20.551208
1.889726,2.895234,1.889731,20.314416,12.105136,12.105136
1.889731,2.895234,1.889726,20.314416,12.105136,12.105136
1.889726,3.042413,2.078700,18.055782,8.228514,8.228514
2.078700,3.042413,1.889726,18.055782,8.228514,8.228514
1.889726,3.194008,2.267673,16.052777,6.234546,6.234546
2.267673,3.194008,1.889726,16.052777,6.234546,6.234546
1.889726,3.349392,2.456643,14.069852,5.032969,5.032969
2.456643,3.349392,1.889726,14.069852,5.032969,5.032969
1.889726,3.508087,2.645616,12.210573,4.251548,4.251548
2.645616,3.508087,1.889726,12.210573,4.251548,4.251548
1.889726,3.669639,2.834585,10.521612,3.686210,3.686210
2.834585,3.669639,1.889726,10.521612,3.686210,3.686210
1.889726,3.999970,3.212528,7.867314,2.997328,2.997328
3.212528,3.999970,1.889726,7.867314,2.997328,2.997328
1.889726,4.509530,3.779462,5.849851,2.730682,2.730682
3.779462,4.509530,1.889726,5.849851,2.730682,2.730682
1.889726,4.856293,4.157404,5.422041,2.744341,2.744341
4.157404,4.856293,1.889726,5.422041,2.744341,2.744341
1.889726,5.740444,5.102259,5.310069,2.826907,2.826907
5.102259,5.740444,1.889726,5.310069,2.826907,2.826907
1.889726,6.641334,6.047113,5.312337,2.858953,2.858953
6.047113,6.641334,1.889726,5.312337,2.858953,2.858953
2.267671,3.474278,2.267673,13.360142,1.665529,1.665529
2.267673,3.474278,2.267671,13.360142,1.665529,1.665529
2.267671,3.621070,2.456643,12.086106,1.005397,1.005397
2.456643,3.621070,2.267671,12.086106,1.005397,1.005397
2.267671,3.771632,2.645616,10.870423,0.696861,0.696861
2.645616,3.771632,2.267671,10.870423,0.696861,0.696861
2.267671,3.925504,2.834585,9.713770,0.505756,0.505756
2.834585,3.925504,2.267671,9.713770,0.505756,0.505756
2.267671,4.241780,3.212528,7.689880,0.212311,0.212311
3.212528,4.241780,2.267671,7.689880,0.212311,0.212311
2.267671,4.733204,3.779462,5.877978,0.009410,0.009410
3.779462,4.733204,2.267671,5.877978,0.009410,0.009410
2.267671,5.069571,4.157404,5.413762,-0.032697,-0.032697
4.157404,5.069571,2.267671,5.413762,-0.032697,-0.032697
2.267671,5.932426,5.102259,5.226962,-0.029661,-0.029661
5.102259,5.932426,2.267671,5.226962,-0.029661,-0.029661
2.267671,6.817060,6.047113,5.213702,-0.015177,-0.015177
6.047113,6.817060,2.267671,5.213702,-0.015177,-0.015177
2.645616,4.053322,2.645617,9.504542,0.543439,0.543439
2.645617,4.053322,2.645616,9.504542,0.543439,0.543439
2.645617,4.199833,2.834585,8.800876,0.688492,0.688492
2.834585,4.199833,2.645617,8.800876,0.688492,0.688492
2.645617,4.502368,3.212528,7.341715,0.813641,0.813641
3.212528,4.502368,2.645617,7.341715,0.813641,0.813641
2.645617,4.975567,3.779462,5.785730,0.798030,0.798030
3.779462,4.975567,2.645617,5.785730,0.798030,0.798030
2.645617,5.301246,4.157404,5.337697,0.765247,0.765247
4.157404,5.301246,2.645617,5.337697,0.765247,0.765247
2.645617,6.141690,5.102259,5.158849,0.773486,0.773486
5.102259,6.141690,2.645617,5.158849,0.773486,0.773486
2.645617,7.008780,6.047113,5.145132,0.785584,0.785584
6.047113,7.008780,2.645617,5.145132,0.785584,0.785584
3.023562,4.778664,3.212528,6.911003,1.928662,1.928662
3.212528,4.778664,3.023562,6.911003,1.928662,1.928662
3.023562,5.234023,3.779462,5.705990,2.239366,2.239366
3.779462,5.234023,3.023562,5.705990,2.239366,2.239366
3.023562,5.549013,4.157404,5.358062,2.304716,2.304716
4.157404,5.549013,3.023562,5.358062,2.304716,2.304716
3.023562,6.366530,5.102259,5.169463,2.300596,2.300596
5.102259,6.366530,3.023562,5.169463,2.300596,2.300596
3.023562,7.215218,6.047113,5.149229,2.304499,2.304499
6.047113,7.215218,3.023562,5.149229,2.304499,2.304499
3.779452,5.790468,3.779462,5.445366,4.206016,4.206016
3.779462,5.790468,3.779452,5.445366,4.206016,4.206016
3.779452,6.084841,4.157404,5.271185,4.442957,4.442957
4.157404,6.084841,3.779452,5.271185,4.442957,4.442957
3.779452,6.856710,5.102259,5.193157,4.544169,4.544169
5.102259,6.856710,3.779452,5.193157,4.544169,4.544169
3.779452,7.667410,6.047113,5.171583,4.544299,4.544299
6.047113,7.667410,3.779452,5.171583,4.544299,4.544299
4.535343,7.391819,5.102259,5.211111,5.103826,5.103826
5.102259,7.391819,4.535343,5.211111,5.103826,5.103826
4.535343,8.164662,6.047113,5.194448,5.107469,5.107469
6.047113,8.164662,4.535343,5.194448,5.107469,5.107469
5.291233,8.699253,6.047113,5.197120,5.154649,5.154649
6.047113,8.699253,5.291233,5.197120,5.154649,5.154649
2.531845,3.876351,2.531855,10.410253,0.463085,0.463085
2.531855,3.876351,2.531845,10.410253,0.463085,0.463085
2.531845,3.890836,2.550752,10.327050,0.460137,0.460137
2.550752,3.890836,2.531845,10.327050,0.460137,0.460137
2.531845,3.905359,2.569650,10.243923,0.458836,0.458836
2.569650,3.905359,2.531845,10.243923,0.458836,0.458836
2.531855,3.890834,2.550741,10.327059,0.460137,0.460137
2.550741,3.890834,2.531855,10.327059,0.460137,0.460137
2.550741,3.905282,2.550752,10.245967,0.458619,0.458619
2.550752,3.905282,2.550741,10.245967,0.458619,0.458619
2.550741,3.919767,2.569650,10.165371,0.459183,0.459183
2.569650,3.919767,2.550741,10.165371,0.459183,0.459183
2.531855,3.905356,2.569636,10.243941,0.458836,0.458836
2.569636,3.905356,2.531855,10.243941,0.458836,0.458836
2.550752,3.919765,2.569636,10.165381,0.459183,0.459183
2.569636,3.919765,2.550752,10.165381,0.459183,0.459183
2.569636,3.934212,2.569650,10.086913,0.461221,0.461221
2.569650,3.934212,2.569636,10.086913,0.461221,0.461221
