R1,R2,R3,ETriat,E,ENew
1.511776,2.977621,1.511781,20.876381,46.854363,46.854363
1.511781,2.977621,1.511776,20.876381,46.854363,46.854363
1.511781,3.163893,1.700749,19.816605,34.987079,34.987079
1.700749,3.163893,1.511781,19.816605,34.987079,34.987079
1.511781,3.350468,1.889721,18.400298,28.818924,28.818924
1.889721,3.350468,1.511781,18.400298,28.818924,28.818924
1.511781,3.537298,2.078694,16.865061,25.605643,25.605643
2.078694,3.537298,1.511781,16.865061,25.605643,25.605643
1.511781,3.724344,2.267667,15.329765,23.908675,23.908675
2.267667,3.724344,1.511781,15.329765,23.908675,23.908675
1.511781,3.911579,2.456646,13.668011,22.780341,22.780341
2.456646,3.911579,1.511781,13.668011,22.780341,22.780341
1.511781,4.098970,2.645618,11.895861,21.805385,21.805385
2.645618,4.098970,1.511781,11.895861,21.805385,21.805385
1.511781,4.286500,2.834591,10.238509,21.001805,21.001805
2.834591,4.286500,1.511781,10.238509,21.001805,21.001805
1.511781,4.661909,3.212536,7.635054,19.964101,19.964101
3.212536,4.661909,1.511781,7.635054,19.964101,19.964101
1.511781,5.225713,3.779461,5.709621,19.563677,19.563677
3.779461,5.225713,1.511781,5.709621,19.563677,19.563677
1.511781,5.601911,4.157388,5.532103,19.800662,19.800662
4.157388,5.601911,1.511781,5.532103,19.800662,19.800662
1.511781,6.543329,5.102258,6.342136,20.795782,20.795782
5.102258,6.543329,1.511781,6.342136,20.795782,20.795782
1.511781,7.485616,6.047127,6.548718,21.025785,21.025785
6.047127,7.485616,1.511781,6.548718,21.025785,21.025785
1.889721,3.722029,1.889726,16.232049,10.657122,10.657122
1.889726,3.722029,1.889721,16.232049,10.657122,10.657122
1.889726,3.908269,2.078694,15.215256,7.712698,7.712698
2.078694,3.908269,1.889726,15.215256,7.712698,7.712698
1.889726,4.094760,2.267667,14.243433,6.355185,6.355185
2.267667,4.094760,1.889726,14.243433,6.355185,6.355185
1.889726,4.281472,2.456646,13.257362,5.726058,5.726058
2.456646,4.281472,1.889726,13.257362,5.726058,5.726058
1.889726,4.468370,2.645618,12.151040,5.293804,5.293804
2.645618,4.468370,1.889726,12.151040,5.293804,5.293804
1.889726,4.655436,2.834591,10.912144,4.832280,4.832280
2.834591,4.655436,1.889726,10.912144,4.832280,4.832280
1.889726,5.029996,3.212536,8.444294,3.867645,3.867645
3.212536,5.029996,1.889726,8.444294,3.867645,3.867645
1.889726,5.592695,3.779461,6.190444,3.125902,3.125902
3.779461,5.592695,1.889726,6.190444,3.125902,3.125902
1.889726,5.968250,4.157388,5.600779,2.949324,2.949324
4.157388,5.968250,1.889726,5.600779,2.949324,2.949324
1.889726,6.908321,5.102258,5.327323,2.857088,2.857088
5.102258,6.908321,1.889726,5.327323,2.857088,2.857088
1.889726,7.849544,6.047127,5.309278,2.860861,2.860861
6.047127,7.849544,1.889726,5.309278,2.860861,2.860861
2.267667,4.466437,2.267671,12.987380,2.484764,2.484764
2.267671,4.466437,2.267667,12.987380,2.484764,2.484764
2.267671,4.652659,2.456646,12.324377,2.101382,2.101382
2.456646,4.652659,2.267671,12.324377,2.101382,2.101382
2.267671,4.839090,2.645618,11.569047,1.977274,1.977274
2.645618,4.839090,2.267671,11.569047,1.977274,1.977274
2.267671,5.025712,2.834591,10.643405,1.808067,1.808067
2.834591,5.025712,2.267671,10.643405,1.808067,1.808067
2.267671,5.399446,3.212536,8.427533,1.083236,1.083236
3.212536,5.399446,2.267671,8.427533,1.083236,1.083236
2.267671,5.961046,3.779461,6.155862,0.321068,0.321068
3.779461,5.961046,2.267671,6.155862,0.321068,0.321068
2.267671,6.335952,4.157388,5.541041,0.117603,0.117603
4.157388,6.335952,2.267671,5.541041,0.117603,0.117603
2.267671,7.274636,5.102258,5.238107,-0.007155,-0.007155
5.102258,7.274636,2.267671,5.238107,-0.007155,-0.007155
2.267671,8.214737,6.047127,5.211903,-0.012576,-0.012576
6.047127,8.214737,2.267671,5.211903,-0.012576,-0.012576
2.645617,5.210849,2.645618,10.618449,1.907414,1.907414
2.645618,5.210849,2.645617,10.618449,1.907414,1.907414
2.645617,5.397051,2.834591,9.970384,2.012442,2.012442
2.834591,5.397051,2.645617,9.970384,2.012442,2.012442
2.645617,5.769996,3.212536,8.173012,1.704210,1.704210
3.212536,5.769996,2.645617,8.173012,1.704210,1.704210
2.645617,6.330529,3.779461,6.069542,1.107780,1.107780
3.779461,6.330529,2.645617,6.069542,1.107780,1.107780
2.645617,6.704794,4.157388,5.473939,0.921964,0.921964
4.157388,6.704794,2.645617,5.473939,0.921964,0.921964
2.645617,7.642083,5.102258,5.175196,0.799331,0.799331
5.102258,7.642083,2.645617,5.175196,0.799331,0.799331
2.645617,8.581036,6.047127,5.146024,0.790268,0.790268
6.047127,8.581036,2.645617,5.146024,0.790268,0.790268
3.023562,6.141447,3.212536,7.842945,2.893731,2.893731
3.212536,6.141447,3.023562,7.842945,2.893731,2.893731
3.023562,6.700955,3.779461,6.072806,2.628169,2.628169
3.779461,6.700955,3.023562,6.072806,2.628169,2.628169
3.023562,7.074596,4.157388,5.492933,2.456967,2.456967
4.157388,7.074596,3.023562,5.492933,2.456967,2.456967
3.023562,8.010508,5.102258,5.184678,2.323493,2.323493
5.102258,8.010508,3.023562,5.184678,2.323493,2.323493
3.023562,8.948302,6.047127,5.151056,2.309529,2.309529
6.047127,8.948302,3.023562,5.151056,2.309529,2.309529
3.779452,7.444077,3.779461,5.788459,4.563379,4.563379
3.779461,7.444077,3.779452,5.788459,4.563379,4.563379
3.779452,7.816538,4.157388,5.433956,4.616370,4.616370
4.157388,7.816538,3.779452,5.433956,4.616370,4.616370
3.779452,8.749793,5.102258,5.202655,4.558436,4.558436
5.102258,8.749793,3.779452,5.202655,4.558436,4.558436
3.779452,9.685301,6.047127,5.175145,4.550067,4.550067
6.047127,9.685301,3.779452,5.175145,4.550067,4.550067
4.535343,9.491695,5.102258,5.189437,5.085050,5.085050
5.102258,9.491695,4.535343,5.189437,5.085050,5.085050
4.535343,10.425006,6.047127,5.192278,5.106775,5.106775
6.047127,10.425006,4.535343,5.192278,5.106775,5.106775
5.291233,11.166878,6.047127,5.197357,5.155863,5.155863
6.047127,11.166878,5.291233,5.197357,5.155863,5.155863
