R1,R2,R3,ETriat,E,ENew
1.511781,3.020692,1.511788,21.069682,47.218795,47.218795
1.511788,3.020692,1.511781,21.069682,47.218795,47.218795
1.511781,3.209496,1.700762,20.472842,35.809089,35.809089
1.700762,3.209496,1.511781,20.472842,35.809089,35.809089
1.511781,3.398301,1.889718,19.357917,29.924535,29.924535
1.889718,3.398301,1.511781,19.357917,29.924535,29.924535
1.511781,3.587140,2.078691,17.972411,26.833541,26.833541
2.078691,3.587140,1.511781,17.972411,26.833541,26.833541
1.511781,3.775992,2.267665,16.512461,25.180891,25.180891
2.267665,3.775992,1.511781,16.512461,25.180891,25.180891
1.511781,3.964856,2.456638,14.827916,24.000694,24.000694
2.456638,3.964856,1.511781,14.827916,24.000694,24.000694
1.511781,4.153730,2.645612,12.728452,22.675096,22.675096
2.645612,4.153730,1.511781,12.728452,22.675096,22.675096
1.511781,4.342612,2.834585,10.606106,21.390174,21.390174
2.834585,4.342612,1.511781,10.606106,21.390174,21.390174
1.511781,4.720399,3.212532,7.753972,20.088296,20.088296
3.212532,4.720399,1.511781,7.753972,20.088296,20.088296
1.511781,5.287123,3.779453,5.903840,19.759293,19.759293
3.779453,5.287123,1.511781,5.903840,19.759293,19.759293
1.511781,5.664961,4.157400,5.683275,19.953044,19.953044
4.157400,5.664961,1.511781,5.683275,19.953044,19.953044
1.511781,6.609610,5.102269,6.493289,20.947470,20.947470
5.102269,6.609610,1.511781,6.493289,20.947470,20.947470
1.511781,7.554295,6.047118,6.657151,21.134412,21.134412
6.047118,7.554295,1.511781,6.657151,21.134412,21.134412
1.889718,3.775847,1.889726,16.794749,11.313394,11.313394
1.889726,3.775847,1.889718,16.794749,11.313394,11.313394
1.889726,3.964648,2.078691,15.802723,8.364461,8.364461
2.078691,3.964648,1.889726,15.802723,8.364461,8.364461
1.889726,4.153467,2.267665,14.903802,7.055645,7.055645
2.267665,4.153467,1.889726,14.903802,7.055645,7.055645
1.889726,4.342298,2.456638,13.775680,6.267112,6.267112
2.456638,4.342298,1.889726,13.775680,6.267112,6.267112
1.889726,4.531141,2.645612,12.949913,6.104540,6.104540
2.645612,4.531141,1.889726,12.949913,6.104540,6.104540
1.889726,4.719995,2.834585,11.566293,5.492325,5.492325
2.834585,4.719995,1.889726,11.566293,5.492325,5.492325
1.889726,5.097729,3.212532,8.744810,4.170110,4.170110
3.212532,5.097729,1.889726,8.744810,4.170110,4.170110
1.889726,5.664383,3.779453,6.311806,3.248623,3.248623
3.779453,5.664383,1.889726,6.311806,3.248623,3.248623
1.889726,6.042181,4.157400,5.665947,3.015584,3.015584
4.157400,6.042181,1.889726,5.665947,3.015584,3.015584
1.889726,6.986745,5.102269,5.340048,2.870227,2.870227
5.102269,6.986745,1.889726,5.340048,2.870227,2.870227
1.889726,7.931363,6.047118,5.311287,2.863029,2.863029
6.047118,7.931363,1.889726,5.311287,2.863029,2.863029
2.267665,4.531019,2.267671,13.517760,3.027422,3.027422
2.267671,4.531019,2.267665,13.517760,3.027422,3.027422
2.267671,4.719820,2.456638,12.660561,2.443741,2.443741
2.456638,4.719820,2.267671,12.660561,2.443741,2.443741
2.267671,4.908635,2.645612,11.986692,2.398166,2.398166
2.645612,4.908635,2.267671,11.986692,2.398166,2.398166
2.267671,5.097460,2.834585,11.302340,2.469066,2.469066
2.834585,5.097460,2.267671,11.302340,2.469066,2.469066
2.267671,5.475143,3.212532,8.689843,1.347106,1.347106
3.212532,5.475143,2.267671,8.689843,1.347106,1.347106
2.267671,6.041729,3.779453,6.240375,0.406755,0.406755
3.779453,6.041729,2.267671,6.240375,0.406755,0.406755
2.267671,6.419486,4.157400,5.583687,0.161098,0.161098
4.157400,6.419486,2.267671,5.583687,0.161098,0.161098
2.267671,7.363964,5.102269,5.246033,0.001084,0.001084
5.102269,7.363964,2.267671,5.246033,0.001084,0.001084
2.267671,8.308511,6.047118,5.212989,-0.011361,-0.011361
6.047118,8.308511,2.267671,5.212989,-0.011361,-0.011361
2.645612,5.286192,2.645617,10.950898,2.241578,2.241578
2.645617,5.286192,2.645612,10.950898,2.241578,2.241578
2.645617,5.474992,2.834585,10.438072,2.481728,2.481728
2.834585,5.474992,2.645617,10.438072,2.481728,2.481728
2.645617,5.852625,3.212532,8.431365,1.963961,1.963961
3.212532,5.852625,2.645617,8.431365,1.963961,1.963961
2.645617,6.419145,3.779453,6.146151,1.185271,1.185271
3.779453,6.419145,2.645617,6.146151,1.185271,1.185271
2.645617,6.796862,4.157400,5.511050,0.959691,0.959691
4.157400,6.796862,2.645617,5.511050,0.959691,0.959691
2.645617,7.741253,5.102269,5.182072,0.806442,0.806442
5.102269,7.741253,2.645617,5.182072,0.806442,0.806442
2.645617,8.685728,6.047118,5.147006,0.791352,0.791352
6.047118,8.685728,2.645617,5.147006,0.791352,0.791352
3.023562,6.230164,3.212532,8.050361,3.102225,3.102225
3.212532,6.230164,3.023562,8.050361,3.102225,3.102225
3.023562,6.796620,3.779453,6.130509,2.686494,2.686494
3.779453,6.796620,3.023562,6.130509,2.686494,2.686494
3.023562,7.174298,4.157400,5.524323,2.488797,2.488797
4.157400,7.174298,3.023562,5.524323,2.488797,2.488797
3.023562,8.118603,5.102269,5.189790,2.328783,2.328783
5.102269,8.118603,3.023562,5.189790,2.328783,2.328783
3.023562,9.063006,6.047118,5.152362,2.310917,2.310917
6.047118,9.063006,3.023562,5.152362,2.310917,2.310917
3.779452,7.551711,3.779453,5.817082,4.592303,4.592303
3.779453,7.551711,3.779452,5.817082,4.592303,4.592303
3.779452,7.929316,4.157400,5.437887,4.620533,4.620533
4.157400,7.929316,3.779452,5.437887,4.620533,4.620533
3.779452,8.873455,5.102269,5.205543,4.561428,4.561428
5.102269,8.873455,3.779452,5.205543,4.561428,4.561428
3.779452,9.817716,6.047118,5.176265,4.551237,4.551237
6.047118,9.817716,3.779452,5.176265,4.551237,4.551237
4.535343,9.628470,5.102269,5.193018,5.088692,5.088692
5.102269,9.628470,4.535343,5.193018,5.088692,5.088692
4.535343,10.572594,6.047118,5.195107,5.109637,5.109637
6.047118,10.572594,4.535343,5.195107,5.109637,5.109637
5.291233,11.327608,6.047118,5.194431,5.152958,5.152958
6.047118,11.327608,5.291233,5.194431,5.152958,5.152958
