R1,R2,R3,ETriat,E,ENew
1.511781,3.012064,1.511788,32.828672,58.943454,58.943454
1.511788,3.012064,1.511781,32.828672,58.943454,58.943454
1.511781,3.200357,1.700758,30.784044,46.087555,46.087555
1.700758,3.200357,1.511781,30.784044,46.087555,46.087555
1.511781,3.388728,1.889731,28.547203,39.084597,39.084597
1.889731,3.388728,1.511781,28.547203,39.084597,39.084597
1.511781,3.577160,2.078700,26.232620,35.070295,35.070295
2.078700,3.577160,1.511781,26.232620,35.070295,35.070295
1.511781,3.765648,2.267673,22.881020,31.532260,31.532260
2.267673,3.765648,1.511781,22.881020,31.532260,31.532260
1.511781,3.954181,2.456643,18.997565,28.158879,28.158879
2.456643,3.954181,1.511781,18.997565,28.158879,28.158879
1.511781,4.142755,2.645616,15.625925,25.565618,25.565618
2.645616,4.142755,1.511781,15.625925,25.565618,25.565618
1.511781,4.331362,2.834585,12.974862,23.755079,23.755079
2.834585,4.331362,1.511781,12.974862,23.755079,23.755079
1.511781,4.708665,3.212528,9.311207,21.644548,21.644548
3.212528,4.708665,1.511781,9.311207,21.644548,21.644548
1.511781,5.274812,3.779462,6.493378,20.348568,20.348568
3.779462,5.274812,1.511781,6.493378,20.348568,20.348568
1.511781,5.652317,4.157404,5.754367,20.023901,20.023901
4.157404,5.652317,1.511781,5.754367,20.023901,20.023901
1.511781,6.596298,5.102259,5.371737,19.825813,19.825813
5.102259,6.596298,1.511781,5.371737,19.825813,19.825813
1.511781,7.540498,6.047113,5.345121,19.822344,19.822344
6.047113,7.540498,1.511781,5.345121,19.822344,19.822344
1.889726,3.765075,1.889731,25.468547,19.969045,19.969045
1.889731,3.765075,1.889726,25.468547,19.969045,19.969045
1.889726,3.953360,2.078700,23.691076,16.240598,16.240598
2.078700,3.953360,1.889726,23.691076,16.240598,16.240598
1.889726,4.141710,2.267673,20.747006,12.891371,12.891371
2.267673,4.141710,1.889726,20.747006,12.891371,12.891371
1.889726,4.330112,2.456643,17.628633,10.115894,10.115894
2.456643,4.330112,1.889726,17.628633,10.115894,10.115894
1.889726,4.518564,2.645616,14.676867,7.829348,7.829348
2.645616,4.518564,1.889726,14.676867,7.829348,7.829348
1.889726,4.707055,2.834585,12.386988,6.311951,6.311951
2.834585,4.707055,1.889726,12.386988,6.311951,6.311951
1.889726,5.084146,3.212528,9.038167,4.463078,4.463078
3.212528,5.084146,1.889726,9.038167,4.463078,4.463078
1.889726,5.650016,3.779462,6.364186,3.300746,3.300746
3.779462,5.650016,1.889726,6.364186,3.300746,3.300746
1.889726,6.027360,4.157404,5.663294,3.012722,3.012722
4.157404,6.027360,1.889726,5.663294,3.012722,3.012722
1.889726,6.971003,5.102259,5.310511,2.840610,2.840610
5.102259,6.971003,1.889726,5.310511,2.840610,2.840610
1.889726,7.914936,6.047113,5.286948,2.838658,2.838658
6.047113,7.914936,1.889726,5.286948,2.838658,2.838658
2.267671,4.518086,2.267673,17.880421,7.387858,7.387858
2.267673,4.518086,2.267671,17.880421,7.387858,7.387858
2.267671,4.706366,2.456643,15.725989,5.508067,5.508067
2.456643,4.706366,2.267671,15.725989,5.508067,5.508067
2.267671,4.894701,2.645616,13.590101,4.000990,4.000990
2.645616,4.894701,2.267671,13.590101,4.000990,4.000990
2.267671,5.083082,2.834585,11.704633,2.870965,2.870965
2.834585,5.083082,2.267671,11.704633,2.870965,2.870965
2.267671,5.459967,3.212528,8.748537,1.405474,1.405474
3.212528,5.459967,2.267671,8.748537,1.405474,1.405474
2.267671,6.025562,3.779462,6.229577,0.395741,0.395741
3.779462,6.025562,2.267671,6.229577,0.395741,0.395741
2.267671,6.402745,4.157404,5.560040,0.137291,0.137291
4.157404,6.402745,2.267671,5.560040,0.137291,0.137291
2.267671,7.346041,5.102259,5.229832,-0.015177,-0.015177
5.102259,7.346041,2.267671,5.229832,-0.015177,-0.015177
2.267671,8.289692,6.047113,5.205728,-0.018647,-0.018647
6.047113,8.289692,2.267671,5.205728,-0.018647,-0.018647
2.645616,5.271097,2.645617,11.708319,2.998672,2.998672
2.645617,5.271097,2.645616,11.708319,2.998672,2.998672
2.645617,5.459373,2.834585,10.578890,2.622228,2.622228
2.834585,5.459373,2.645617,10.578890,2.622228,2.622228
2.645617,5.836062,3.212528,8.383651,1.915957,1.915957
3.212528,5.836062,2.645617,8.383651,1.915957,1.915957
2.645617,6.401391,3.779462,6.121505,1.160467,1.160467
3.779462,6.401391,2.645617,6.121505,1.160467,1.160467
2.645617,6.778414,4.157404,5.501408,0.949934,0.949934
4.157404,6.778414,2.645617,5.501408,0.949934,0.949934
2.645617,7.721362,5.102259,5.198032,0.822357,0.822357
5.102259,7.721362,2.645617,5.198032,0.822357,0.822357
2.645617,8.664725,6.047113,5.172740,0.817067,0.817067
6.047113,8.664725,2.645617,5.172740,0.817067,0.817067
3.023562,6.212382,3.212528,7.790532,2.842171,2.842171
3.212528,6.212382,3.023562,7.790532,2.842171,2.842171
3.023562,6.777456,3.779462,6.017827,2.573704,2.573704
3.779462,6.777456,3.023562,6.017827,2.573704,2.573704
3.023562,7.154322,4.157404,5.447606,2.411999,2.411999
4.157404,7.154322,3.023562,5.447606,2.411999,2.411999
3.023562,8.096926,5.102259,5.176946,2.315904,2.315904
5.102259,8.096926,3.023562,5.176946,2.315904,2.315904
3.023562,9.040000,6.047113,5.150210,2.308749,2.308749
6.047113,9.040000,3.023562,5.150210,2.308749,2.308749
3.779452,7.530150,3.779462,5.700218,4.475394,4.475394
3.779462,7.530150,3.779452,5.700218,4.475394,4.475394
3.779452,7.906722,4.157404,5.420018,4.602624,4.602624
4.157404,7.906722,3.779452,5.420018,4.602624,4.602624
3.779452,8.848665,5.102259,5.205867,4.561731,4.561731
5.102259,8.848665,3.779452,5.205867,4.561731,4.561731
3.779452,9.791168,6.047113,5.175538,4.550500,4.550500
6.047113,9.791168,3.779452,5.175538,4.550500,4.550500
4.535343,9.601055,5.102259,5.233142,5.128804,5.128804
5.102259,9.601055,4.535343,5.233142,5.128804,5.128804
4.535343,10.543010,6.047113,5.210118,5.124641,5.124641
6.047113,10.543010,4.535343,5.210118,5.124641,5.124641
5.291233,11.295393,6.047113,5.200463,5.158985,5.158985
6.047113,11.295393,5.291233,5.200463,5.158985,5.158985
