R1,R2,R3,ETriat,EDiat,E
2.000000,2.877032,0.877032,-1.628098,19.602248,17.974150
2.000000,3.077032,1.077032,-1.691240,3.461003,1.769763
2.000000,3.277032,1.277032,-1.707791,-4.324241,-6.032032
2.000000,3.477032,1.477032,-1.662980,-8.000231,-9.663211
2.000000,3.877032,1.877032,-1.411190,-10.089100,-11.500290
2.000000,4.277032,2.277032,-1.039356,-9.718124,-10.757480
2.000000,5.077032,3.077032,-0.231025,-7.973305,-8.204330
2.000000,6.077032,4.077032,0.165462,-6.862656,-6.697194
2.000000,13.077030,11.077030,0.020901,-6.562499,-6.541598
2.400000,3.492439,1.092439,-1.750052,2.335994,0.585943
2.400000,3.692439,1.292439,-1.732990,-5.124988,-6.857978
2.400000,4.092439,1.692439,-1.540553,-10.190187,-11.730740
2.400000,4.492439,2.092439,-1.232629,-10.613671,-11.846300
2.400000,5.292439,2.892439,-0.561935,-8.959080,-9.521015
2.400000,6.292439,3.892439,-0.058816,-7.596725,-7.655541
2.400000,9.292439,6.892439,0.008999,-7.197113,-7.188114
2.400000,13.292440,10.892440,0.011423,-7.192429,-7.181006
3.200000,4.523252,1.323252,-1.258230,-1.494485,-2.752715
3.200000,4.923252,1.723252,-1.129779,-6.019128,-7.148907
3.200000,5.723252,2.523252,-0.751350,-5.528762,-6.280112
3.200000,6.723252,3.523252,-0.334475,-3.679127,-4.013602
3.200000,9.723252,6.523252,0.004388,-2.955173,-2.950785
3.200000,13.723250,10.523250,0.010111,-2.947820,-2.937709
1.800000,4.769329,2.969329,-0.214830,-4.747701,-4.962531
1.800000,4.969329,3.169329,0.002892,-4.375211,-4.372319
1.800000,5.219329,3.419329,0.234909,-3.996868,-3.761959
1.800000,5.469329,3.669329,0.363593,-3.713766,-3.350173
1.800000,5.969329,4.169329,0.268762,-3.382656,-3.113894
1.800000,6.469329,4.669329,0.136261,-3.239980,-3.103719
1.800000,6.969329,5.169329,0.070337,-3.178481,-3.108144
1.800000,7.969329,6.169329,0.027249,-3.136884,-3.109635
1.800000,8.469329,6.669329,0.022323,-3.130173,-3.107850
1.800000,8.969329,7.169329,0.021065,-3.126780,-3.105715
1.800000,9.969329,8.169329,0.021436,-3.124162,-3.102726
3.200000,4.723252,1.523252,-1.204319,-4.674891,-5.879210
3.200000,5.123252,1.923252,-1.041767,-6.407557,-7.449324
3.200000,5.523252,2.323252,-0.848946,-5.965421,-6.814367
3.200000,5.923252,2.723252,-0.657701,-5.072762,-5.730463
3.200000,6.523252,3.323252,-0.406126,-3.939054,-4.345180
3.200000,7.123252,3.923252,-0.212465,-3.327713,-3.540178
3.200000,7.723252,4.523252,-0.088649,-3.088480,-3.177129
3.200000,8.223252,5.023252,-0.036133,-3.012201,-3.048334
3.200000,8.723252,5.523252,-0.011477,-2.978472,-2.989949
3.200000,9.223252,6.023252,-0.000521,-2.962754,-2.963275
3.200000,9.723252,6.523252,0.004388,-2.955173,-2.950785
3.200000,10.723250,7.523252,0.008016,-2.949607,-2.941591
3.800000,6.246361,2.446361,-0.596233,-3.493130,-4.089363
3.800000,8.046361,4.246361,-0.148352,-0.964714,-1.113066
3.800000,9.046361,5.246361,-0.031197,-0.790301,-0.821498
3.800000,10.046360,6.246361,-0.003809,-0.755481,-0.759290
4.500000,6.623323,2.123323,-0.263913,-3.424786,-3.688699
4.500000,7.423323,2.923323,-0.184734,-1.765686,-1.950420
4.500000,8.423323,3.923323,-0.066164,-0.456160,-0.522324
4.500000,9.423323,4.923323,-0.003196,-0.153070,-0.156266
4.500000,10.423320,5.923323,0.009827,-0.096080,-0.086253
4.500000,11.423320,6.923323,0.012185,-0.083347,-0.071162
5.200000,7.000284,1.800284,-0.110278,-3.298219,-3.408497
5.200000,8.800284,3.600284,-0.027854,-0.659200,-0.687054
5.200000,9.800284,4.600284,-0.002874,-0.139239,-0.142113
5.200000,10.800280,5.600284,0.001835,-0.043574,-0.041739
6.000000,7.431097,1.431097,-0.045399,-0.539389,-0.584788
6.000000,8.231097,2.231097,-0.026929,-3.186262,-3.213191
6.000000,9.231097,3.231097,-0.004222,-1.133179,-1.137401
6.500000,8.250355,1.750355,-0.015213,-3.148618,-3.163831
6.500000,9.800355,3.300355,0.009167,-1.025904,-1.016737
6.500000,13.500350,7.000355,0.004156,-0.011604,-0.007448
6.500000,14.500350,8.000355,0.004619,-0.008895,-0.004276
7.500000,8.788871,1.288871,0.003667,2.328536,2.332203
7.500000,9.038871,1.538871,0.008299,-1.856686,-1.848387
7.500000,9.538871,2.038871,0.015221,-3.428494,-3.413273
7.500000,10.038870,2.538871,0.021357,-2.539869,-2.518512
7.500000,10.338870,2.838871,0.022093,-1.867642,-1.845549
7.500000,10.838870,3.338871,0.022394,-0.969702,-0.947308
7.500000,11.038870,3.538871,0.020641,-0.715564,-0.694924
7.500000,11.538870,4.038871,0.015880,-0.317029,-0.301148
7.500000,12.038870,4.538871,0.013246,-0.142677,-0.129431
7.500000,13.038870,5.538871,0.009582,-0.036991,-0.027408
7.500000,14.038870,6.538871,0.009322,-0.014827,-0.005505
7.500000,15.038870,7.538871,0.010440,-0.009608,0.000832
1.400000,2.603923,1.203923,-1.143934,25.294594,24.150660
1.400000,2.653923,1.253923,-1.129270,23.756430,22.627160
1.400000,2.753923,1.353923,-1.114491,21.447851,20.333360
1.400000,3.153923,1.753923,-1.041980,17.992840,16.950860
1.400000,3.953923,2.553923,-0.581136,19.065026,18.483890
1.400000,4.353923,2.953923,-0.121823,19.992613,19.870790
1.400000,4.753923,3.353923,0.380986,20.696164,21.077150
1.400000,5.253923,3.853923,1.000605,21.228075,22.228680
1.400000,5.753923,4.353923,1.510401,21.475009,22.985410
1.400000,6.253923,4.853923,0.195182,21.580278,21.775460
1.400000,6.753923,5.353923,0.132156,21.626804,21.758960
1.400000,7.253923,5.853923,0.104852,21.648698,21.753550
1.400000,7.753923,6.353923,0.093238,21.659502,21.752740
1.400000,9.753923,8.353923,0.089706,21.670054,21.759760
1.500000,2.657774,1.157774,-1.249227,17.389047,16.139820
1.500000,2.807774,1.307774,-1.227613,12.783673,11.556060
1.500000,3.007774,1.507774,-1.200249,9.675428,8.475179
1.500000,3.607774,2.107774,-0.830297,8.327288,7.496991
1.500000,4.407774,2.907774,-0.156758,10.127671,9.970913
1.500000,4.807774,3.307774,0.356264,10.856426,11.212690
1.500000,5.307774,3.807774,0.972797,11.419613,12.392410
1.500000,5.807774,4.307774,0.340342,11.685558,12.025900
1.500000,6.307774,4.807774,0.176777,11.799013,11.975790
1.500000,6.807774,5.307774,0.105497,11.848813,11.954310
1.500000,7.307774,5.807774,0.074001,11.872069,11.946070
1.500000,7.807774,6.307774,0.060380,11.883470,11.943850
1.500000,9.807774,8.307774,0.054904,11.894496,11.949400
1.600000,2.711626,1.111626,-1.355585,12.658475,11.302890
1.600000,2.761626,1.161626,-1.348763,10.474061,9.125298
1.600000,2.861626,1.261626,-1.344565,7.160918,5.816353
1.600000,3.061626,1.461626,-1.322162,3.381480,2.059318
1.600000,3.261626,1.661626,-1.247651,1.788313,0.540662
1.600000,3.661626,2.061626,-0.927431,1.380589,0.453158
1.600000,4.061626,2.461626,-0.485424,2.177545,1.692121
1.600000,4.461626,2.861626,-0.236843,3.112601,2.875758
1.600000,4.861626,3.261626,0.260272,3.866266,4.126538
1.600000,5.361626,3.761626,0.656314,4.461555,5.117869
1.600000,9.861626,8.261626,0.033695,4.971934,5.005629
1.700000,2.815477,1.115477,-1.468344,7.810828,6.342484
1.700000,2.915477,1.215477,-1.478683,3.859870,2.381187
1.700000,3.115477,1.415477,-1.489025,-0.700506,-2.189531
1.700000,3.315477,1.615477,-1.445383,-2.707694,-4.153077
1.700000,3.715477,2.015477,-1.192128,-3.452534,-4.644662
1.700000,4.115477,2.415477,-0.795722,-2.738335,-3.534057
1.700000,4.515477,2.815477,-0.336006,-1.804789,-2.140795
1.700000,4.915477,3.215477,0.133271,-1.026789,-0.893518
1.700000,5.415477,3.715477,0.528949,-0.398703,0.130246
1.700000,5.915477,4.215477,0.304692,-0.090680,0.214013
1.700000,6.415477,4.715477,0.149456,0.041422,0.190878
1.700000,6.915477,5.215477,0.077372,0.098680,0.176053
1.700000,7.415477,5.715477,0.045028,0.125023,0.170050
1.700000,7.915477,6.215477,0.031046,0.137772,0.168819
1.700000,9.915477,8.215477,0.024758,0.149881,0.174639
1.800000,3.169329,1.369329,-1.580586,-3.104692,-4.685278
1.800000,3.419329,1.619329,-1.512417,-5.934739,-7.447156
1.800000,3.719329,1.919329,-1.317039,-6.726300,-8.043339
1.800000,3.869329,2.069329,-1.185871,-6.646229,-7.832100
1.800000,4.069329,2.269329,-0.988894,-6.318367,-7.307261
1.800000,4.269329,2.469329,-0.774973,-5.875971,-6.650944
3.800000,4.746361,0.946361,-0.824441,19.188341,18.363900
3.800000,4.946361,1.146361,-0.836619,6.423709,5.587090
3.800000,5.146361,1.346361,-0.833743,0.224374,-0.609369
3.800000,5.346361,1.546361,-0.806222,-2.683325,-3.489547
3.800000,5.646361,1.846361,-0.744991,-4.122552,-4.867543
3.800000,5.946361,2.146361,-0.671951,-4.065203,-4.737154
4.000000,4.954064,0.954064,-0.650730,18.862580,18.211850
4.000000,5.054064,1.054064,-0.660486,11.552816,10.892330
4.000000,5.254064,1.254064,-0.656583,2.884354,2.227771
4.000000,5.454064,1.454064,-0.649622,-1.274094,-1.923716
4.000000,5.654064,1.654064,-0.626636,-3.127804,-3.754440
4.000000,5.854064,1.854064,-0.594824,-3.783505,-4.378329
4.500000,5.723323,1.223323,-0.308717,4.169580,3.860863
4.500000,5.823323,1.323323,-0.309593,1.404859,1.095266
4.500000,5.973323,1.473323,-0.305507,-1.206275,-1.511782
4.500000,6.123323,1.623323,-0.300193,-2.617763,-2.917956
5.000000,6.092581,1.092581,-0.161557,9.753568,9.592011
5.000000,6.142581,1.142581,-0.159218,7.329205,7.169987
5.000000,6.192581,1.192581,-0.157573,5.304411,5.146838
5.200000,6.200284,1.000284,-0.129247,15.553757,15.424510
5.200000,6.250284,1.050284,-0.129847,12.180287,12.050440
5.200000,6.300284,1.100284,-0.128113,9.359356,9.231243
5.200000,6.400284,1.200284,-0.124287,5.031878,4.907591
5.200000,6.550284,1.350284,-0.123232,0.886450,0.763218
5.200000,6.700284,1.500284,-0.118740,-1.464719,-1.583459
5.200000,6.900284,1.700284,-0.114353,-2.970018,-3.084371
6.500000,7.700355,1.200355,-0.023873,5.043629,5.019756
6.500000,7.850355,1.350355,-0.023244,0.898686,0.875442
6.500000,7.950355,1.450355,-0.020164,-0.818118,-0.838282
6.500000,8.100355,1.600355,-0.018600,-2.378556,-2.397156
7.500000,8.638871,1.138871,0.002148,7.518990,7.521138
