R1,R2,R3,ETriat,EDiat,E
1.700000,9.203237,8.897377,0.027007,0.149959,0.176966
3.200000,7.220961,6.204705,-0.366022,-2.962853,-3.328875
1.700000,2.440130,1.608294,2.093125,-3.841472,-1.748347
5.000000,6.090653,3.075506,-0.227923,-1.422933,-1.650856
7.500000,9.135979,4.613260,0.012714,-0.128064,-0.115350
2.000000,2.436261,1.230203,1.485532,-4.096377,-2.610845
9.000000,10.349320,4.392684,0.016891,-0.177847,-0.160956
4.000000,4.599698,1.952304,-1.076402,-3.882868,-4.959270
5.000000,5.749622,2.440380,-0.237695,-2.789653,-3.027348
