R1,R2,R3,ETriat,EDiat,E
3.034126,4.000000,6.090814,-1.505124,-1.071633,-2.576757
5.940751,6.500000,10.397050,-0.008981,-0.019707,-0.028688
1.374465,1.500000,2.403091,0.394996,12.263944,12.658940
4.814594,4.500000,7.505394,-0.302574,-0.113163,-0.415736
6.419458,6.000000,10.007190,-0.026477,-0.016749,-0.043226
4.814832,3.800000,6.555171,-0.639707,-0.783611,-1.423318
2.275817,1.800000,3.099961,-0.424997,-6.253188,-6.678185
2.584315,1.800000,3.132906,-0.088222,-5.745713,-5.833935
6.789084,4.500000,7.799831,-0.286098,-0.086241,-0.372339
6.789084,4.500000,7.799831,-0.286098,-0.086241,-0.372339
5.993616,3.800000,6.536776,-0.594268,-0.762835,-1.357103
7.795112,4.500000,6.947232,-0.287344,-0.085532,-0.372875
7.795112,4.500000,6.947232,-0.287344,-0.085532,-0.372875
6.973357,4.000000,5.706345,-0.548360,-0.424656,-0.973016
8.716696,5.000000,7.132931,-0.132163,-0.027513,-0.159676
5.578685,3.200000,4.565076,-0.611983,-3.092590,-3.704573
2.789343,1.600000,2.282538,1.867644,0.888255,2.755899
3.486678,2.000000,2.853172,0.134054,-8.661226,-8.527172
6.836472,4.000000,4.848178,-0.595849,-0.484898,-1.080747
2.734589,1.600000,1.939271,1.713763,0.441127,2.154890
8.247051,5.200000,4.587385,-0.101918,-0.143024,-0.244942
10.308810,6.500000,5.734231,-0.010372,-0.030050,-0.040422
10.754900,9.000000,2.260169,0.031685,-3.130268,-3.098583
8.962420,7.500000,1.883474,0.017185,-3.417071,-3.399886
