R1,R2,R3,ETriat,EDiat,E
2.000000,1.825474,3.680867,-2.883759,-8.627641,-11.511400
4.000000,3.553062,7.262108,-0.940947,-0.634947,-1.575894
5.000000,4.563685,9.202168,-0.088285,-0.066772,-0.155057
5.200000,4.472349,9.291317,-0.076923,-0.065482,-0.142405
6.500000,5.834882,11.863190,-0.001270,-0.020735,-0.022005
1.400000,1.219126,2.516833,-2.090684,26.647334,24.556650
1.600000,1.421225,2.904843,-2.536956,5.531291,2.994335
1.800000,1.574430,3.243044,-2.900901,-4.097179,-6.998080
5.200000,1.724795,3.951718,-0.651490,-1.426915,-2.078405
3.800000,1.546933,2.473311,2.110925,-2.990396,-0.879471
5.200000,2.110412,3.400482,-0.058672,-2.787670,-2.846342
6.500000,3.100338,3.675253,-0.180846,-1.160495,-1.341341
3.800000,2.398535,1.482576,2.140143,-3.604504,-1.464361
6.500000,4.486820,2.119618,0.147652,-3.398899,-3.251247
