R1,R2,R3,ETriat,EDiat,E
4.500000,3.474804,1.170972,-0.134378,8.567202,8.432824
7.500000,5.167432,2.715082,-0.632823,-1.179397,-1.812220
9.000000,5.474234,4.213887,-0.044304,-0.108730,-0.153033
9.000000,5.222742,4.571225,-0.015130,-0.095674,-0.110804
3.800000,1.641582,3.083364,-0.050495,-3.991827,-4.042322
2.800000,1.194956,2.726035,0.710246,-0.999981,-0.289735
3.200000,1.371695,3.125177,-0.388131,-3.020211,-3.408342
9.000000,4.392684,10.349320,0.016891,-0.177847,-0.160956
4.000000,1.952304,4.599698,-1.076402,-3.882868,-4.959270
5.000000,2.440380,5.749622,-0.237695,-2.789653,-3.027348
5.000000,4.350090,8.330073,-0.128067,-0.208514,-0.336581
3.200000,2.746080,5.291981,-1.003950,-5.030106,-6.034056
3.800000,3.249113,6.271959,-0.794302,-1.849108,-2.643410
7.500000,6.525136,12.495110,0.005605,-0.014978,-0.009373
1.600000,1.373040,2.645990,0.531964,4.198589,4.730553
2.000000,1.740036,3.332029,-0.694463,-10.036797,-10.731260
1.400000,3.057593,4.269590,0.487520,20.184530,20.672050
1.500000,3.418084,4.716876,0.807912,11.005768,11.813680
1.700000,3.840668,5.312583,0.522865,-0.300456,0.222410
