R1,R2,R3,ETriat,EDiat,E
0.799337,5.000000,5.586751,-1.356536,39.816166,38.459630
0.991024,4.000000,4.707344,-2.194499,19.213589,17.019090
0.965930,1.800000,2.430138,-0.700989,15.793079,15.092090
1.410038,1.700000,2.516643,0.308973,0.055665,0.364637
1.651584,1.500000,2.324738,1.920002,8.331328,10.251330
5.650362,4.500000,6.988260,-0.292931,-0.097719,-0.390650
5.650362,4.500000,6.988260,-0.292931,-0.097719,-0.390650
7.533816,6.000000,9.317680,-0.027340,-0.011972,-0.039312
1.883454,1.500000,2.329420,2.400511,7.235754,9.636265
1.853890,1.400000,2.159361,3.292839,16.787931,20.080770
5.906775,4.000000,5.801507,-0.557372,-0.428747,-0.986119
2.362710,1.600000,2.320603,2.388954,0.287946,2.676900
3.106553,2.000000,2.475634,0.346730,-9.814479,-9.467749
7.707495,5.000000,5.242105,-0.139634,-0.071241,-0.210874
11.561240,7.500000,7.863158,0.006471,-0.009045,-0.002574
3.082998,2.000000,2.096842,0.284406,-10.536056,-10.251650
4.793056,3.200000,2.790365,-1.187291,-4.945140,-6.132431
4.646452,3.200000,2.416286,-1.254508,-5.791926,-7.046434
