R1,R2,R3,ETriat,EDiat,E
1.400000,3.026238,3.474426,0.083662,20.216818,20.300480
2.400000,5.201726,5.970225,-0.012602,-7.229751,-7.242353
4.500000,6.789084,7.799831,-0.286098,-0.086241,-0.372339
4.500000,6.789084,7.799831,-0.286098,-0.086241,-0.372339
5.200000,7.761786,8.927268,-0.096070,-0.019608,-0.115678
3.200000,3.845491,4.262223,-1.168416,-3.292450,-4.460866
5.000000,4.821824,4.617812,-0.155462,-0.174034,-0.329496
7.500000,7.232737,6.926717,0.006934,-0.015854,-0.008919
9.000000,8.017232,6.366527,0.010546,-0.017341,-0.006795
6.500000,5.663406,3.841781,0.002784,-0.453362,-0.450579
4.000000,3.498236,1.504402,-0.464611,-2.148584,-2.613195
7.500000,6.804342,1.730566,0.023225,-3.083989,-3.060764
