R1,R2,R3,ETriat,EDiat,E
3.200000,2.221448,1.229245,3.729252,1.060645,4.789897
7.500000,5.030256,3.141786,-0.389831,-0.610190,-1.000021
6.500000,4.160499,3.031396,-0.358429,-0.924742,-1.283171
2.800000,1.407633,2.604873,1.052015,-6.603383,-5.551368
3.200000,1.615246,2.986274,-0.156811,-6.143591,-6.300402
4.500000,2.727190,5.434568,-0.547319,-2.201406,-2.748725
5.200000,3.149615,6.277857,-0.158928,-1.283899,-1.442827
4.500000,3.791335,6.950138,-0.365256,-0.552969,-0.918225
4.500000,3.791335,6.950138,-0.365256,-0.552969,-0.918225
1.800000,1.516534,2.780055,0.520975,-5.761797,-5.240822
1.800000,1.516534,2.780055,0.520175,-5.761797,-5.241622
1.400000,3.100656,4.233195,0.717929,20.259101,20.977030
2.400000,5.443036,7.384783,0.023309,-7.229285,-7.205976
