R1,R2,R3,ETriat,EDiat,E
1.231097,6.000000,4.768903,-1.054830,7.034850,5.980020
1.769613,7.000000,5.230387,-0.918264,-1.334081,-2.252345
2.538871,7.500000,4.961129,-0.683539,-1.487138,-2.170677
2.038871,7.500000,5.461129,-0.873365,-1.923358,-2.796723
1.538871,7.500000,5.961129,0.715239,0.504973,1.220212
1.054064,4.000000,2.945936,2.107602,13.372148,15.479750
0.954064,4.000000,3.045936,1.202743,20.844177,22.046920
1.323323,4.500000,3.176677,0.817348,3.103796,3.921144
1.223323,4.500000,3.276677,0.292141,6.276137,6.568278
1.900284,5.200000,3.299716,0.112521,-2.744811,-2.632290
1.550284,5.200000,3.649716,-0.368471,-0.213731,-0.582202
1.300284,5.200000,3.899716,-0.653070,4.596066,3.942996
2.800355,6.500000,3.699645,-0.272482,-1.539694,-1.812176
2.600355,6.500000,3.899645,-0.439032,-1.707981,-2.147013
2.400355,6.500000,4.099645,-0.590762,-1.912426,-2.503188
2.250355,6.500000,4.249645,-0.687745,-2.035981,-2.723726
2.000355,6.500000,4.499645,-0.815860,-2.008831,-2.824691
1.750355,6.500000,4.749645,-0.905896,-1.292193,-2.198089
1.500355,6.500000,4.999645,-0.978787,0.949545,-0.029242
1.400355,6.500000,5.099645,-1.035270,2.609118,1.573848
1.250355,6.500000,5.249645,-1.099636,6.440792,5.341156
1.150355,6.500000,5.349645,-1.132701,10.278062,9.145361
3.238871,7.500000,4.261129,-0.282760,-0.667073,-0.949833
3.088871,7.500000,4.411129,-0.374713,-0.771361,-1.146074
2.938871,7.500000,4.561129,-0.471205,-0.922316,-1.393521
2.788871,7.500000,4.711129,-0.565906,-1.114053,-1.679959
2.538871,7.500000,4.961129,-0.706507,-1.487138,-2.193645
2.438871,7.500000,5.061129,-0.718214,-1.635519,-2.353733
2.288871,7.500000,5.211129,-0.814096,-1.825848,-2.639944
2.088871,7.500000,5.411129,-0.867525,-1.938042,-2.805567
1.988871,7.500000,5.511129,-0.872559,-1.884744,-2.757303
1.838871,7.500000,5.661129,0.838932,-1.578952,-0.740020
1.688871,7.500000,5.811129,0.774465,-0.859903,-0.085438
1.588871,7.500000,5.911129,0.734441,-0.040744,0.693697
1.438871,7.500000,6.061129,0.677081,1.946466,2.623547
1.288871,7.500000,6.211129,0.615735,5.303925,5.919660
1.188871,7.500000,6.311129,0.569020,8.681381,9.250401
1.038871,7.500000,6.461129,0.529701,16.348979,16.878680
3.096645,9.000000,5.903355,1.511480,-0.612471,0.899010
2.896645,9.000000,6.103355,1.405004,-0.862660,0.542344
2.796645,9.000000,6.203355,1.321528,-1.009594,0.311934
2.646645,9.000000,6.353355,1.252125,-1.248359,0.003766
2.496645,9.000000,6.503355,1.148881,-1.492024,-0.343143
2.396645,9.000000,6.603355,1.117557,-1.643713,-0.526157
2.246645,9.000000,6.753355,1.022890,-1.826344,-0.803454
2.096645,9.000000,6.903355,0.975298,-1.905731,-0.930434
1.946645,9.000000,7.053355,0.882248,-1.803890,-0.921642
1.746645,9.000000,7.253355,0.793492,-1.178369,-0.384878
1.546645,9.000000,7.453355,0.711821,0.428633,1.140454
1.446645,9.000000,7.553355,0.673424,1.828597,2.502021
1.246645,9.000000,7.753355,0.590315,6.606386,7.196701
3.623323,4.500000,0.876677,0.369267,26.793533,27.162800
3.873323,4.500000,0.626677,1.624848,73.662242,75.287090
3.973323,4.500000,0.526678,6.638583,106.271817,112.910400
4.292581,5.000000,0.707419,4.430311,54.047119,58.477430
3.500284,5.200000,1.699716,0.389195,-3.224556,-2.835361
3.700284,5.200000,1.499716,0.298064,-1.627142,-1.329078
3.900284,5.200000,1.299716,0.230089,1.924778,2.154867
4.050284,5.200000,1.149716,0.193009,6.942277,7.135286
4.300284,5.200000,0.899716,0.145462,24.444478,24.589940
4.550284,5.200000,0.649716,1.007953,67.630037,68.637990
4.200355,6.500000,2.299645,0.188887,-3.127917,-2.939030
4.400355,6.500000,2.099645,0.181606,-3.427825,-3.246219
4.600355,6.500000,1.899645,0.175104,-3.471287,-3.296183
4.750355,6.500000,1.749645,0.247197,-3.179231,-2.932034
5.000355,6.500000,1.499645,1.729687,-1.468752,0.260934
5.250355,6.500000,1.249645,1.677921,3.404770,5.082691
5.500355,6.500000,0.999645,1.614426,15.602434,17.216860
5.600355,6.500000,0.899645,1.585515,24.507075,26.092590
5.750355,6.500000,0.749645,0.138789,45.755031,45.893820
5.850355,6.500000,0.649645,0.956273,67.688477,68.644750
5.138871,7.500000,2.361129,1.833835,-2.954302,-1.120467
5.288871,7.500000,2.211129,1.819745,-3.238143,-1.418398
5.538871,7.500000,1.961129,1.787759,-3.469658,-1.681899
5.638871,7.500000,1.861129,1.773777,-3.406287,-1.632510
5.788871,7.500000,1.711129,1.749375,-3.015342,-1.265967
5.988871,7.500000,1.511129,1.714192,-1.581782,0.132411
6.088871,7.500000,1.411129,1.694172,-0.230894,1.463278
6.238871,7.500000,1.261129,1.664371,3.079151,4.743522
6.388871,7.500000,1.111129,1.629162,8.820808,10.449970
6.488871,7.500000,1.011129,1.600767,14.780733,16.381500
6.638871,7.500000,0.861129,1.554799,28.912771,30.467570
6.788871,7.500000,0.711129,1.736682,53.334928,55.071610
6.888871,7.500000,0.611129,3.262498,78.287152,81.549650
7.038871,7.500000,0.461129,16.214879,133.628321,149.843200
