R1,R2,R3,ETriat,EDiat,E
2.000000,1.020855,2.639962,-0.671251,8.700382,8.029131
2.400000,1.259184,3.207346,-1.548168,-2.142534,-3.690702
5.000000,2.552137,6.599904,-0.989384,-1.418297,-2.407681
6.000000,3.147961,8.018365,-0.453262,-0.543342,-0.996604
1.800000,0.944388,2.405509,-0.639768,17.572188,16.932420
1.800000,0.923021,2.380889,-0.576784,19.469754,18.892970
2.400000,1.259184,3.207346,-1.811265,-2.142534,-3.953799
7.500000,3.103730,5.287564,-0.418911,-0.630982,-1.049893
9.000000,4.203255,5.588178,-0.045654,-0.104979,-0.150634
5.000000,3.169236,2.029347,0.560570,-3.961705,-3.401135
