R1,R2,R3,ETriat,EDiat,E
1.400000,5.660818,6.347746,-0.039957,21.647237,21.607280
1.500000,6.136120,6.872310,-0.016001,11.881171,11.865170
1.600000,6.611431,7.396879,0.030669,4.964089,4.994758
1.500000,2.068064,2.522082,1.849940,7.433019,9.282959
1.700000,2.105552,2.553854,1.445170,-4.241227,-2.796057
2.000000,2.487836,3.015788,-0.063179,-9.555142,-9.618321
4.500000,4.959886,5.889603,-0.313587,-0.124307,-0.437894
5.000000,5.462068,6.491797,-0.136778,-0.048258,-0.185036
4.500000,4.959886,5.889603,-0.313587,-0.124307,-0.437894
1.800000,1.983955,2.355841,1.956826,-7.898992,-5.942166
2.000000,2.184827,2.596719,0.992916,-10.826591,-9.833675
5.000000,4.259107,4.026684,-0.198227,-0.404510,-0.602737
7.500000,6.158183,4.813654,0.009818,-0.104629,-0.094812
2.400000,1.990687,1.057890,3.676594,2.703158,6.379752
