R1,R2,R3,ETriat,EDiat,E
1.600000,8.390449,9.553294,0.005773,4.971385,4.977158
2.000000,10.238690,11.691970,0.021361,-6.562692,-6.541331
1.800000,9.314567,10.622630,0.023372,-3.123776,-3.100404
1.800000,5.358598,6.613508,-0.075326,-3.148352,-3.223678
1.500000,4.465498,5.511257,-0.413804,11.816284,11.402480
1.600000,4.928542,6.044700,-0.201187,4.930432,4.729245
2.400000,7.144797,8.818011,0.008129,-7.196936,-7.188807
3.200000,4.586400,6.547700,-0.509973,-2.996415,-3.506388
4.000000,5.661215,8.110763,-0.523197,-0.412367,-0.935565
6.500000,9.151657,13.130760,-0.009308,-0.008677,-0.017984
1.800000,2.585836,3.689238,-1.587415,-5.011208,-6.598623
2.000000,1.509219,2.328006,1.970075,-8.651248,-6.681173
3.800000,2.885239,4.444351,-1.533377,-1.761455,-3.294832
3.200000,2.071846,2.657746,0.498484,-7.102182,-6.603698
6.500000,4.195891,4.595995,-0.056144,-0.203042,-0.259186
