R1,R2,R3,ETriat,EDiat,E
0.732973,1.800000,2.436869,-2.131753,44.407163,42.275410
3.709256,6.500000,9.673303,-0.159841,-0.180193,-0.340034
5.961368,4.500000,9.129314,-0.279378,-0.090933,-0.370311
2.384547,1.800000,3.651726,-2.029585,-5.361345,-7.390930
3.179396,2.400000,4.868968,-1.776519,-7.774156,-9.550675
1.941520,1.400000,2.893143,-0.533727,18.139747,17.606020
2.778006,1.800000,3.886393,-1.589842,-4.543687,-6.133529
9.254188,4.000000,9.187354,-0.521874,-0.397719,-0.919593
3.701675,1.600000,3.674942,0.479176,4.230073,4.709249
3.534125,1.500000,3.057802,1.442215,10.229055,11.671270
11.010970,5.200000,7.680722,-0.096782,-0.018373,-0.115155
7.352511,4.000000,4.150922,-0.544942,-0.656397,-1.201339
2.941004,1.600000,1.660369,0.178222,1.440179,1.618401
6.371279,5.200000,1.325943,-0.109841,1.412239,1.302398
