R1,R2,R3,ETriat,EDiat,E
2.140921,6.500000,8.470105,-0.924755,-1.894591,-2.819346
1.994958,3.800000,5.612268,-2.268362,-2.623262,-4.891624
2.330339,2.000000,4.025851,-2.531207,-8.599293,-11.130500
5.825848,5.000000,10.064630,-0.113753,-0.036413,-0.150166
1.747754,1.500000,3.019388,-1.982043,9.226850,7.244807
3.189109,1.800000,4.426517,-1.679445,-3.777556,-5.457001
6.710861,3.800000,9.322843,-0.571057,-0.751103,-1.322160
3.022788,1.700000,4.191612,-1.601227,-0.763648,-2.364875
5.132411,2.000000,5.781102,-0.021676,-6.606156,-6.627832
8.864721,3.200000,9.369985,-0.347029,-2.948763,-3.295792
4.432361,1.600000,4.684992,0.029838,4.815230,4.845068
6.921734,2.400000,6.889608,0.015119,-7.201745,-7.186626
9.083944,3.800000,6.356360,-0.575426,-0.754391,-1.329817
13.984030,6.500000,8.752660,-0.009757,-0.008332,-0.018089
8.462442,6.500000,2.133668,-0.004128,-3.335017,-3.339145
