R1,R2,R3,ETriat,EDiat,E
1.700000,5.848075,5.310248,0.075126,0.097530,0.172656
2.000000,6.909173,6.276472,0.029616,-6.577696,-6.548080
4.500000,7.510821,5.277549,-0.303596,-0.125149,-0.428745
4.500000,7.510821,5.277549,-0.303596,-0.125149,-0.428745
6.000000,10.014430,7.036732,-0.028524,-0.012469,-0.040993
7.500000,12.518030,8.795915,0.006924,-0.008245,-0.001321
1.500000,2.503607,1.759183,2.465715,7.261362,9.727077
7.500000,9.892418,5.287961,0.008974,-0.050345,-0.041371
5.200000,5.899732,2.029049,-0.158441,-3.455184,-3.613625
7.500000,8.200310,2.259386,0.024899,-3.134549,-3.109650
