R1,R2,R3,ETriat,EDiat,E
2.350242,6.500000,7.352370,-0.859579,-1.705299,-2.564878
7.031716,7.500000,7.876716,0.007229,-0.013677,-0.006448
3.568236,3.800000,3.996881,-1.277372,-1.304855,-2.582227
5.300150,5.200000,5.099866,-0.100145,-0.092789,-0.192935
4.463545,4.000000,3.245408,-1.053659,-1.547188,-2.600847
8.667178,7.500000,4.213898,0.015506,-0.239192,-0.223686
5.200307,4.500000,2.528339,-0.561223,-2.656717,-3.217940
10.349320,9.000000,4.392684,0.016891,-0.177847,-0.160956
4.599698,4.000000,1.952304,-1.076402,-3.882868,-4.959270
5.749622,5.000000,2.440380,-0.237695,-2.789653,-3.027348
