R1,R2,R3,ETriat,EDiat,E
6.500000,4.768331,2.681427,-0.625065,-1.277081,-1.902146
7.500000,5.505291,3.093957,-0.428797,-0.630221,-1.059018
7.500000,4.958380,4.593955,-0.016335,-0.118810,-0.135145
9.000000,5.950055,5.512746,0.006858,-0.039185,-0.032328
6.500000,4.195437,5.362583,-0.004053,-0.264368,-0.268421
5.200000,3.503723,5.028506,-0.128372,-0.790525,-0.918897
3.200000,2.818484,4.374090,-1.281646,-4.906493,-6.188139
4.000000,6.958647,9.528572,-0.523983,-0.401201,-0.925184
4.500000,7.828478,10.719640,-0.285681,-0.080534,-0.366215
3.800000,6.512833,8.953671,-0.576528,-0.752702,-1.329230
4.500000,7.828478,10.719640,-0.285681,-0.080534,-0.366215
1.400000,2.435526,3.335000,1.197981,18.539959,19.737940
1.600000,2.783459,3.811429,0.687263,2.852102,3.539365
2.000000,3.479323,4.764286,0.300369,-7.373340,-7.072971
1.800000,8.422256,9.720627,0.022590,-3.124039,-3.101449
