R1,R2,R3,ETriat,EDiat,E
6.500000,5.331927,4.015239,-0.088838,-0.144762,-0.233600
9.000000,7.529147,6.739727,0.011928,-0.014333,-0.002404
3.200000,2.684497,2.402631,-0.121353,-6.770363,-6.891716
5.200000,4.664616,4.882785,-0.109189,-0.156818,-0.266007
6.500000,5.830769,6.103481,-0.007886,-0.037203,-0.045089
4.000000,5.706345,6.973357,-0.548360,-0.424656,-0.973016
5.000000,7.132931,8.716696,-0.132163,-0.027513,-0.159676
3.200000,4.565076,5.578685,-0.611983,-3.092590,-3.704573
1.600000,2.282538,2.789343,1.867644,0.888255,2.755899
2.000000,2.853172,3.486678,0.134054,-8.661226,-8.527172
1.800000,8.614753,9.521741,0.023026,-3.124007,-3.100981
1.400000,6.700364,7.405799,0.098167,21.662073,21.760240
2.000000,9.571948,10.579710,0.021135,-6.562714,-6.541579
