R1,R2,R3,ETriat,EDiat,E
1.922968,2.000000,3.922968,-3.574962,-8.692768,-12.267730
2.922968,2.000000,4.922968,-2.854783,-7.442067,-10.296850
3.922968,2.000000,5.922968,-1.235463,-6.693731,-7.929194
4.922968,2.000000,6.922968,-0.295891,-6.595085,-6.890976
5.922968,2.000000,7.922968,-0.039555,-6.575247,-6.614802
6.922968,2.000000,8.922968,0.010612,-6.567870,-6.557258
1.384452,3.000000,4.384452,-2.892720,-1.181197,-4.073917
2.384452,3.000000,5.384452,-2.663353,-5.685142,-8.348495
3.384452,3.000000,6.384452,-1.596962,-4.341575,-5.938537
4.384452,3.000000,7.384452,-0.487288,-4.057102,-4.544390
5.384452,3.000000,8.384452,-0.096940,-4.019500,-4.116440
6.384452,3.000000,9.384452,-0.011025,-4.008692,-4.019717
1.845936,4.000000,5.845936,-2.026724,-1.984239,-4.010963
2.845936,4.000000,6.845936,-1.549168,-1.318490,-2.867658
3.845936,4.000000,7.845936,-0.564641,-0.530259,-1.094900
4.845936,4.000000,8.845936,-0.106976,-0.428288,-0.535264
5.845936,4.000000,9.845936,-0.011067,-0.409628,-0.420695
1.307419,5.000000,6.307419,-1.329364,4.777213,3.447849
3.307419,5.000000,8.307419,-0.454274,-0.413103,-0.867377
4.307419,5.000000,9.307419,-0.069837,-0.084652,-0.154489
0.768903,6.000000,6.768903,-1.095711,44.363071,43.267360
1.768903,6.000000,7.768903,-1.043449,-1.287013,-2.330462
2.768903,6.000000,8.768903,-0.561602,-1.044240,-1.605842
3.768903,6.000000,9.768903,-0.049220,-0.162035,-0.211255
4.768903,6.000000,10.768900,0.038120,-0.042612,-0.004493
1.230387,7.000000,8.230387,0.295634,7.152883,7.448517
2.230387,7.000000,9.230387,1.001266,-1.837624,-0.836359
14.614840,10.000000,24.614840,0.014525,-0.004828,0.009697
2.830671,1.800000,4.630671,-2.847632,-4.179319,-7.026951
3.030671,1.800000,4.830671,-2.511051,-3.873665,-6.384716
3.280671,1.800000,5.080671,-2.030875,-3.591301,-5.622176
3.530671,1.800000,5.330671,-1.527127,-3.409218,-4.936345
4.030671,1.800000,5.830671,-0.686065,-3.236928,-3.922993
4.530671,1.800000,6.330671,-0.579644,-3.177338,-3.756982
5.030671,1.800000,6.830671,-0.261228,-3.153438,-3.414666
6.030671,1.800000,7.830671,-0.030197,-3.135124,-3.165321
6.530671,1.800000,8.330671,0.001200,-3.130932,-3.129732
7.030671,1.800000,8.830671,0.014259,-3.128181,-3.113922
8.030671,1.800000,9.830671,0.021741,-3.125184,-3.103443
2.153639,3.800000,5.953639,-2.165603,-2.641680,-4.807283
2.953639,3.800000,6.753639,-1.658306,-1.514336,-3.172642
3.953639,3.800000,7.753639,-0.608010,-0.854488,-1.462498
4.953639,3.800000,8.753639,-0.129074,-0.772831,-0.901905
0.576677,4.500000,5.076677,4.667087,85.007693,89.674780
1.776677,4.500000,6.276677,-1.513631,-1.401283,-2.914914
2.576677,4.500000,7.076677,-1.218074,-1.430662,-2.648736
3.576677,4.500000,8.076677,-0.443542,-0.304544,-0.748086
4.576677,4.500000,9.076677,-0.065124,-0.121845,-0.186969
1.399716,5.200000,6.599716,-1.249775,2.662339,1.412564
2.199716,5.200000,7.399716,-1.046223,-1.872984,-2.919207
3.199716,5.200000,8.399716,-0.485808,-0.499808,-0.985616
4.199716,5.200000,9.399716,-0.078433,-0.088796,-0.167229
0.968903,6.000000,6.968903,-1.262030,21.435770,20.173740
1.768903,6.000000,7.768903,-1.055437,-1.287013,-2.342450
2.768903,6.000000,8.768903,-0.673363,-1.044240,-1.717603
3.768903,6.000000,9.768903,-0.148312,-0.162035,-0.310348
1.249645,6.500000,7.749645,-1.156353,6.507153,5.350800
1.499645,6.500000,7.999645,-1.093045,1.023597,-0.069447
1.999645,6.500000,8.499645,-0.947984,-1.865078,-2.813062
2.499645,6.500000,8.999645,-0.718271,-1.481627,-2.199898
2.799645,6.500000,9.299645,-0.518598,-0.995414,-1.514012
3.299645,6.500000,9.799645,-0.175597,-0.403235,-0.578832
3.499645,6.500000,9.999645,-0.101672,-0.270741,-0.372413
1.261129,7.500000,8.761129,0.598008,6.142566,6.740574
0.711129,7.500000,8.211129,0.890467,54.215353,55.105820
0.961129,7.500000,8.461129,0.431492,22.080188,22.511680
0.961129,7.500000,8.461129,-1.233648,22.080188,20.846540
1.461129,7.500000,8.961129,-1.089325,1.593615,0.504291
1.961129,7.500000,9.461129,-0.945348,-1.822520,-2.767868
2.461129,7.500000,9.961129,-0.723274,-1.542096,-2.265370
6.246077,1.400000,7.646077,-0.047288,21.660418,21.613130
8.246077,1.400000,9.646077,-0.009029,21.669279,21.660250
1.146077,1.400000,2.546077,-3.097152,29.673612,26.576460
1.246077,1.400000,2.646077,-3.065661,26.016221,22.950560
1.446077,1.400000,2.846077,-3.107633,21.673103,18.565470
1.646077,1.400000,3.046077,-3.206409,19.704709,16.498300
2.046077,1.400000,3.446077,-3.337687,18.966957,15.629270
2.846077,1.400000,4.246077,-2.775914,20.535914,17.760000
3.246077,1.400000,4.646077,-2.085744,21.117554,19.031810
3.746077,1.400000,5.146077,-1.203133,21.458723,20.255590
4.246077,1.400000,5.646077,-0.920762,21.579312,20.658550
4.746077,1.400000,6.146077,-0.466824,21.624224,21.157400
5.246077,1.400000,6.646077,-0.220911,21.644051,21.423140
5.746077,1.400000,7.146077,-0.101557,21.654367,21.552810
1.042226,1.500000,2.542226,-3.197984,25.520234,22.322250
1.092226,1.500000,2.592226,-3.165239,22.684689,19.519450
1.192226,1.500000,2.692226,-3.143362,18.279122,15.135760
1.392226,1.500000,2.892226,-3.198788,12.982609,9.783821
1.592226,1.500000,3.092226,-3.304053,10.487710,7.183657
1.992226,1.500000,3.492226,-3.435808,9.284110,5.848302
2.392226,1.500000,3.892226,-3.308405,9.862491,6.554086
3.192226,1.500000,4.692226,-2.176573,11.300523,9.123950
3.692226,1.500000,5.192226,-1.135866,11.668806,10.532940
4.192226,1.500000,5.692226,-0.273730,11.799580,11.525850
4.692226,1.500000,6.192226,-0.500538,11.847248,11.346710
5.192226,1.500000,6.692226,-0.233885,11.867825,11.633940
5.692226,1.500000,7.192226,-0.103748,11.878388,11.774640
6.192226,1.500000,7.692226,-0.044659,11.884559,11.839900
8.192226,1.500000,9.692226,-0.002960,11.893660,11.890700
0.988374,1.600000,2.588374,-3.247629,22.468419,19.220790
1.138374,1.600000,2.738374,-3.203355,13.766775,10.563420
1.338374,1.600000,2.938374,-3.268493,7.343042,4.074549
1.938374,1.600000,3.538374,-3.513321,2.483706,-1.029615
2.338374,1.600000,3.938374,-3.391687,2.896062,-0.495625
2.738374,1.600000,4.338374,-2.977533,3.702185,0.724652
3.138374,1.600000,4.738374,-2.296096,4.331315,2.035219
3.638374,1.600000,5.238374,-1.248439,4.729333,3.480894
4.138374,1.600000,5.738374,-0.343010,4.872021,4.529011
4.638374,1.600000,6.238374,-0.531797,4.923006,4.391209
5.138374,1.600000,6.738374,-0.245385,4.944499,4.699114
5.638374,1.600000,7.238374,-0.104628,4.955364,4.850736
6.138374,1.600000,7.738374,-0.040641,4.961676,4.921035
8.138374,1.600000,9.738374,0.004680,4.971037,4.975717
1.084523,1.700000,2.784523,-3.239584,11.796664,8.557080
1.284523,1.700000,2.984523,-3.312785,4.037555,0.724770
1.484523,1.700000,3.184523,-3.425139,0.198184,-3.226955
1.884523,1.700000,3.584523,-3.565278,-2.180535,-5.745813
2.284523,1.700000,3.984523,-3.452404,-1.963429,-5.415833
2.684523,1.700000,4.384523,-3.062145,-1.193196,-4.255341
3.084523,1.700000,4.784523,-2.411052,-0.542591,-2.953643
3.584523,1.700000,5.284523,-1.387362,-0.112424,-1.499786
4.084523,1.700000,5.784523,-0.456008,0.044055,-0.411953
4.584523,1.700000,6.284523,-0.541447,0.098988,-0.442459
5.084523,1.700000,6.784523,-0.239773,0.121580,-0.118193
5.584523,1.700000,7.284523,-0.090651,0.132807,0.042156
6.084523,1.700000,7.784523,-0.022741,0.139281,0.116540
8.084523,1.700000,9.784523,0.025575,0.148922,0.174497
1.230671,1.800000,3.030671,-3.333877,2.556195,-0.777682
1.480671,1.800000,3.280671,-3.476429,-2.867040,-6.343469
1.630671,1.800000,3.430671,-3.547307,-4.358200,-7.905507
1.930671,1.800000,3.730671,-3.592766,-5.409698,-9.002464
2.130671,1.800000,3.930671,-3.540942,-5.383567,-8.924509
2.330671,1.800000,4.130671,-3.424153,-5.108443,-8.532596
1.853639,3.800000,5.653639,-2.242206,-2.360968,-4.603174
1.145936,4.000000,5.145936,-2.115863,10.075317,7.959454
1.345936,4.000000,5.345936,-2.095276,3.406875,1.311599
1.545936,4.000000,5.545936,-2.074792,0.019646,-2.055146
0.876677,4.500000,5.376677,-1.675300,30.087380,28.412080
0.976677,4.500000,5.476677,-1.671631,20.713051,19.041420
1.126677,4.500000,5.626677,-1.637406,11.325372,9.687966
1.276677,4.500000,5.776677,-1.607044,5.577591,3.970547
0.607419,5.000000,5.607419,1.174170,76.890060,78.064230
0.707419,5.000000,5.707419,-0.823748,54.872528,54.048780
0.757419,5.000000,5.757419,-1.188663,46.150183,44.961520
0.807419,5.000000,5.807419,-1.355715,38.697605,37.341890
0.599716,5.200000,5.799716,1.491396,78.889674,80.381070
0.649716,5.200000,5.849716,0.089303,66.773447,66.862750
0.699716,5.200000,5.899716,-0.691481,56.353221,55.661740
0.799716,5.200000,5.999716,-1.286793,39.781583,38.494790
0.949716,5.200000,6.149716,-1.368560,23.029690,21.661130
1.099716,5.200000,6.299716,-1.324290,12.771180,11.446890
1.299716,5.200000,6.499716,-1.272794,4.995160,3.722366
0.699645,6.500000,7.199645,0.991299,56.390281,57.381580
0.849645,6.500000,7.349645,0.383847,33.300183,33.684030
0.949645,6.500000,7.449645,0.410901,23.054829,23.465730
1.099645,6.500000,7.599645,0.503693,12.791987,13.295680
0.411129,7.500000,7.911129,23.887437,144.401763,168.289200
0.561129,7.500000,8.061129,4.862042,89.577238,94.439280
0.553355,9.000000,9.553355,7.839048,91.876632,99.715680
0.703355,9.000000,9.703355,-0.601482,55.682582,55.081100
0.903355,9.000000,9.903355,0.227119,27.387491,27.614610
2.753355,9.000000,11.753350,-0.529884,-1.066320,-1.596204
3.053355,9.000000,12.053350,-0.325137,-0.645163,-0.970300
3.453355,9.000000,12.453350,-0.099679,-0.295408,-0.395087
3.853355,9.000000,12.853350,-0.014754,-0.137001,-0.151755
4.153355,9.000000,13.153350,0.019119,-0.083854,-0.064734
4.653355,9.000000,13.653350,0.048722,-0.045200,0.003521
2.877032,2.000000,0.877032,-1.628098,19.602248,17.974150
3.077032,2.000000,1.077032,-1.691240,3.461003,1.769763
3.277032,2.000000,1.277032,-1.707791,-4.324241,-6.032032
3.477032,2.000000,1.477032,-1.662980,-8.000231,-9.663211
3.877032,2.000000,1.877032,-1.411190,-10.089100,-11.500290
4.277032,2.000000,2.277032,-1.039356,-9.718124,-10.757480
5.077032,2.000000,3.077032,-0.231025,-7.973305,-8.204330
6.077032,2.000000,4.077032,0.165462,-6.862656,-6.697194
13.077030,2.000000,11.077030,0.020901,-6.562499,-6.541598
3.492439,2.400000,1.092439,-1.750052,2.335994,0.585943
3.692439,2.400000,1.292439,-1.732990,-5.124988,-6.857978
4.092439,2.400000,1.692439,-1.540553,-10.190187,-11.730740
4.492439,2.400000,2.092439,-1.232629,-10.613671,-11.846300
5.292439,2.400000,2.892439,-0.561935,-8.959080,-9.521015
6.292439,2.400000,3.892439,-0.058816,-7.596725,-7.655541
9.292439,2.400000,6.892439,0.008999,-7.197113,-7.188114
13.292440,2.400000,10.892440,0.011423,-7.192429,-7.181006
4.523252,3.200000,1.323252,-1.258230,-1.494485,-2.752715
4.923252,3.200000,1.723252,-1.129779,-6.019128,-7.148907
5.723252,3.200000,2.523252,-0.751350,-5.528762,-6.280112
6.723252,3.200000,3.523252,-0.334475,-3.679127,-4.013602
9.723252,3.200000,6.523252,0.004388,-2.955173,-2.950785
13.723250,3.200000,10.523250,0.010111,-2.947820,-2.937709
4.769329,1.800000,2.969329,-0.214830,-4.747701,-4.962531
4.969329,1.800000,3.169329,0.002892,-4.375211,-4.372319
5.219329,1.800000,3.419329,0.234909,-3.996868,-3.761959
5.469329,1.800000,3.669329,0.363593,-3.713766,-3.350173
5.969329,1.800000,4.169329,0.268762,-3.382656,-3.113894
6.469329,1.800000,4.669329,0.136261,-3.239980,-3.103719
6.969329,1.800000,5.169329,0.070337,-3.178481,-3.108144
7.969329,1.800000,6.169329,0.027249,-3.136884,-3.109635
8.469329,1.800000,6.669329,0.022323,-3.130173,-3.107850
8.969329,1.800000,7.169329,0.021065,-3.126780,-3.105715
9.969329,1.800000,8.169329,0.021436,-3.124162,-3.102726
4.723252,3.200000,1.523252,-1.204319,-4.674891,-5.879210
5.123252,3.200000,1.923252,-1.041767,-6.407557,-7.449324
5.523252,3.200000,2.323252,-0.848946,-5.965421,-6.814367
5.923252,3.200000,2.723252,-0.657701,-5.072762,-5.730463
6.523252,3.200000,3.323252,-0.406126,-3.939054,-4.345180
7.123252,3.200000,3.923252,-0.212465,-3.327713,-3.540178
7.723252,3.200000,4.523252,-0.088649,-3.088480,-3.177129
8.223252,3.200000,5.023252,-0.036133,-3.012201,-3.048334
8.723252,3.200000,5.523252,-0.011477,-2.978472,-2.989949
9.223252,3.200000,6.023252,-0.000521,-2.962754,-2.963275
9.723252,3.200000,6.523252,0.004388,-2.955173,-2.950785
10.723250,3.200000,7.523252,0.008016,-2.949607,-2.941591
6.246361,3.800000,2.446361,-0.596233,-3.493130,-4.089363
8.046361,3.800000,4.246361,-0.148352,-0.964714,-1.113066
9.046361,3.800000,5.246361,-0.031197,-0.790301,-0.821498
10.046360,3.800000,6.246361,-0.003809,-0.755481,-0.759290
6.623323,4.500000,2.123323,-0.263913,-3.424786,-3.688699
7.423323,4.500000,2.923323,-0.184734,-1.765686,-1.950420
8.423323,4.500000,3.923323,-0.066164,-0.456160,-0.522324
9.423323,4.500000,4.923323,-0.003196,-0.153070,-0.156266
10.423320,4.500000,5.923323,0.009827,-0.096080,-0.086253
11.423320,4.500000,6.923323,0.012185,-0.083347,-0.071162
7.000284,5.200000,1.800284,-0.110278,-3.298219,-3.408497
8.800284,5.200000,3.600284,-0.027854,-0.659200,-0.687054
9.800284,5.200000,4.600284,-0.002874,-0.139239,-0.142113
10.800280,5.200000,5.600284,0.001835,-0.043574,-0.041739
7.431097,6.000000,1.431097,-0.045399,-0.539389,-0.584788
8.231097,6.000000,2.231097,-0.026929,-3.186262,-3.213191
9.231097,6.000000,3.231097,-0.004222,-1.133179,-1.137401
8.250355,6.500000,1.750355,-0.015213,-3.148618,-3.163831
9.800355,6.500000,3.300355,0.009167,-1.025904,-1.016737
10.300350,6.500000,3.800355,0.008181,-0.469842,-0.461660
10.500350,6.500000,4.000355,0.007646,-0.337972,-0.330327
11.000350,6.500000,4.500355,0.006674,-0.151518,-0.144843
11.500350,6.500000,5.000355,0.005281,-0.073155,-0.067875
12.500350,6.500000,6.000355,0.003916,-0.022905,-0.018989
13.500350,6.500000,7.000355,0.004156,-0.011604,-0.007448
14.500350,6.500000,8.000355,0.004619,-0.008895,-0.004276
8.788871,7.500000,1.288871,0.003667,2.328536,2.332203
9.038871,7.500000,1.538871,0.008299,-1.856686,-1.848387
9.538871,7.500000,2.038871,0.015221,-3.428494,-3.413273
10.038870,7.500000,2.538871,0.021357,-2.539869,-2.518512
10.338870,7.500000,2.838871,0.022093,-1.867642,-1.845549
10.838870,7.500000,3.338871,0.022394,-0.969702,-0.947308
11.038870,7.500000,3.538871,0.020641,-0.715564,-0.694924
11.538870,7.500000,4.038871,0.015880,-0.317029,-0.301148
12.038870,7.500000,4.538871,0.013246,-0.142677,-0.129431
13.038870,7.500000,5.538871,0.009582,-0.036991,-0.027408
14.038870,7.500000,6.538871,0.009322,-0.014827,-0.005505
15.038870,7.500000,7.538871,0.010440,-0.009608,0.000832
2.603923,1.400000,1.203923,-1.143934,25.294594,24.150660
2.653923,1.400000,1.253923,-1.129270,23.756430,22.627160
2.753923,1.400000,1.353923,-1.114491,21.447851,20.333360
3.153923,1.400000,1.753923,-1.041980,17.992840,16.950860
3.953923,1.400000,2.553923,-0.581136,19.065026,18.483890
4.353923,1.400000,2.953923,-0.121823,19.992613,19.870790
4.753923,1.400000,3.353923,0.380986,20.696164,21.077150
5.253923,1.400000,3.853923,1.000605,21.228075,22.228680
5.753923,1.400000,4.353923,1.510401,21.475009,22.985410
6.253923,1.400000,4.853923,0.195182,21.580278,21.775460
6.753923,1.400000,5.353923,0.132156,21.626804,21.758960
7.253923,1.400000,5.853923,0.104852,21.648698,21.753550
7.753923,1.400000,6.353923,0.093238,21.659502,21.752740
9.753923,1.400000,8.353923,0.089706,21.670054,21.759760
2.657774,1.500000,1.157774,-1.249227,17.389047,16.139820
2.807774,1.500000,1.307774,-1.227613,12.783673,11.556060
3.007774,1.500000,1.507774,-1.200249,9.675428,8.475179
3.607774,1.500000,2.107774,-0.830297,8.327288,7.496991
4.407774,1.500000,2.907774,-0.156758,10.127671,9.970913
4.807774,1.500000,3.307774,0.356264,10.856426,11.212690
5.307774,1.500000,3.807774,0.972797,11.419613,12.392410
5.807774,1.500000,4.307774,0.340342,11.685558,12.025900
6.307774,1.500000,4.807774,0.176777,11.799013,11.975790
6.807774,1.500000,5.307774,0.105497,11.848813,11.954310
7.307774,1.500000,5.807774,0.074001,11.872069,11.946070
7.807774,1.500000,6.307774,0.060380,11.883470,11.943850
9.807774,1.500000,8.307774,0.054904,11.894496,11.949400
2.711626,1.600000,1.111626,-1.355585,12.658475,11.302890
2.761626,1.600000,1.161626,-1.348763,10.474061,9.125298
2.861626,1.600000,1.261626,-1.344565,7.160918,5.816353
3.061626,1.600000,1.461626,-1.322162,3.381480,2.059318
3.261626,1.600000,1.661626,-1.247651,1.788313,0.540662
3.661626,1.600000,2.061626,-0.927431,1.380589,0.453158
4.061626,1.600000,2.461626,-0.485424,2.177545,1.692121
4.461626,1.600000,2.861626,-0.236843,3.112601,2.875758
4.861626,1.600000,3.261626,0.260272,3.866266,4.126538
5.361626,1.600000,3.761626,0.656314,4.461555,5.117869
9.861626,1.600000,8.261626,0.033695,4.971934,5.005629
2.815477,1.700000,1.115477,-1.468344,7.810828,6.342484
2.915477,1.700000,1.215477,-1.478683,3.859870,2.381187
3.115477,1.700000,1.415477,-1.489025,-0.700506,-2.189531
3.315477,1.700000,1.615477,-1.445383,-2.707694,-4.153077
3.715477,1.700000,2.015477,-1.192128,-3.452534,-4.644662
4.115477,1.700000,2.415477,-0.795722,-2.738335,-3.534057
4.515477,1.700000,2.815477,-0.336006,-1.804789,-2.140795
4.915477,1.700000,3.215477,0.133271,-1.026789,-0.893518
5.415477,1.700000,3.715477,0.528949,-0.398703,0.130246
5.915477,1.700000,4.215477,0.304692,-0.090680,0.214013
6.415477,1.700000,4.715477,0.149456,0.041422,0.190878
6.915477,1.700000,5.215477,0.077372,0.098680,0.176053
7.415477,1.700000,5.715477,0.045028,0.125023,0.170050
7.915477,1.700000,6.215477,0.031046,0.137772,0.168819
9.915477,1.700000,8.215477,0.024758,0.149881,0.174639
3.169329,1.800000,1.369329,-1.580586,-3.104692,-4.685278
3.419329,1.800000,1.619329,-1.512417,-5.934739,-7.447156
3.719329,1.800000,1.919329,-1.317039,-6.726300,-8.043339
3.869329,1.800000,2.069329,-1.185871,-6.646229,-7.832100
4.069329,1.800000,2.269329,-0.988894,-6.318367,-7.307261
4.269329,1.800000,2.469329,-0.774973,-5.875971,-6.650944
4.746361,3.800000,0.946361,-0.824441,19.188341,18.363900
4.946361,3.800000,1.146361,-0.836619,6.423709,5.587090
5.146361,3.800000,1.346361,-0.833743,0.224374,-0.609369
5.346361,3.800000,1.546361,-0.806222,-2.683325,-3.489547
5.646361,3.800000,1.846361,-0.744991,-4.122552,-4.867543
5.946361,3.800000,2.146361,-0.671951,-4.065203,-4.737154
4.954064,4.000000,0.954064,-0.650730,18.862580,18.211850
5.054064,4.000000,1.054064,-0.660486,11.552816,10.892330
5.254064,4.000000,1.254064,-0.656583,2.884354,2.227771
5.454064,4.000000,1.454064,-0.649622,-1.274094,-1.923716
5.654064,4.000000,1.654064,-0.626636,-3.127804,-3.754440
5.854064,4.000000,1.854064,-0.594824,-3.783505,-4.378329
5.723323,4.500000,1.223323,-0.308717,4.169580,3.860863
5.823323,4.500000,1.323323,-0.309593,1.404859,1.095266
5.973323,4.500000,1.473323,-0.305507,-1.206275,-1.511782
6.123323,4.500000,1.623323,-0.300193,-2.617763,-2.917956
6.092581,5.000000,1.092581,-0.161557,9.753568,9.592011
6.142581,5.000000,1.142581,-0.159218,7.329205,7.169987
6.192581,5.000000,1.192581,-0.157573,5.304411,5.146838
6.200284,5.200000,1.000284,-0.129247,15.553757,15.424510
6.250284,5.200000,1.050284,-0.129847,12.180287,12.050440
6.300284,5.200000,1.100284,-0.128113,9.359356,9.231243
6.400284,5.200000,1.200284,-0.124287,5.031878,4.907591
6.550284,5.200000,1.350284,-0.123232,0.886450,0.763218
6.700284,5.200000,1.500284,-0.118740,-1.464719,-1.583459
6.900284,5.200000,1.700284,-0.114353,-2.970018,-3.084371
7.700355,6.500000,1.200355,-0.023873,5.043629,5.019756
7.850355,6.500000,1.350355,-0.023244,0.898686,0.875442
7.950355,6.500000,1.450355,-0.020164,-0.818118,-0.838282
8.100355,6.500000,1.600355,-0.018600,-2.378556,-2.397156
8.638871,7.500000,1.138871,0.002148,7.518990,7.521138
