R1,R2,R3,ETriat,EDiat,E
5.500000,4.023812,1.507303,-0.709678,0.599496,-0.110182
7.500000,5.491535,2.051141,-0.869564,-1.927003,-2.796567
4.500000,3.053592,1.480200,0.735154,-0.198537,0.536617
5.500000,3.255648,2.304006,0.114852,-2.850374,-2.735522
6.000000,3.315402,2.760739,0.003007,-2.052255,-2.049248
6.500000,3.491026,3.097177,-0.095537,-1.359077,-1.454614
5.000000,2.593818,2.480665,0.926612,-3.933704,-3.007092
5.500000,2.853200,2.728732,0.450874,-2.939881,-2.489007
6.000000,3.112582,2.976798,0.137200,-2.065197,-1.927997
9.000000,4.668873,4.465197,-0.018152,-0.164790,-0.182942
4.500000,1.863576,2.740040,1.155858,-4.546694,-3.390836
3.800000,1.462125,2.436598,2.049365,-3.285760,-1.236395
4.500000,1.731984,2.884437,0.986161,-4.015545,-3.029384
5.500000,2.114679,3.529677,0.309149,-3.608211,-3.299062
7.500000,2.880090,4.820164,0.059078,-1.812171,-1.753093
2.400000,0.865634,1.604419,5.039989,21.022761,26.062750
5.200000,1.642417,3.746417,0.260421,-2.825241,-2.564820
7.500000,2.362002,5.415582,0.043611,-2.947361,-2.903750
7.500000,1.972934,5.903881,0.030583,-3.465181,-3.434598
4.000000,2.512800,6.355168,-0.523925,-2.995973,-3.519898
5.000000,3.325271,8.130754,-0.056730,-1.006433,-1.063163
3.200000,2.010240,5.084134,-1.080035,-6.407875,-7.487910
6.500000,3.979040,10.221310,0.007025,-0.350105,-0.343080
6.500000,4.175378,10.420540,0.004891,-0.253770,-0.248879
7.500000,4.742184,11.947070,0.012186,-0.105263,-0.093077
1.700000,1.110923,2.744530,-1.045555,7.924128,6.878573
2.000000,1.330108,3.252301,-1.436878,-5.653292,-7.090170
3.200000,2.108502,5.183756,-1.031583,-6.326486,-7.358069
1.400000,6.366986,7.741408,0.093692,21.659638,21.753330
1.500000,8.321541,9.794146,0.055108,11.894502,11.949610
1.600000,8.276391,9.847168,0.033854,4.971941,5.005795
1.700000,8.231253,9.900199,0.024880,0.149890,0.174771
2.000000,9.095695,11.059150,0.020190,-6.562744,-6.542554
2.000000,10.095530,12.059000,0.020519,-6.562551,-6.542032
1.800000,8.186125,9.953238,0.021533,-3.124151,-3.102618
1.800000,9.185958,10.953080,0.021789,-3.123468,-3.101679
