R1,R2,R3,ETriat,EDiat,E
1.151760,5.200000,5.950451,-1.325681,10.228641,8.902960
3.108792,3.800000,5.300282,-1.537908,-1.361465,-2.899373
4.894991,6.000000,8.353593,-0.042707,-0.038816,-0.081524
3.898295,4.000000,5.653688,-1.150190,-0.541463,-1.691653
1.893582,1.700000,2.385113,1.924479,-4.416264,-2.491785
4.329706,3.800000,5.310592,-0.800081,-0.844481,-1.644562
5.256968,3.800000,4.537026,-0.808920,-0.900652,-1.709572
5.644224,4.000000,3.691172,-0.863818,-0.965005,-1.828823
4.515379,3.200000,2.952938,-1.243211,-4.616851,-5.860062
2.486534,1.800000,1.372482,1.449837,-4.147240,-2.697403
5.199197,4.000000,2.107388,-0.964023,-3.776641,-4.740664
6.277898,5.000000,2.139446,-0.166264,-3.350561,-3.516825
