R1,R2,R3,ETriat,EDiat,E
2.134333,4.500000,5.370621,-1.365003,-2.004867,-3.369870
2.464686,5.200000,6.203887,-0.946603,-1.556579,-2.503182
3.436458,6.000000,7.274428,-0.296769,-0.310193,-0.606963
2.699913,4.500000,5.469248,-1.128774,-1.257048,-2.385822
1.436212,1.800000,2.187035,2.341403,-4.358545,-2.017142
1.914950,2.400000,2.916046,-0.032957,-10.629733,-10.662690
3.479704,3.800000,4.511503,-1.233643,-1.159208,-2.392851
3.744477,4.000000,4.709853,-0.929871,-0.659964,-1.589835
5.289513,5.200000,5.909797,-0.100926,-0.054013,-0.154939
5.790523,5.000000,1.739400,-0.202604,-3.138803,-3.341407
