R1,R2,R3,ETriat,EDiat,E
1.800000,3.197482,4.737623,-2.124582,-3.705714,-5.830296
4.000000,7.215362,10.638740,-0.519754,-0.401015,-0.920769
3.200000,5.574610,8.311763,-0.335736,-2.964090,-3.299826
1.400000,2.574827,3.773373,-2.329747,19.836877,17.507130
1.600000,2.886145,4.255496,-2.252366,3.899852,1.647486
2.400000,4.428122,6.482872,-0.471961,-7.251229,-7.723190
3.800000,2.546443,5.417683,-2.039792,-2.177225,-4.217017
7.500000,3.288384,7.654368,-0.321586,-0.413570,-0.735156
4.500000,2.348458,2.700507,0.687023,-3.941047,-3.254024
2.800000,1.845376,1.123156,4.738715,1.539645,6.278360
