R1,R2,R3,ETriat,EDiat,E
2.000000,0.809196,2.702098,-2.063291,29.773951,27.710660
4.500000,2.009631,6.278963,-1.503178,-1.954089,-3.457267
5.000000,2.022991,6.755246,-1.186671,-1.902760,-3.089431
3.200000,1.407976,4.442900,-2.694025,-0.579290,-3.273315
4.500000,1.962191,6.229148,-1.516454,-1.905868,-3.422322
6.500000,2.771189,8.931242,-0.650804,-1.039800,-1.690604
1.800000,0.803853,2.511585,-2.443024,33.517514,31.074490
1.800000,0.780140,2.486678,-2.372579,36.887959,34.515380
1.800000,0.756511,2.461773,-2.272330,40.513170,38.240840
1.800000,0.732973,2.436869,-2.131753,44.407163,42.275410
2.400000,1.008681,3.282363,-2.708806,10.179201,7.470395
3.800000,1.707582,5.313306,-2.323743,-1.736435,-4.060178
4.000000,1.712618,5.503812,-2.107545,-1.408983,-3.516528
3.200000,0.601345,2.931528,5.298987,73.888503,79.187490
3.800000,1.344482,2.572723,2.238791,0.677300,2.916091
7.500000,2.670730,5.053010,-0.650057,-1.261187,-1.911244
5.500000,2.438574,3.170541,0.199613,-2.803295,-2.603682
7.500000,3.320244,4.331085,-0.255155,-0.576318,-0.831473
5.000000,2.252659,2.845771,0.749750,-3.677201,-2.927451
9.000000,4.060139,5.114198,-0.063637,-0.151397,-0.215034
6.500000,2.933813,3.691314,-0.231827,-1.352410,-1.584237
7.500000,5.770292,1.764086,1.760064,-3.203113,-1.443049
