R1,R2,R3,ETriat,EDiat,E
1.105002,5.200000,6.127445,-1.333823,12.490783,11.156960
0.670372,2.000000,2.552720,-1.164126,53.247766,52.083640
1.340744,4.000000,5.105440,-2.167593,3.513341,1.345748
2.093847,4.500000,6.192308,-1.494720,-1.985672,-3.480392
1.839651,1.700000,3.021513,-1.152866,-2.887971,-4.040837
4.303561,3.800000,6.853128,-0.703729,-0.810471,-1.514200
6.560624,5.200000,9.717961,-0.094498,-0.024012,-0.118510
8.200780,6.500000,12.147450,-0.009126,-0.009664,-0.018790
4.777451,3.200000,6.270186,-0.484639,-2.991326,-3.475965
6.396014,3.800000,7.581046,-0.578335,-0.754380,-1.332715
3.189637,1.800000,3.605409,-0.332776,-4.251348,-4.584124
2.914189,1.500000,2.884298,1.542048,9.313372,10.855420
3.597294,1.800000,3.260061,0.542414,-4.416935,-3.874521
3.487213,1.800000,2.586710,0.460616,-5.815450,-5.354834
6.993334,3.800000,4.574479,-0.661499,-0.876812,-1.538311
3.307503,1.800000,2.161828,0.199246,-6.799183,-6.599937
7.924065,4.500000,4.731443,-0.300721,-0.180367,-0.481087
7.924065,4.500000,4.731443,-0.300721,-0.180367,-0.481087
10.565420,6.000000,6.308590,-0.028403,-0.018516,-0.046919
13.206770,7.500000,7.885738,0.006406,-0.008970,-0.002564
3.169626,1.800000,1.892577,0.030648,-7.051436,-7.020788
9.799804,6.000000,5.030464,-0.026253,-0.071283,-0.097536
5.242914,3.200000,2.698690,-1.025816,-5.137180,-6.162996
