R1,R2,R3,ETriat,EDiat,E
7.442302,3.800000,10.469590,-0.571330,-0.748095,-1.319425
3.303484,1.700000,4.657576,-1.514051,-0.352554,-1.866605
4.670431,2.000000,6.107540,-0.279440,-6.613012,-6.892452
4.368685,1.800000,5.618162,-0.452136,-3.204853,-3.656989
5.371440,2.000000,6.631074,-0.056631,-6.587252,-6.643883
5.578855,1.800000,6.455543,-0.016982,-3.146644,-3.163626
4.649046,1.500000,5.379619,-0.185259,11.819879,11.634620
7.438474,2.400000,8.607391,0.010512,-7.196054,-7.185542
5.911596,1.600000,6.171208,0.036881,4.949291,4.986172
7.389494,2.000000,7.714010,0.021511,-6.567201,-6.545690
8.867393,2.400000,9.256812,0.011347,-7.193398,-7.182051
6.207885,1.600000,5.916637,0.053710,4.946711,5.000421
7.759856,2.000000,7.395796,0.022274,-6.566961,-6.544687
9.311827,2.400000,8.874955,0.011271,-7.193195,-7.181924
5.281870,1.400000,4.839517,0.208269,21.567141,21.775410
6.861750,1.800000,6.293093,0.032059,-3.138412,-3.106353
7.100050,2.000000,6.091189,0.031687,-6.579942,-6.548255
7.285235,2.400000,5.556807,0.025998,-7.224448,-7.198450
7.285235,2.400000,5.556807,0.025998,-7.224448,-7.198450
10.817030,4.000000,7.584616,-0.522486,-0.398649,-0.921135
4.326812,1.600000,3.033846,0.454470,3.447352,3.901822
7.367496,4.500000,3.041944,-0.180429,-1.533852,-1.714281
7.367496,4.500000,3.041944,-0.180429,-1.533852,-1.714281
2.794347,1.700000,1.160117,-1.064994,5.765741,4.700747
2.946998,1.800000,1.216778,-1.241014,0.585009,-0.656004
10.792220,7.500000,3.465962,0.021706,-0.801277,-0.779571
