R1,R2,R3,ETriat,EDiat,E
1.800000,6.221399,7.361499,0.004565,-3.134606,-3.130041
2.000000,6.857511,8.124097,0.015740,-6.568656,-6.552916
2.400000,8.229013,9.748916,0.011010,-7.194058,-7.183048
1.500000,1.651584,2.324738,1.920002,8.331328,10.251330
6.500000,5.027978,6.652613,-0.020409,-0.039637,-0.060046
4.000000,3.111631,4.114831,-1.205989,-1.241109,-2.447098
5.200000,3.926076,5.038133,-0.193579,-0.192340,-0.385919
9.000000,6.802200,8.728419,0.013440,-0.012648,0.000792
5.200000,3.804363,4.641343,-0.214236,-0.274179,-0.488415
6.500000,4.610042,4.242390,-0.021518,-0.268170,-0.289688
9.000000,6.653177,4.435035,0.017288,-0.172648,-0.155360
