R1,R2,R3,ETriat,EDiat,E
6.000000,4.768903,1.231097,-1.054830,7.034850,5.980020
7.000000,5.230387,1.769613,-0.918264,-1.334081,-2.252345
7.500000,4.961129,2.538871,-0.683539,-1.487138,-2.170677
7.500000,5.461129,2.038871,-0.873365,-1.923358,-2.796723
7.500000,5.961129,1.538871,0.715239,0.504973,1.220212
4.000000,2.945936,1.054064,2.107602,13.372148,15.479750
4.000000,3.045936,0.954064,1.202743,20.844177,22.046920
4.500000,3.176677,1.323323,0.817348,3.103796,3.921144
4.500000,3.276677,1.223323,0.292141,6.276137,6.568278
5.200000,3.299716,1.900284,0.112521,-2.744811,-2.632290
5.200000,3.649716,1.550284,-0.368471,-0.213731,-0.582202
5.200000,3.899716,1.300284,-0.653070,4.596066,3.942996
6.500000,3.699645,2.800355,-0.272482,-1.539694,-1.812176
6.500000,3.899645,2.600355,-0.439032,-1.707981,-2.147013
6.500000,4.099645,2.400355,-0.590762,-1.912426,-2.503188
6.500000,4.249645,2.250355,-0.687745,-2.035981,-2.723726
6.500000,4.499645,2.000355,-0.815860,-2.008831,-2.824691
6.500000,4.749645,1.750355,-0.905896,-1.292193,-2.198089
6.500000,4.999645,1.500355,-0.978787,0.949545,-0.029242
6.500000,5.099645,1.400355,-1.035270,2.609118,1.573848
6.500000,5.249645,1.250355,-1.099636,6.440792,5.341156
6.500000,5.349645,1.150355,-1.132701,10.278062,9.145361
7.500000,4.261129,3.238871,-0.282760,-0.667073,-0.949833
7.500000,4.411129,3.088871,-0.374713,-0.771361,-1.146074
7.500000,4.561129,2.938871,-0.471205,-0.922316,-1.393521
7.500000,4.711129,2.788871,-0.565906,-1.114053,-1.679959
7.500000,4.961129,2.538871,-0.706507,-1.487138,-2.193645
7.500000,5.061129,2.438871,-0.718214,-1.635519,-2.353733
7.500000,5.211129,2.288871,-0.814096,-1.825848,-2.639944
7.500000,5.411129,2.088871,-0.867525,-1.938042,-2.805567
7.500000,5.511129,1.988871,-0.872559,-1.884744,-2.757303
7.500000,5.661129,1.838871,0.838932,-1.578952,-0.740020
7.500000,5.811129,1.688871,0.774465,-0.859903,-0.085438
7.500000,5.911129,1.588871,0.734441,-0.040744,0.693697
7.500000,6.061129,1.438871,0.677081,1.946466,2.623547
7.500000,6.211129,1.288871,0.615735,5.303925,5.919660
7.500000,6.311129,1.188871,0.569020,8.681381,9.250401
7.500000,6.461129,1.038871,0.529701,16.348979,16.878680
9.000000,5.903355,3.096645,1.511480,-0.612471,0.899010
9.000000,6.103355,2.896645,1.405004,-0.862660,0.542344
9.000000,6.203355,2.796645,1.321528,-1.009594,0.311934
9.000000,6.353355,2.646645,1.252125,-1.248359,0.003766
9.000000,6.503355,2.496645,1.148881,-1.492024,-0.343143
9.000000,6.603355,2.396645,1.117557,-1.643713,-0.526157
9.000000,6.753355,2.246645,1.022890,-1.826344,-0.803454
9.000000,6.903355,2.096645,0.975298,-1.905731,-0.930434
9.000000,7.053355,1.946645,0.882248,-1.803890,-0.921642
9.000000,7.253355,1.746645,0.793492,-1.178369,-0.384878
9.000000,7.453355,1.546645,0.711821,0.428633,1.140454
9.000000,7.553355,1.446645,0.673424,1.828597,2.502021
9.000000,7.753355,1.246645,0.590315,6.606386,7.196701
2.000000,0.877032,2.877032,-1.628098,19.602248,17.974150
2.000000,1.077032,3.077032,-1.691240,3.461003,1.769763
2.000000,1.277032,3.277032,-1.707791,-4.324241,-6.032032
2.000000,1.477032,3.477032,-1.662980,-8.000231,-9.663211
2.000000,1.877032,3.877032,-1.411190,-10.089100,-11.500290
2.000000,2.277032,4.277032,-1.039356,-9.718124,-10.757480
2.000000,3.077032,5.077032,-0.231025,-7.973305,-8.204330
2.000000,4.077032,6.077032,0.165462,-6.862656,-6.697194
2.000000,11.077030,13.077030,0.020901,-6.562499,-6.541598
2.400000,1.092439,3.492439,-1.750052,2.335994,0.585943
2.400000,1.292439,3.692439,-1.732990,-5.124988,-6.857978
2.400000,1.692439,4.092439,-1.540553,-10.190187,-11.730740
2.400000,2.092439,4.492439,-1.232629,-10.613671,-11.846300
2.400000,2.892439,5.292439,-0.561935,-8.959080,-9.521015
2.400000,3.892439,6.292439,-0.058816,-7.596725,-7.655541
2.400000,6.892439,9.292439,0.008999,-7.197113,-7.188114
2.400000,10.892440,13.292440,0.011423,-7.192429,-7.181006
3.200000,1.323252,4.523252,-1.258230,-1.494485,-2.752715
3.200000,1.723252,4.923252,-1.129779,-6.019128,-7.148907
3.200000,2.523252,5.723252,-0.751350,-5.528762,-6.280112
3.200000,3.523252,6.723252,-0.334475,-3.679127,-4.013602
3.200000,6.523252,9.723252,0.004388,-2.955173,-2.950785
3.200000,10.523250,13.723250,0.010111,-2.947820,-2.937709
1.800000,2.969329,4.769329,-0.214830,-4.747701,-4.962531
1.800000,3.169329,4.969329,0.002892,-4.375211,-4.372319
1.800000,3.419329,5.219329,0.234909,-3.996868,-3.761959
1.800000,3.669329,5.469329,0.363593,-3.713766,-3.350173
1.800000,4.169329,5.969329,0.268762,-3.382656,-3.113894
1.800000,4.669329,6.469329,0.136261,-3.239980,-3.103719
1.800000,5.169329,6.969329,0.070337,-3.178481,-3.108144
1.800000,6.169329,7.969329,0.027249,-3.136884,-3.109635
1.800000,6.669329,8.469329,0.022323,-3.130173,-3.107850
1.800000,7.169329,8.969329,0.021065,-3.126780,-3.105715
1.800000,8.169329,9.969329,0.021436,-3.124162,-3.102726
3.200000,1.523252,4.723252,-1.204319,-4.674891,-5.879210
3.200000,1.923252,5.123252,-1.041767,-6.407557,-7.449324
3.200000,2.323252,5.523252,-0.848946,-5.965421,-6.814367
3.200000,2.723252,5.923252,-0.657701,-5.072762,-5.730463
3.200000,3.323252,6.523252,-0.406126,-3.939054,-4.345180
3.200000,3.923252,7.123252,-0.212465,-3.327713,-3.540178
3.200000,4.523252,7.723252,-0.088649,-3.088480,-3.177129
3.200000,5.023252,8.223252,-0.036133,-3.012201,-3.048334
3.200000,5.523252,8.723252,-0.011477,-2.978472,-2.989949
3.200000,6.023252,9.223252,-0.000521,-2.962754,-2.963275
3.200000,6.523252,9.723252,0.004388,-2.955173,-2.950785
3.200000,7.523252,10.723250,0.008016,-2.949607,-2.941591
3.800000,2.446361,6.246361,-0.596233,-3.493130,-4.089363
3.800000,4.246361,8.046361,-0.148352,-0.964714,-1.113066
3.800000,5.246361,9.046361,-0.031197,-0.790301,-0.821498
3.800000,6.246361,10.046360,-0.003809,-0.755481,-0.759290
4.500000,2.123323,6.623323,-0.263913,-3.424786,-3.688699
4.500000,2.923323,7.423323,-0.184734,-1.765686,-1.950420
4.500000,3.923323,8.423323,-0.066164,-0.456160,-0.522324
4.500000,4.923323,9.423323,-0.003196,-0.153070,-0.156266
4.500000,5.923323,10.423320,0.009827,-0.096080,-0.086253
4.500000,6.923323,11.423320,0.012185,-0.083347,-0.071162
5.200000,1.800284,7.000284,-0.110278,-3.298219,-3.408497
5.200000,3.600284,8.800284,-0.027854,-0.659200,-0.687054
5.200000,4.600284,9.800284,-0.002874,-0.139239,-0.142113
5.200000,5.600284,10.800280,0.001835,-0.043574,-0.041739
6.000000,1.431097,7.431097,-0.045399,-0.539389,-0.584788
6.000000,2.231097,8.231097,-0.026929,-3.186262,-3.213191
6.000000,3.231097,9.231097,-0.004222,-1.133179,-1.137401
6.500000,1.750355,8.250355,-0.015213,-3.148618,-3.163831
6.500000,3.300355,9.800355,0.009167,-1.025904,-1.016737
6.500000,3.800355,10.300350,0.008181,-0.469842,-0.461660
6.500000,4.000355,10.500350,0.007646,-0.337972,-0.330327
6.500000,4.500355,11.000350,0.006674,-0.151518,-0.144843
6.500000,5.000355,11.500350,0.005281,-0.073155,-0.067875
6.500000,6.000355,12.500350,0.003916,-0.022905,-0.018989
6.500000,7.000355,13.500350,0.004156,-0.011604,-0.007448
6.500000,8.000355,14.500350,0.004619,-0.008895,-0.004276
7.500000,1.288871,8.788871,0.003667,2.328536,2.332203
7.500000,1.538871,9.038871,0.008299,-1.856686,-1.848387
7.500000,2.038871,9.538871,0.015221,-3.428494,-3.413273
7.500000,2.538871,10.038870,0.021357,-2.539869,-2.518512
7.500000,2.838871,10.338870,0.022093,-1.867642,-1.845549
7.500000,3.338871,10.838870,0.022394,-0.969702,-0.947308
7.500000,3.538871,11.038870,0.020641,-0.715564,-0.694924
7.500000,4.038871,11.538870,0.015880,-0.317029,-0.301148
7.500000,4.538871,12.038870,0.013246,-0.142677,-0.129431
7.500000,5.538871,13.038870,0.009582,-0.036991,-0.027408
7.500000,6.538871,14.038870,0.009322,-0.014827,-0.005505
7.500000,7.538871,15.038870,0.010440,-0.009608,0.000832
1.400000,1.203923,2.603923,-1.143934,25.294594,24.150660
1.400000,1.253923,2.653923,-1.129270,23.756430,22.627160
1.400000,1.353923,2.753923,-1.114491,21.447851,20.333360
1.400000,1.753923,3.153923,-1.041980,17.992840,16.950860
1.400000,2.553923,3.953923,-0.581136,19.065026,18.483890
1.400000,2.953923,4.353923,-0.121823,19.992613,19.870790
1.400000,3.353923,4.753923,0.380986,20.696164,21.077150
1.400000,3.853923,5.253923,1.000605,21.228075,22.228680
1.400000,4.353923,5.753923,1.510401,21.475009,22.985410
1.400000,4.853923,6.253923,0.195182,21.580278,21.775460
1.400000,5.353923,6.753923,0.132156,21.626804,21.758960
1.400000,5.853923,7.253923,0.104852,21.648698,21.753550
1.400000,6.353923,7.753923,0.093238,21.659502,21.752740
1.400000,8.353923,9.753923,0.089706,21.670054,21.759760
1.500000,1.157774,2.657774,-1.249227,17.389047,16.139820
1.500000,1.307774,2.807774,-1.227613,12.783673,11.556060
1.500000,1.507774,3.007774,-1.200249,9.675428,8.475179
1.500000,2.107774,3.607774,-0.830297,8.327288,7.496991
1.500000,2.907774,4.407774,-0.156758,10.127671,9.970913
1.500000,3.307774,4.807774,0.356264,10.856426,11.212690
1.500000,3.807774,5.307774,0.972797,11.419613,12.392410
1.500000,4.307774,5.807774,0.340342,11.685558,12.025900
1.500000,4.807774,6.307774,0.176777,11.799013,11.975790
1.500000,5.307774,6.807774,0.105497,11.848813,11.954310
1.500000,5.807774,7.307774,0.074001,11.872069,11.946070
1.500000,6.307774,7.807774,0.060380,11.883470,11.943850
1.500000,8.307774,9.807774,0.054904,11.894496,11.949400
1.600000,1.111626,2.711626,-1.355585,12.658475,11.302890
1.600000,1.161626,2.761626,-1.348763,10.474061,9.125298
1.600000,1.261626,2.861626,-1.344565,7.160918,5.816353
1.600000,1.461626,3.061626,-1.322162,3.381480,2.059318
1.600000,1.661626,3.261626,-1.247651,1.788313,0.540662
1.600000,2.061626,3.661626,-0.927431,1.380589,0.453158
1.600000,2.461626,4.061626,-0.485424,2.177545,1.692121
1.600000,2.861626,4.461626,-0.236843,3.112601,2.875758
1.600000,3.261626,4.861626,0.260272,3.866266,4.126538
1.600000,3.761626,5.361626,0.656314,4.461555,5.117869
1.600000,8.261626,9.861626,0.033695,4.971934,5.005629
1.700000,1.115477,2.815477,-1.468344,7.810828,6.342484
1.700000,1.215477,2.915477,-1.478683,3.859870,2.381187
1.700000,1.415477,3.115477,-1.489025,-0.700506,-2.189531
1.700000,1.615477,3.315477,-1.445383,-2.707694,-4.153077
1.700000,2.015477,3.715477,-1.192128,-3.452534,-4.644662
1.700000,2.415477,4.115477,-0.795722,-2.738335,-3.534057
1.700000,2.815477,4.515477,-0.336006,-1.804789,-2.140795
1.700000,3.215477,4.915477,0.133271,-1.026789,-0.893518
1.700000,3.715477,5.415477,0.528949,-0.398703,0.130246
1.700000,4.215477,5.915477,0.304692,-0.090680,0.214013
1.700000,4.715477,6.415477,0.149456,0.041422,0.190878
1.700000,5.215477,6.915477,0.077372,0.098680,0.176053
1.700000,5.715477,7.415477,0.045028,0.125023,0.170050
1.700000,6.215477,7.915477,0.031046,0.137772,0.168819
1.700000,8.215477,9.915477,0.024758,0.149881,0.174639
1.800000,1.369329,3.169329,-1.580586,-3.104692,-4.685278
1.800000,1.619329,3.419329,-1.512417,-5.934739,-7.447156
1.800000,1.919329,3.719329,-1.317039,-6.726300,-8.043339
1.800000,2.069329,3.869329,-1.185871,-6.646229,-7.832100
1.800000,2.269329,4.069329,-0.988894,-6.318367,-7.307261
1.800000,2.469329,4.269329,-0.774973,-5.875971,-6.650944
3.800000,0.946361,4.746361,-0.824441,19.188341,18.363900
3.800000,1.146361,4.946361,-0.836619,6.423709,5.587090
3.800000,1.346361,5.146361,-0.833743,0.224374,-0.609369
3.800000,1.546361,5.346361,-0.806222,-2.683325,-3.489547
3.800000,1.846361,5.646361,-0.744991,-4.122552,-4.867543
3.800000,2.146361,5.946361,-0.671951,-4.065203,-4.737154
4.000000,0.954064,4.954064,-0.650730,18.862580,18.211850
4.000000,1.054064,5.054064,-0.660486,11.552816,10.892330
4.000000,1.254064,5.254064,-0.656583,2.884354,2.227771
4.000000,1.454064,5.454064,-0.649622,-1.274094,-1.923716
4.000000,1.654064,5.654064,-0.626636,-3.127804,-3.754440
4.000000,1.854064,5.854064,-0.594824,-3.783505,-4.378329
4.500000,0.876677,3.623323,0.369267,26.793533,27.162800
4.500000,0.626677,3.873323,1.624848,73.662242,75.287090
4.500000,0.526678,3.973323,6.638583,106.271817,112.910400
4.500000,1.223323,5.723323,-0.308717,4.169580,3.860863
4.500000,1.323323,5.823323,-0.309593,1.404859,1.095266
4.500000,1.473323,5.973323,-0.305507,-1.206275,-1.511782
4.500000,1.623323,6.123323,-0.300193,-2.617763,-2.917956
5.000000,0.707419,4.292581,4.430311,54.047119,58.477430
5.000000,1.092581,6.092581,-0.161557,9.753568,9.592011
5.000000,1.142581,6.142581,-0.159218,7.329205,7.169987
5.000000,1.192581,6.192581,-0.157573,5.304411,5.146838
5.200000,1.699716,3.500284,0.389195,-3.224556,-2.835361
5.200000,1.499716,3.700284,0.298064,-1.627142,-1.329078
5.200000,1.299716,3.900284,0.230089,1.924778,2.154867
5.200000,1.149716,4.050284,0.193009,6.942277,7.135286
5.200000,0.899716,4.300284,0.145462,24.444478,24.589940
5.200000,0.649716,4.550284,1.007953,67.630037,68.637990
5.200000,1.000284,6.200284,-0.129247,15.553757,15.424510
5.200000,1.050284,6.250284,-0.129847,12.180287,12.050440
5.200000,1.100284,6.300284,-0.128113,9.359356,9.231243
5.200000,1.200284,6.400284,-0.124287,5.031878,4.907591
5.200000,1.350284,6.550284,-0.123232,0.886450,0.763218
5.200000,1.500284,6.700284,-0.118740,-1.464719,-1.583459
5.200000,1.700284,6.900284,-0.114353,-2.970018,-3.084371
6.500000,2.299645,4.200355,0.188887,-3.127917,-2.939030
6.500000,2.099645,4.400355,0.181606,-3.427825,-3.246219
6.500000,1.899645,4.600355,0.175104,-3.471287,-3.296183
6.500000,1.749645,4.750355,0.247197,-3.179231,-2.932034
6.500000,1.499645,5.000355,1.729687,-1.468752,0.260934
6.500000,1.249645,5.250355,1.677921,3.404770,5.082691
6.500000,0.999645,5.500355,1.614426,15.602434,17.216860
6.500000,0.899645,5.600355,1.585515,24.507075,26.092590
6.500000,0.749645,5.750355,0.138789,45.755031,45.893820
6.500000,0.649645,5.850355,0.956273,67.688477,68.644750
6.500000,1.200355,7.700355,-0.023873,5.043629,5.019756
6.500000,1.350355,7.850355,-0.023244,0.898686,0.875442
6.500000,1.450355,7.950355,-0.020164,-0.818118,-0.838282
6.500000,1.600355,8.100355,-0.018600,-2.378556,-2.397156
7.500000,2.361129,5.138871,1.833835,-2.954302,-1.120467
7.500000,2.211129,5.288871,1.819745,-3.238143,-1.418398
7.500000,1.961129,5.538871,1.787759,-3.469658,-1.681899
7.500000,1.861129,5.638871,1.773777,-3.406287,-1.632510
7.500000,1.711129,5.788871,1.749375,-3.015342,-1.265967
7.500000,1.511129,5.988871,1.714192,-1.581782,0.132411
7.500000,1.411129,6.088871,1.694172,-0.230894,1.463278
7.500000,1.261129,6.238871,1.664371,3.079151,4.743522
7.500000,1.111129,6.388871,1.629162,8.820808,10.449970
7.500000,1.011129,6.488871,1.600767,14.780733,16.381500
7.500000,0.861129,6.638871,1.554799,28.912771,30.467570
7.500000,0.711129,6.788871,1.736682,53.334928,55.071610
7.500000,0.611129,6.888871,3.262498,78.287152,81.549650
7.500000,0.461129,7.038871,16.214879,133.628321,149.843200
7.500000,1.138871,8.638871,0.002148,7.518990,7.521138
