R1,R2,R3,ETriat,EDiat,E
5.200000,5.803601,1.827771,-1.149062,-1.547036,-2.696098
3.800000,4.440028,1.730739,-2.013368,-1.988103,-4.001471
6.500000,8.393492,4.307086,-0.057602,-0.069495,-0.127097
4.000000,5.172669,2.656813,-1.670892,-1.663094,-3.333986
3.200000,4.493950,2.645248,-2.020668,-4.327767,-6.348435
4.500000,8.237071,6.157048,-0.286208,-0.089687,-0.375895
4.500000,8.237071,6.157048,-0.286209,-0.089687,-0.375896
1.800000,5.836539,5.248120,-0.015644,-3.162953,-3.178597
1.700000,6.783589,6.277772,0.022643,0.137108,0.159751
1.500000,9.203482,8.825491,-0.001486,11.894336,11.892850
