R1,R2,R3,ETriat,EDiat,E
5.200000,3.537891,1.827922,-0.227757,-2.236438,-2.464195
3.200000,1.851171,1.515139,4.144605,-5.492943,-1.348338
5.200000,2.460058,3.181410,0.368080,-3.225889,-2.857809
2.800000,1.129575,2.029747,3.924517,0.927237,4.851754
6.000000,2.422002,4.357666,0.084920,-2.858276,-2.773356
5.200000,2.099777,3.780478,0.172358,-3.532954,-3.360596
4.500000,1.621741,3.706122,-0.086729,-2.770429,-2.857158
7.500000,2.702901,6.176870,0.035607,-2.176432,-2.140825
9.000000,3.595656,10.321930,0.025373,-0.652974,-0.627601
7.500000,2.996380,8.601606,0.024815,-1.546870,-1.522055
5.200000,2.065285,5.947763,-0.156126,-3.428511,-3.584637
5.200000,2.102085,5.995826,-0.153781,-3.391790,-3.545571
6.500000,2.609123,7.470746,0.005103,-2.382945,-2.377842
4.000000,2.807427,6.209592,-0.673810,-2.333619,-3.007429
3.200000,2.245942,4.967673,-1.150334,-6.124646,-7.274980
6.500000,4.461862,9.985964,-0.004782,-0.160989,-0.165771
7.500000,5.293449,11.673760,0.007646,-0.049747,-0.042101
