R1,R2,R3,ETriat,EDiat,E
1.700000,9.046441,9.034128,0.027094,0.149898,0.176991
4.500000,8.752450,7.908401,-0.285838,-0.081242,-0.367080
4.500000,8.752450,7.908401,-0.285838,-0.081242,-0.367080
1.700000,2.443295,1.909385,2.293545,-4.839536,-2.545991
3.200000,4.585406,3.580605,-1.116908,-3.651656,-4.768564
5.000000,5.832693,3.477716,-0.217127,-0.815158,-1.032285
7.500000,8.749040,5.216574,0.009213,-0.055755,-0.046542
2.000000,2.333077,1.391086,2.056099,-8.151096,-6.094997
9.000000,8.969647,1.091312,0.023647,9.847420,9.871067
