R1,R2,R3,ETriat,EDiat,E
5.000000,10.927200,7.721848,-0.131540,-0.024954,-0.156494
3.800000,8.265392,5.829674,-0.583361,-0.765319,-1.348680
4.000000,6.718261,3.889592,-0.665353,-0.800605,-1.465958
3.200000,5.374609,3.111674,-0.959800,-4.290610,-5.250410
4.000000,6.718261,3.889592,-0.665353,-0.800605,-1.465958
6.000000,10.077390,5.834389,-0.028291,-0.027941,-0.056232
2.400000,4.030957,2.333755,-0.885318,-10.266952,-11.152270
2.800000,4.702783,2.722715,-0.976494,-7.297510,-8.274004
3.200000,5.374609,3.111674,-0.959800,-4.290610,-5.250410
5.000000,6.863314,2.962011,-0.161430,-1.634237,-1.795667
2.000000,2.745326,1.184805,0.029343,-2.006062,-1.976719
