R1,R2,R3,ETriat,EDiat,E
5.000000,4.761518,3.577452,-0.324282,-0.342039,-0.666322
5.000000,4.929801,4.048903,-0.213869,-0.187946,-0.401816
5.000000,5.176143,4.619331,-0.157635,-0.113555,-0.271189
5.200000,6.462092,6.621298,-0.096447,-0.031258,-0.127705
6.500000,8.077615,8.276623,-0.010037,-0.010314,-0.020350
1.600000,1.991908,2.040808,3.220700,-0.352908,2.867792
4.000000,7.406033,8.154798,-0.524280,-0.400682,-0.924962
3.200000,5.924827,6.523839,-0.387399,-2.971574,-3.358973
1.700000,3.159683,3.477860,0.800808,-1.364810,-0.564002
1.800000,3.356956,3.693804,0.536130,-4.236803,-3.700673
2.400000,4.443620,4.892879,0.102252,-7.379256,-7.277004
2.000000,3.703017,4.077399,0.257672,-7.192470,-6.934798
1.500000,5.823424,6.296657,0.080458,11.867492,11.947950
1.600000,6.311021,6.815698,0.045902,4.957663,5.003565
2.000000,7.764565,8.395543,0.021462,-6.565024,-6.543562
