R1,R2,R3,ETriat,EDiat,E
2.902861,4.000000,6.825423,-1.530729,-1.235971,-2.766700
1.113369,1.500000,2.584506,-2.893882,21.557752,18.663870
1.161144,1.600000,2.730169,-2.961515,12.723466,9.761951
1.741716,2.400000,4.095254,-3.310587,-8.617233,-11.927820
3.761999,3.200000,6.837121,-1.050298,-3.107489,-4.157787
7.672591,6.500000,13.919100,-0.007165,-0.010697,-0.017862
2.908088,1.800000,4.589378,-2.306277,-4.074400,-6.380677
2.456526,1.500000,3.857751,-2.907113,9.934832,7.027719
2.757567,1.700000,4.345502,-2.727135,-1.087113,-3.814248
3.821848,1.500000,5.111217,-0.643911,11.702081,11.058170
5.095797,2.000000,6.814956,-0.171982,-6.591233,-6.763215
4.829558,1.600000,6.112784,-0.288683,4.928601,4.639918
6.161272,2.000000,7.765669,-0.007061,-6.573404,-6.580465
5.437212,1.500000,6.523367,-0.095344,11.870644,11.775300
7.249616,2.000000,8.697823,0.017825,-6.566682,-6.548857
6.385557,1.700000,7.575081,0.010560,0.141133,0.151693
7.414205,1.800000,8.557636,0.021368,-3.126959,-3.105591
8.556614,1.800000,9.442778,0.023317,-3.124475,-3.101158
6.655144,1.400000,7.344383,-0.012547,21.662257,21.649710
9.507349,2.000000,10.491980,0.021300,-6.562948,-6.541648
10.716250,2.000000,11.319300,0.021440,-6.562612,-6.541172
10.771600,2.000000,11.274190,0.021445,-6.562605,-6.541160
8.890964,1.600000,9.157134,0.036634,4.971839,5.008473
9.188882,1.600000,8.901533,0.036469,4.971981,5.008450
7.046450,1.500000,6.078221,0.071416,11.877454,11.948870
7.582624,1.600000,6.549851,0.041393,4.963181,5.004574
5.673405,1.500000,4.458582,0.276240,11.727370,12.003610
6.808087,1.800000,5.350298,0.061933,-3.167264,-3.105331
9.077449,2.400000,7.133731,0.010609,-7.196040,-7.185431
4.668161,1.400000,3.455613,0.874631,20.826999,21.701630
9.361783,4.500000,5.022923,-0.253197,-0.142682,-0.395879
9.361783,4.500000,5.022923,-0.253197,-0.142682,-0.395879
6.631896,4.000000,2.701195,-0.455129,-2.566307,-3.021436
