R1,R2,R3,ETriat,EDiat,E
5.000000,5.325360,2.327925,-0.997782,-1.787364,-2.785146
6.000000,6.461677,2.981317,-0.548062,-0.744469,-1.292531
4.000000,4.307785,1.987545,-1.570499,-2.439046,-4.009545
5.000000,5.384731,2.484431,-0.935618,-1.557593,-2.493211
3.200000,3.951080,2.607651,-1.709123,-4.603255,-6.312378
4.500000,5.538469,3.651649,-0.525357,-0.301315,-0.826673
3.200000,3.951080,2.607651,-1.709123,-4.603255,-6.312378
1.500000,2.233573,1.792388,2.667498,7.345182,10.012680
4.000000,6.319190,5.250517,-0.558320,-0.427271,-0.985591
1.600000,2.527676,2.100207,1.690331,0.520943,2.211274
1.400000,2.448095,2.133033,2.550703,17.046747,19.597450
2.400000,5.305653,4.942277,0.013668,-7.261471,-7.247803
