R1,R2,R3,ETriat,EDiat,E
5.200000,5.461199,2.800300,-0.717568,-1.035709,-1.753277
2.000000,2.257713,1.450998,2.262064,-7.925602,-5.663538
4.000000,5.180389,4.054659,-0.771446,-0.537391,-1.308837
3.200000,4.144311,3.243727,-1.503621,-3.648600,-5.152221
4.000000,5.760652,4.905595,-0.596162,-0.447137,-1.043299
1.600000,2.304261,1.962238,2.412603,0.117795,2.530398
2.400000,3.456391,2.943357,-0.979116,-8.775790,-9.754906
4.500000,7.639447,6.998658,-0.286093,-0.085586,-0.371679
4.500000,7.639447,6.998658,-0.286093,-0.085586,-0.371679
1.800000,5.562375,5.584765,0.043435,-3.166873,-3.123438
