R1,R2,R3,ETriat,EDiat,E
7.500000,5.630494,2.510807,-0.739179,-1.488832,-2.228011
7.500000,5.385595,2.900377,-0.538602,-0.882282,-1.420884
4.500000,2.876822,2.409011,0.343845,-3.471315,-3.127470
9.000000,5.753643,4.818022,-0.005939,-0.059831,-0.065769
9.000000,5.367528,5.920301,0.010891,-0.055847,-0.044956
6.500000,4.160776,7.172285,0.011829,-0.263856,-0.252027
7.500000,4.815932,8.293146,0.011369,-0.096053,-0.084684
2.400000,1.533284,2.644743,0.864976,-10.221580,-9.356604
4.500000,2.889559,4.975887,-0.554097,-1.858993,-2.413090
5.000000,4.850363,8.001192,-0.141119,-0.107613,-0.248732
3.200000,3.067017,5.082126,-1.070817,-4.376798,-5.447615
3.800000,3.630467,6.022954,-0.898830,-1.366492,-2.265322
7.500000,7.275544,12.001790,0.006478,-0.010391,-0.003913
1.600000,1.533509,2.541063,1.617208,1.770842,3.388050
2.000000,1.940145,3.200477,-0.089172,-10.486478,-10.575650
4.000000,6.794248,9.666026,-0.523594,-0.402140,-0.925734
4.500000,7.643528,10.874280,-0.285713,-0.080845,-0.366559
2.000000,3.397124,4.833013,0.229780,-7.475355,-7.245575
2.800000,4.657809,6.667442,-0.052497,-5.264388,-5.316885
3.200000,5.337229,7.634042,-0.360149,-2.989656,-3.349805
3.800000,6.356360,9.083944,-0.575426,-0.754391,-1.329817
4.000000,6.794248,9.666026,-0.523594,-0.402140,-0.925734
4.500000,7.643528,10.874280,-0.285713,-0.080845,-0.366559
2.000000,3.397124,4.833013,0.229781,-7.475355,-7.245574
