R1,R2,R3,ETriat,EDiat,E
5.200000,11.760980,6.660132,-0.096211,-0.022751,-0.118962
6.500000,14.451490,8.075775,-0.010031,-0.008808,-0.018838
1.400000,3.143364,1.770091,-0.956100,17.933220,16.977120
1.800000,4.055739,2.290082,-0.907892,-6.280831,-7.188723
3.200000,7.099209,3.960420,-0.237073,-3.304993,-3.542066
4.000000,7.630513,3.696034,-0.259708,-0.948509,-1.208217
6.500000,12.462010,6.068323,-0.010044,-0.021523,-0.031567
1.400000,2.645710,1.268708,-0.928370,23.317780,22.389410
1.600000,3.052205,1.478414,-1.179624,3.152945,1.973321
1.800000,3.408761,1.638311,-1.409600,-6.063109,-7.472709
