R1,R2,R3,ETriat,EDiat,E
5.200000,5.977801,0.972550,-1.373356,21.121326,19.747970
2.000000,4.821450,3.114177,-1.762631,-7.217818,-8.980449
4.000000,9.642900,6.228355,-0.513629,-0.406280,-0.919909
4.500000,10.848260,7.006899,-0.281371,-0.084134,-0.365505
4.500000,10.848260,7.006899,-0.281371,-0.084134,-0.365505
1.400000,3.375015,2.179924,-2.264128,18.892508,16.628380
1.600000,3.857160,2.491342,-2.559052,3.066481,0.507429
1.400000,7.532267,6.405411,-0.027879,21.661279,21.633400
2.000000,10.760380,9.150587,0.021172,-6.563134,-6.541962
1.800000,9.684343,8.235529,0.022715,-3.124862,-3.102147
