R1,R2,R3,ETriat,EDiat,E
2.000000,3.100571,4.519070,-1.443141,-7.285974,-8.729115
4.000000,6.104035,8.939125,-0.518064,-0.407403,-0.925467
3.200000,4.883228,7.151300,-0.406471,-2.980504,-3.386975
1.700000,2.606349,3.811504,-1.931623,-1.601536,-3.533159
1.800000,2.771088,4.047359,-2.066853,-4.459539,-6.526392
2.400000,3.662421,5.363475,-1.147681,-7.418863,-8.566544
5.200000,6.337191,9.844203,-0.092949,-0.025418,-0.118367
6.500000,7.921489,12.305250,-0.008849,-0.010153,-0.019002
1.800000,2.175384,3.388667,-1.648042,-5.885796,-7.533838
3.800000,3.022857,5.203609,-1.600973,-1.467965,-3.068938
3.200000,1.876990,3.022298,-0.112336,-6.090862,-6.203198
6.500000,3.750911,4.914622,-0.139855,-0.240888,-0.380743
4.500000,2.824003,2.532803,0.309698,-3.574746,-3.265048
9.000000,5.648006,5.065605,0.010596,-0.080315,-0.069719
