R1,R2,R3,ETriat,EDiat,E
6.500000,8.887935,6.062178,-0.010676,-0.018823,-0.029499
3.800000,6.802397,5.638159,-0.595710,-0.764446,-1.360156
1.400000,2.495935,2.067324,2.190380,17.149730,19.340110
4.000000,7.771321,6.657402,-0.524747,-0.404639,-0.929386
1.600000,3.108529,2.662961,0.342282,2.437188,2.779470
2.000000,3.885661,3.328701,-0.663855,-7.335141,-7.998996
2.400000,5.393818,4.829629,-0.024463,-7.259957,-7.284420
1.600000,5.179514,4.924043,0.032361,4.894694,4.927055
2.400000,7.769272,7.386065,0.011943,-7.197043,-7.185100
