R1,R2,R3,ETriat,EDiat,E
1.500000,4.215999,3.939232,0.524247,11.459823,11.984070
1.700000,4.745402,4.431636,0.214125,-0.044300,0.169825
1.800000,5.059199,4.727078,0.134645,-3.247828,-3.113183
4.000000,6.973357,5.706345,-0.548360,-0.424656,-0.973016
5.000000,8.716696,7.132931,-0.132163,-0.027513,-0.159676
3.200000,5.578685,4.565076,-0.611983,-3.092590,-3.704573
1.600000,2.789343,2.282538,1.867644,0.888255,2.755899
2.000000,3.486678,2.853172,0.134054,-8.661226,-8.527172
6.500000,8.321936,5.196152,-0.009821,-0.057793,-0.067615
4.000000,5.128356,3.204297,-1.004368,-1.587210,-2.591578
2.400000,2.740831,1.321427,0.487975,-6.731534,-6.243559
