R1,R2,R3,ETriat,EDiat,E
6.500000,4.609541,4.949998,-0.014363,-0.156064,-0.170427
7.500000,5.565000,6.951684,0.007629,-0.040927,-0.033298
5.200000,3.845239,4.806174,-0.122883,-0.477554,-0.600438
9.000000,6.678000,8.342020,0.010526,-0.013676,-0.003150
7.500000,9.742022,13.481100,0.007244,-0.008030,-0.000786
1.500000,1.948404,2.696220,2.097043,7.299668,9.396711
1.400000,5.606597,6.510280,0.123125,21.637325,21.760450
1.500000,6.078221,7.046450,0.071416,11.877454,11.948870
1.600000,6.549851,7.582624,0.041393,4.963181,5.004574
1.800000,7.493123,8.654985,0.023196,-3.126025,-3.102829
