R1,R2,R3,ETriat,EDiat,E
2.000000,3.683471,5.274670,-0.619552,-6.786506,-7.406058
4.000000,7.366943,10.549340,-0.520408,-0.400514,-0.920922
3.200000,5.696634,8.240558,-0.342180,-2.962623,-3.304803
1.600000,2.946777,4.219736,-1.971308,3.971152,1.999844
3.800000,2.779210,5.318739,-1.841490,-1.803967,-3.645457
2.000000,1.287759,2.537984,0.812027,-3.741558,-2.929531
4.500000,2.857291,5.662160,-1.050157,-1.003793,-2.053950
5.000000,3.219396,6.344960,-0.557504,-0.496640,-1.054144
1.800000,1.142916,2.264864,1.274564,4.424700,5.699264
2.000000,1.267685,2.513833,0.685666,-3.202604,-2.516938
5.200000,2.737092,5.367140,-0.745596,-1.139942,-1.885538
4.500000,2.439993,2.950330,0.210402,-3.274397,-3.063995
9.000000,4.879985,5.900660,-0.004215,-0.053711,-0.057927
7.500000,4.506937,3.997426,-0.006101,-0.385635,-0.391736
4.500000,2.704162,2.398456,0.619426,-4.061840,-3.442414
6.500000,4.444436,2.597769,0.146747,-2.455893,-2.309146
3.200000,2.278952,1.148666,3.100060,2.366770,5.466830
5.200000,3.799997,1.733669,0.225823,-3.242846,-3.017023
7.500000,6.436700,1.265015,1.626650,2.969509,4.596159
