R1,R2,R3,ETriat,EDiat,E
1.800000,8.799076,9.249859,0.023421,-3.124265,-3.100844
1.400000,6.843726,7.194335,-0.007289,21.662689,21.655400
2.000000,9.776751,10.277620,0.021334,-6.562848,-6.541514
1.800000,4.435617,4.715741,-0.004695,-3.275510,-3.280205
3.200000,7.885541,8.383540,-0.348197,-2.950472,-3.298669
1.600000,3.942771,4.191770,0.041288,4.623316,4.664604
2.400000,5.914156,6.287655,0.018121,-7.214139,-7.196018
1.500000,2.064582,2.022171,3.465380,6.573460,10.038840
7.500000,8.226781,6.812941,0.006268,-0.014187,-0.007919
3.800000,4.174073,3.457664,-1.230125,-1.622966,-2.853091
3.200000,3.012339,1.305079,-0.074133,-1.707584,-1.781717
