R1,R2,R3,ETriat,EDiat,E
1.400000,9.502180,8.598964,0.093085,21.670105,21.763190
2.400000,6.492082,4.765800,0.061487,-7.293540,-7.232053
2.400000,6.492082,4.765800,0.061487,-7.293540,-7.232053
4.000000,6.860520,3.670633,-0.604535,-0.974540,-1.579075
1.600000,2.744208,1.468253,0.398121,2.848419,3.246540
2.400000,4.116312,2.202380,-1.022559,-10.498911,-11.521470
3.200000,5.488416,2.936506,-0.915482,-4.621034,-5.536516
3.200000,4.574262,1.872799,-1.309293,-6.387580,-7.696873
3.200000,4.574262,1.872799,-1.265019,-6.387580,-7.652599
