R1,R2,R3,ETriat,EDiat,E
6.500000,4.989394,4.499741,-0.035177,-0.120911,-0.156088
4.000000,3.490257,4.242490,-1.045294,-1.227928,-2.273222
4.500000,3.915874,4.761980,-0.451354,-0.493623,-0.944977
5.000000,5.266007,6.830269,-0.139994,-0.072666,-0.212660
2.000000,2.106403,2.732108,0.969653,-11.014953,-10.045300
1.800000,3.901559,4.808508,0.467225,-3.545093,-3.077868
3.800000,8.263928,10.178650,-0.573028,-0.745602,-1.318630
1.500000,3.308650,4.064540,1.263854,10.800646,12.064500
1.700000,3.671156,4.527694,0.691294,-0.465863,0.225431
2.000000,4.411533,5.419387,0.199014,-6.746274,-6.547260
