In ACPF:
 * 116.57000003,2.21700000,2.83800000,0.08795174,-163.54684994 is repeated twice
 * 80.00000000,2.50000000,8.00000000,0.32712042,-163.307681255228 is an outlayer

In MRCI+Q:
 * This 12 points have same locations, but different energies (Differences: 0.020953, 0.027756, 0.031565, 0.031837, 0.031838, 0.031837eV):
 	120,5.50,5.50,-163.28070413,0.35817,224.65
	120,5.50,6.00,-163.28075422,0.35812,224.62
	120,5.50,7.00,-163.28087794,0.35800,224.54
	120,5.50,8.00,-163.28086467,0.35801,224.55
	120,5.50,9.00,-163.28083619,0.35804,224.56
	120,5.50,10.00,-163.28081699,0.35806,224.58

	120,5.50,5.50,-163.27992922,0.35894,225.13
	120,5.50,6.00,-163.27973719,0.35914,225.25
	120,5.50,7.00,-163.27970944,0.35916,225.27
	120,5.50,8.00,-163.27969296,0.35918,225.28
	120,5.50,9.00,-163.27966571,0.35921,225.30
	120,5.50,10.00,-163.27964736,0.35923,225.31