R1,R2,R3,ETriat,E,ENew
1.700000,2.800000,3.935734,19.261867,9.195761,7.909866
2.800000,1.700000,3.935734,19.261867,9.195761,7.909866
1.800000,5.000000,6.102459,9.221614,2.193073,1.385247
5.000000,1.800000,6.102459,9.221614,2.193073,1.385247
1.800000,2.300000,3.559494,24.689921,7.733900,6.326688
2.300000,1.800000,3.559494,24.689921,7.733900,6.326688
1.800000,2.150000,3.425274,26.899074,8.917070,7.427906
2.150000,1.800000,3.425274,26.899074,8.917070,7.427906
1.600000,3.500000,4.517743,12.386410,10.567183,9.442039
3.500000,1.600000,4.517743,12.386410,10.567183,9.442039
1.600000,10.000000,10.888526,9.102140,8.963906,8.112744
10.000000,1.600000,10.888526,9.102140,8.963906,8.112744
1.600000,6.000000,6.939741,8.857270,8.691132,7.832317
6.000000,1.600000,6.939741,8.857270,8.691132,7.832317
1.800000,3.500000,4.667976,12.424167,3.845326,2.819876
3.500000,1.800000,4.667976,12.424167,3.845326,2.819876
1.900000,4.000000,5.216321,10.433298,1.428809,0.579835
4.000000,1.900000,5.216321,10.433298,1.428809,0.579835
1.900000,3.500000,4.744470,12.405380,2.331521,1.395596
3.500000,1.900000,4.744470,12.405380,2.331521,1.395596
2.000000,8.000000,9.165151,9.214038,0.038984,-0.569915
8.000000,2.000000,9.165151,9.214038,0.038984,-0.569915
2.150000,2.800000,4.299128,17.183620,2.479448,1.551555
2.800000,2.150000,4.299128,17.183620,2.479448,1.551555
1.900000,5.000000,6.173330,9.363617,0.825676,0.100424
5.000000,1.900000,6.173330,9.363617,0.825676,0.100424
1.900000,6.000000,7.142129,9.203857,0.728002,0.035285
6.000000,1.900000,7.142129,9.203857,0.728002,0.035285
2.000000,2.300000,3.726929,22.871493,4.090519,2.860491
2.300000,2.000000,3.726929,22.871493,4.090519,2.860491
2.500000,2.800000,4.592385,15.675869,2.990568,2.231797
2.800000,2.500000,4.592385,15.675869,2.990568,2.231797
1.800000,3.000000,4.200000,16.402683,5.305739,4.155062
3.000000,1.800000,4.200000,16.402683,5.305739,4.155062
1.900000,2.500000,3.822303,21.337787,4.764656,3.536539
2.500000,1.900000,3.822303,21.337787,4.764656,3.536539
2.000000,6.000000,7.211103,9.247544,0.049658,-0.565953
6.000000,2.000000,7.211103,9.247544,0.049658,-0.565953
1.700000,2.300000,3.477068,25.662449,11.075872,9.593781
2.300000,1.700000,3.477068,25.662449,11.075872,9.593781
2.800000,3.500000,5.467175,11.880705,5.156621,4.641801
3.500000,2.800000,5.467175,11.880705,5.156621,4.641801
1.800000,6.000000,7.073896,9.161806,2.196287,1.421348
6.000000,1.800000,7.073896,9.161806,2.196287,1.421348
1.900000,2.300000,3.642801,23.761015,5.513720,4.197707
2.300000,1.900000,3.642801,23.761015,5.513720,4.197707
1.700000,10.000000,10.949429,9.087285,4.770435,3.937369
10.000000,1.700000,10.949429,9.087285,4.770435,3.937369
2.000000,2.500000,3.905125,20.668599,3.501143,2.359033
2.500000,2.000000,3.905125,20.668599,3.501143,2.359033
1.700000,3.500000,4.592385,12.443162,6.467385,5.368569
3.500000,1.700000,4.592385,12.443162,6.467385,5.368569
3.000000,5.000000,7.000000,9.790495,5.872529,5.569481
5.000000,3.000000,7.000000,9.790495,5.872529,5.569481
1.700000,4.000000,5.068530,10.385158,5.501047,4.496876
4.000000,1.700000,5.068530,10.385158,5.501047,4.496876
2.500000,3.500000,5.220153,12.168860,3.225780,2.624968
3.500000,2.500000,5.220153,12.168860,3.225780,2.624968
2.150000,2.500000,4.030819,19.737457,2.618631,1.581330
2.500000,2.150000,4.030819,19.737457,2.618631,1.581330
1.800000,10.000000,11.010904,9.125019,2.186472,1.418893
10.000000,1.800000,11.010904,9.125019,2.186472,1.418893
1.800000,2.800000,4.014972,18.503281,5.910984,4.699538
2.800000,1.800000,4.014972,18.503281,5.910984,4.699538
2.000000,10.000000,11.135529,9.212045,0.040310,-0.568189
10.000000,2.000000,11.135529,9.212045,0.040310,-0.568189
2.000000,3.000000,4.358899,16.046414,2.809383,1.836993
3.000000,2.000000,4.358899,16.046414,2.809383,1.836993
1.600000,3.000000,4.044750,16.741278,12.311515,11.058844
3.000000,1.600000,4.044750,16.741278,12.311515,11.058844
1.800000,8.000000,9.035486,9.127175,2.185211,1.417223
8.000000,1.800000,9.035486,9.127175,2.185211,1.417223
1.700000,2.500000,3.659235,22.743507,9.975031,8.581906
2.500000,1.700000,3.659235,22.743507,9.975031,8.581906
2.150000,2.300000,3.854543,21.633911,2.978273,1.852559
2.300000,2.150000,3.854543,21.633911,2.978273,1.852559
1.800000,4.000000,5.141984,10.407557,2.908168,1.973530
4.000000,1.800000,5.141984,10.407557,2.908168,1.973530
2.300000,2.800000,4.423799,16.531941,2.483391,1.636825
2.800000,2.300000,4.423799,16.531941,2.483391,1.636825
1.700000,2.150000,3.341781,28.083172,12.403689,10.838531
2.150000,1.700000,3.341781,28.083172,12.403689,10.838531
2.300000,3.500000,5.058656,12.280441,2.017075,1.339190
3.500000,2.300000,5.058656,12.280441,2.017075,1.339190
1.900000,10.000000,11.072940,9.167687,0.718381,0.032894
10.000000,1.900000,11.072940,9.167687,0.718381,0.032894
1.600000,4.000000,4.995998,10.355523,9.642714,8.615916
4.000000,1.600000,4.995998,10.355523,9.642714,8.615916
2.300000,6.000000,7.422264,9.383390,0.676933,0.218636
6.000000,2.300000,7.422264,9.383390,0.676933,0.218636
2.000000,4.000000,5.291503,10.459297,0.737390,-0.031475
4.000000,2.000000,5.291503,10.459297,0.737390,-0.031475
2.800000,4.000000,5.919459,10.615332,4.920739,4.468242
4.000000,2.800000,5.919459,10.615332,4.920739,4.468242
1.700000,5.000000,6.032412,9.288176,4.879869,4.006020
5.000000,1.700000,6.032412,9.288176,4.879869,4.006020
2.300000,4.000000,5.521775,10.534335,1.314803,0.709969
4.000000,2.300000,5.521775,10.534335,1.314803,0.709969
1.900000,2.000000,3.377869,27.929440,8.366240,6.862663
2.000000,1.900000,3.377869,27.929440,8.366240,6.862663
2.000000,5.000000,6.244998,9.405191,0.146083,-0.501748
5.000000,2.000000,6.244998,9.405191,0.146083,-0.501748
1.900000,3.000000,4.279019,16.298045,3.741173,2.682150
3.000000,1.900000,4.279019,16.298045,3.741173,2.682150
1.900000,2.800000,4.095119,18.134147,4.111408,2.991379
2.800000,1.900000,4.095119,18.134147,4.111408,2.991379
1.800000,1.900000,3.204684,31.272470,13.183441,11.497168
1.900000,1.800000,3.204684,31.272470,13.183441,11.497168
1.600000,5.000000,5.963221,9.288966,9.057696,8.165152
5.000000,1.600000,5.963221,9.288966,9.057696,8.165152
2.300000,2.500000,4.158125,18.751322,2.345061,1.389134
2.500000,2.300000,4.158125,18.751322,2.345061,1.389134
2.000000,2.800000,4.176123,17.835427,3.157304,2.123909
2.800000,2.000000,4.176123,17.835427,3.157304,2.123909
2.000000,2.150000,3.594788,24.677777,4.989636,3.679014
2.150000,2.000000,3.594788,24.677777,4.989636,3.679014
1.700000,8.000000,8.971622,9.089524,4.769205,3.935724
8.000000,1.700000,8.971622,9.089524,4.769205,3.935724
2.300000,5.000000,6.464519,9.534175,0.768703,0.278972
5.000000,2.300000,6.464519,9.534175,0.768703,0.278972
1.900000,2.150000,3.509630,25.873852,6.662736,5.265607
2.150000,1.900000,3.509630,25.873852,6.662736,5.265607
1.900000,8.000000,9.100000,9.169765,0.717092,0.031201
8.000000,1.900000,9.100000,9.169765,0.717092,0.031201
1.800000,2.000000,3.292416,29.625510,11.221595,9.624721
2.000000,1.800000,3.292416,29.625510,11.221595,9.624721
1.700000,3.000000,4.121893,16.575115,8.039051,6.813532
3.000000,1.700000,4.121893,16.575115,8.039051,6.813532
2.500000,3.000000,4.769696,14.567974,3.252257,2.550040
3.000000,2.500000,4.769696,14.567974,3.252257,2.550040
1.600000,8.000000,8.908423,9.103689,8.961931,8.110348
8.000000,1.600000,8.908423,9.103689,8.961931,8.110348
2.150000,3.000000,4.480234,15.634582,2.342019,1.474573
3.000000,2.150000,4.480234,15.634582,2.342019,1.474573
1.600000,2.800000,3.857460,19.209003,13.208892,11.896290
2.800000,1.600000,3.857460,19.209003,13.208892,11.896290
2.300000,3.000000,4.603260,15.190645,2.531840,1.744455
3.000000,2.300000,4.603260,15.190645,2.531840,1.744455
1.700000,6.000000,7.006426,9.124627,4.780354,3.939786
6.000000,1.700000,7.006426,9.124627,4.780354,3.939786
1.800000,2.500000,3.740321,22.029446,6.815885,5.496905
2.500000,1.800000,3.740321,22.029446,6.815885,5.496905
3.000000,4.000000,6.082763,10.598018,6.237743,5.825582
4.000000,3.000000,6.082763,10.598018,6.237743,5.825582
2.800000,3.000000,5.023943,13.601245,4.524756,3.919509
3.000000,2.800000,5.023943,13.601245,4.524756,3.919509
