R1,R2,R3,ETriat,E,ENew
1.511781,2.841227,1.511787,31.564151,56.986822,56.986822
1.511787,2.841227,1.511781,31.564151,56.986822,56.986822
1.511781,3.019487,1.700755,29.542821,44.157202,44.157202
1.700755,3.019487,1.511781,29.542821,44.157202,44.157202
1.511781,3.198978,1.889723,27.384985,37.287892,37.287892
1.889723,3.198978,1.511781,27.384985,37.287892,37.287892
1.511781,3.379519,2.078705,25.173631,33.472761,33.472761
2.078705,3.379519,1.511781,25.173631,33.472761,33.472761
1.511781,3.560919,2.267672,22.892107,31.124377,31.124377
2.267672,3.560919,1.511781,22.892107,31.124377,31.124377
1.511781,3.743077,2.456642,19.913783,28.777294,28.777294
2.456642,3.743077,1.511781,19.913783,28.777294,28.777294
1.511781,3.925870,2.645610,16.328964,26.075493,26.075493
2.645610,3.925870,1.511781,16.328964,26.075493,26.075493
1.511781,4.109238,2.834592,13.497798,24.163699,24.163699
2.834592,4.109238,1.511781,13.497798,24.163699,24.163699
1.511781,4.477360,3.212542,9.609599,21.911454,21.911454
3.212542,4.477360,1.511781,9.609599,21.911454,21.911454
1.511781,5.032266,3.779460,6.646067,20.495008,20.495008
3.779460,5.032266,1.511781,6.646067,20.495008,20.495008
1.511781,5.403586,4.157397,5.855665,20.120212,20.120212
4.157397,5.403586,1.511781,5.855665,20.120212,20.120212
1.511781,6.335326,5.102265,5.404784,19.856472,19.856472
5.102265,6.335326,1.511781,5.404784,19.856472,19.856472
1.511781,7.270445,6.047120,5.356308,19.832665,19.832665
6.047120,7.270445,1.511781,5.356308,19.832665,19.832665
1.889723,3.551517,1.889726,24.946881,19.006578,19.006578
1.889726,3.551517,1.889723,24.946881,19.006578,19.006578
1.889726,3.729664,2.078705,23.651502,15.880199,15.880199
2.078705,3.729664,1.889726,23.651502,15.880199,15.880199
1.889726,3.908811,2.267672,21.821538,13.753059,13.753059
2.267672,3.908811,1.889726,21.821538,13.753059,13.753059
1.889726,4.088853,2.456642,18.614348,10.972726,10.972726
2.456642,4.088853,1.889726,18.614348,10.972726,10.972726
1.889726,4.269656,2.645610,15.241768,8.322658,8.322658
2.645610,4.269656,1.889726,15.241768,8.322658,8.322658
1.889726,4.451155,2.834592,12.910047,6.797976,6.797976
2.834592,4.451155,1.889726,12.910047,6.797976,6.797976
1.889726,4.815864,3.212542,9.313429,4.727903,4.727903
3.212542,4.815864,1.889726,9.313429,4.727903,4.727903
1.889726,5.366355,3.779460,6.480674,3.411498,3.411498
3.779460,5.366355,1.889726,6.480674,3.411498,3.411498
1.889726,5.735124,4.157397,5.730964,3.075643,3.075643
4.157397,5.735124,1.889726,5.730964,3.075643,3.075643
1.889726,6.661560,5.102265,5.325815,2.854009,2.854009
5.102265,6.661560,1.889726,5.325815,2.854009,2.854009
1.889726,7.592530,6.047120,5.291097,2.842084,2.842084
6.047120,7.592530,1.889726,5.291097,2.842084,2.842084
2.267671,4.261825,2.267672,19.393844,8.826375,8.826375
2.267672,4.261825,2.267671,19.393844,8.826375,8.826375
2.267671,4.439876,2.456642,16.877593,6.620053,6.620053
2.456642,4.439876,2.267671,16.877593,6.620053,6.620053
2.267671,4.618784,2.645610,14.381171,4.771570,4.771570
2.645610,4.618784,2.267671,14.381171,4.771570,4.771570
2.267671,4.798481,2.834592,12.239923,3.394803,3.394803
2.834592,4.798481,2.267671,12.239923,3.394803,3.394803
2.267671,5.159847,3.212542,9.014040,1.664315,1.664315
3.212542,5.159847,2.267671,9.014040,1.664315,1.664315
2.267671,5.705919,3.779460,6.333309,0.494221,0.494221
3.779460,5.705919,2.267671,6.333309,0.494221,0.494221
2.267671,6.072087,4.157397,5.614920,0.188287,0.188287
4.157397,6.072087,2.267671,5.614920,0.188287,0.188287
2.267671,6.993003,5.102265,5.238496,-0.007979,-0.007979
5.102265,6.993003,2.267671,5.238496,-0.007979,-0.007979
2.267671,7.919554,6.047120,5.207837,-0.017129,-0.017129
6.047120,7.919554,2.267671,5.207837,-0.017129,-0.017129
2.645610,4.972127,2.645617,12.400377,3.682567,3.682567
2.645617,4.972127,2.645610,12.400377,3.682567,3.682567
2.645617,5.150119,2.834592,11.109473,3.145893,3.145893
2.834592,5.150119,2.645617,11.109473,3.145893,3.145893
2.645617,5.508284,3.212542,8.653705,2.179957,2.179957
3.212542,5.508284,2.645617,8.653705,2.179957,2.179957
2.645617,6.050037,3.779460,6.228801,1.263587,1.263587
3.779460,6.050037,2.645617,6.228801,1.263587,1.263587
2.645617,6.413620,4.157397,5.551008,0.996637,0.996637
4.157397,6.413620,2.645617,5.551008,0.996637,0.996637
2.645617,7.328948,5.102265,5.203658,0.826867,0.826867
5.102265,7.328948,2.645617,5.203658,0.826867,0.826867
2.645617,8.250930,6.047120,5.173780,0.817630,0.817630
6.047120,8.250930,2.645617,5.173780,0.817630,0.817630
3.023562,5.860379,3.212542,8.021471,3.068141,3.068141
3.212542,5.860379,3.023562,8.021471,3.068141,3.068141
3.023562,6.397973,3.779460,6.125073,2.677908,2.677908
3.779460,6.397973,3.023562,6.125073,2.677908,2.677908
3.023562,6.759030,4.157397,5.506240,2.468546,2.468546
4.157397,6.759030,3.023562,5.506240,2.468546,2.468546
3.023562,7.668805,5.102265,5.181914,2.320024,2.320024
5.102265,7.668805,3.023562,5.181914,2.320024,2.320024
3.023562,8.586154,6.047120,5.151025,2.309183,2.309183
6.047120,8.586154,3.023562,5.151025,2.309183,2.309183
3.779452,7.103052,3.779460,5.722119,4.495775,4.495775
3.779460,7.103052,3.779452,5.722119,4.495775,4.495775
3.779452,7.459321,4.157397,5.443136,4.624653,4.624653
4.157397,7.459321,3.779452,5.443136,4.624653,4.624653
3.779452,8.358336,5.102265,5.208098,4.563466,4.563466
5.102265,8.358336,3.779452,5.208098,4.563466,4.563466
3.779452,9.266472,6.047120,5.170923,4.545643,4.545643
6.047120,9.266472,3.779452,5.170923,4.545643,4.545643
4.535343,9.058462,5.102265,5.221642,5.117009,5.117009
5.102265,9.058462,4.535343,5.221642,5.117009,5.117009
4.535343,9.957695,6.047120,5.229396,5.143765,5.143765
6.047120,9.957695,4.535343,5.229396,5.143765,5.143765
5.291233,10.657702,6.047120,5.201344,5.159766,5.159766
6.047120,10.657702,5.291233,5.201344,5.159766,5.159766
