R1,R2,R3,ETriat,E,ENew
1.511781,1.849118,1.700749,54.660005,70.502896,70.502896
1.700749,1.849118,1.511781,54.660005,70.502896,70.502896
1.511781,1.975431,1.889721,50.662093,59.009715,59.009715
1.889721,1.975431,1.511781,50.662093,59.009715,59.009715
1.511781,2.111123,2.078694,45.691925,50.716284,50.716284
2.078694,2.111123,1.511781,45.691925,50.716284,50.716284
1.511781,2.254501,2.267667,39.076644,43.158526,43.158526
2.267667,2.254501,1.511781,39.076644,43.158526,43.158526
1.511781,2.404185,2.456646,31.915680,36.372953,36.372953
2.456646,2.404185,1.511781,31.915680,36.372953,36.372953
1.511781,2.559079,2.645618,25.881526,31.384562,31.384562
2.645618,2.559079,1.511781,25.881526,31.384562,31.384562
1.511781,2.718287,2.834591,21.002576,27.844445,27.844445
2.834591,2.718287,1.511781,21.002576,27.844445,27.844445
1.511781,2.834585,2.971886,18.100659,25.969294,25.969294
2.971886,2.834585,1.511781,18.100659,25.969294,25.969294
1.511781,3.046925,3.212536,13.987667,23.637085,23.637085
3.212536,3.046925,1.511781,13.987667,23.637085,23.637085
1.511781,3.558286,3.779461,8.205787,21.029905,21.029905
3.779461,3.558286,1.511781,8.205787,21.029905,21.029905
1.511781,3.907702,4.157388,6.498514,20.359842,20.359842
4.157388,3.907702,1.511781,6.498514,20.359842,20.359842
1.511781,4.157397,4.423735,5.918431,20.113751,20.113751
4.423735,4.157397,1.511781,5.918431,20.113751,20.113751
1.511781,4.800229,5.102258,5.437456,19.855127,19.855127
5.102258,4.800229,1.511781,5.437456,19.855127,19.855127
1.511781,5.709624,6.047127,5.372651,19.833879,19.833879
6.047127,5.709624,1.511781,5.372651,19.833879,19.833879
1.889721,2.167801,1.889726,45.811760,35.894560,35.894560
1.889726,2.167801,1.889721,45.811760,35.894560,35.894560
1.889726,2.281452,2.078694,41.832259,29.546140,29.546140
2.078694,2.281452,1.889726,41.832259,29.546140,29.546140
1.889726,2.404601,2.267667,36.412710,23.693372,23.693372
2.267667,2.404601,1.889726,36.412710,23.693372,23.693372
1.889726,2.535856,2.456646,30.058356,17.941339,17.941339
2.456646,2.535856,1.889726,30.058356,17.941339,17.941339
1.889726,2.674041,2.645618,24.531896,13.525961,13.525961
2.645618,2.674041,1.889726,24.531896,13.525961,13.525961
1.889726,2.818128,2.834591,20.002557,10.319445,10.319445
2.834591,2.818128,1.889726,20.002557,10.319445,10.319445
1.889726,3.120706,3.212536,13.450615,6.459042,6.459042
3.212536,3.120706,1.889726,13.450615,6.459042,6.459042
1.889726,3.601373,3.779461,8.017446,4.016558,4.016558
3.779461,3.601373,1.889726,8.017446,4.016558,4.016558
1.889726,3.934579,4.157388,6.400462,3.367224,3.367224
4.157388,3.934579,1.889726,6.400462,3.367224,3.367224
1.889726,4.796738,5.102258,5.389508,2.880591,2.880591
5.102258,4.796738,1.889726,5.389508,2.880591,2.880591
1.889726,5.685247,6.047127,5.307118,2.841520,2.841520
6.047127,5.685247,1.889726,5.307118,2.841520,2.841520
1.551189,2.267671,2.267672,38.911240,39.857780,39.857780
2.267672,2.267671,1.551189,38.911240,39.857780,39.857780
2.267667,2.601368,2.267671,31.826975,16.905630,16.905630
2.267671,2.601368,2.267667,31.826975,16.905630,16.905630
2.003921,2.456642,2.267671,35.401823,21.206006,21.206006
2.267671,2.456642,2.003921,35.401823,21.206006,21.206006
2.267671,2.714169,2.456646,27.372857,13.129266,13.129266
2.456646,2.714169,2.267671,27.372857,13.129266,13.129266
2.267671,2.835100,2.645618,22.713455,9.573843,9.573843
2.645618,2.835100,2.267671,22.713455,9.573843,9.573843
2.267671,2.963155,2.834591,18.669576,6.799970,6.799970
2.834591,2.963155,2.267671,18.669576,6.799970,6.799970
2.267671,3.237212,3.212536,12.667620,3.326201,3.326201
3.212536,3.237212,2.267671,12.667620,3.326201,3.326201
2.267671,3.682941,3.779461,7.684041,1.079550,1.079550
3.779461,3.682941,2.267671,7.684041,1.079550,1.079550
2.267671,3.997171,4.157388,6.215950,0.472279,0.472279
4.157388,3.997171,2.267671,6.215950,0.472279,0.472279
2.267671,4.822954,5.102258,5.299342,0.015264,0.015264
5.102258,4.822954,2.267671,5.299342,0.015264,0.015264
2.267671,5.685943,6.047127,5.221846,-0.020424,-0.020424
6.047127,5.685943,2.267671,5.221846,-0.020424,-0.020424
1.809705,2.645610,2.645617,24.858242,15.511691,15.511691
2.645617,2.645610,1.809705,24.858242,15.511691,15.511691
2.645617,3.034925,2.645618,19.440427,7.976959,7.976959
2.645618,3.034925,2.645617,19.440427,7.976959,7.976959
2.645617,3.147128,2.834591,16.841325,6.559083,6.559083
2.834591,3.147128,2.645617,16.841325,6.559083,6.559083
2.645617,3.392045,3.212536,11.799417,3.834602,3.834602
3.212536,3.392045,2.645617,11.799417,3.834602,3.834602
2.645617,3.800514,3.779461,7.341361,1.812533,1.812533
3.779461,3.800514,2.645617,7.341361,1.812533,1.812533
2.645617,4.093840,4.157388,6.053761,1.261202,1.261202
4.157388,4.093840,2.645617,6.053761,1.261202,1.261202
2.645617,4.878397,5.102258,5.245191,0.832201,0.832201
5.102258,4.878397,2.645617,5.245191,0.832201,0.832201
2.645617,5.711703,6.047127,5.184645,0.811126,0.811126
6.047127,5.711703,2.645617,5.184645,0.811126,0.811126
3.023562,3.580234,3.212536,10.644636,4.701234,4.701234
3.212536,3.580234,3.023562,10.644636,4.701234,4.701234
3.023562,3.950879,3.779461,7.035913,3.219916,3.219916
3.779461,3.950879,3.023562,7.035913,3.219916,3.219916
3.023562,4.222246,4.157388,5.925453,2.726259,2.726259
4.157388,4.222246,3.023562,5.925453,2.726259,2.726259
3.023562,4.962088,5.102258,5.214904,2.319243,2.319243
5.102258,4.962088,3.023562,5.214904,2.319243,2.319243
3.023562,5.762190,6.047127,5.155917,2.297214,2.297214
6.047127,5.762190,3.023562,5.155917,2.297214,2.297214
2.585305,3.779452,3.779460,7.393749,1.611974,1.611974
3.779460,3.779452,2.585305,7.393749,1.611974,1.611974
3.779452,4.335617,3.779461,6.227205,4.885098,4.885098
3.779461,4.335617,3.779452,6.227205,4.885098,4.885098
3.779452,4.562903,4.157388,5.714405,4.832107,4.832107
4.157388,4.562903,3.779452,5.714405,4.832107,4.832107
3.779452,5.208310,5.102258,5.228934,4.556354,4.556354
5.102258,5.208310,3.779452,5.228934,4.556354,4.556354
3.779452,5.934514,6.047127,5.164795,4.525002,4.525002
6.047127,5.934514,3.779452,5.164795,4.525002,4.525002
4.535343,5.547378,5.102258,5.264147,5.138214,5.138214
5.102258,5.547378,4.535343,5.264147,5.138214,5.138214
4.535343,6.194903,6.047127,5.251694,5.154866,5.154866
6.047127,6.194903,4.535343,5.251694,5.154866,5.154866
5.291233,6.532834,6.047127,5.211116,5.161631,5.161631
6.047127,6.532834,5.291233,5.211116,5.161631,5.161631
