R1,R2,R3,ETriat,E,ENew
1.511781,2.042701,1.511788,47.859238,72.464169,72.464169
1.511788,2.042701,1.511781,47.859238,72.464169,72.464169
1.511781,2.174831,1.700762,44.225107,56.609424,56.609424
1.700762,2.174831,1.511781,44.225107,56.609424,56.609424
1.511781,2.314845,1.889718,40.149966,47.011211,47.011211
1.889718,2.314845,1.511781,40.149966,47.011211,47.011211
1.511781,2.461435,2.078691,35.984229,40.890236,40.890236
2.078691,2.461435,1.511781,35.984229,40.890236,40.890236
1.511781,2.613463,2.267665,31.389471,36.214804,36.214804
2.267665,2.613463,1.511781,31.389471,36.214804,36.214804
1.511781,2.770052,2.456638,26.005616,31.687937,31.687937
2.456638,2.770052,1.511781,26.005616,31.687937,31.687937
1.511781,2.930454,2.645612,21.032375,27.984468,27.984468
2.645612,2.930454,1.511781,21.032375,27.984468,27.984468
1.511781,3.094091,2.834585,17.049763,25.400877,25.400877
2.834585,3.094091,1.511781,17.049763,25.400877,25.400877
1.511781,3.429184,3.212532,11.414190,22.394400,22.394400
3.212532,3.429184,1.511781,11.414190,22.394400,22.394400
1.511781,3.946364,3.779453,7.082900,20.582777,20.582777
3.779453,3.946364,1.511781,7.082900,20.582777,20.582777
1.511781,4.298129,4.157400,5.976890,20.132398,20.132398
4.157400,4.298129,1.511781,5.976890,20.132398,20.132398
1.511781,5.193657,5.102269,5.392259,19.824165,19.824165
5.102269,5.193657,1.511781,5.392259,19.824165,19.824165
1.511781,6.104062,6.047118,5.364038,19.831537,19.831537
6.047118,6.104062,1.511781,5.364038,19.831537,19.831537
1.889718,2.553349,1.889726,35.177591,25.643630,25.643630
1.889726,2.553349,1.889718,35.177591,25.643630,25.643630
1.889726,2.684642,2.078691,32.357123,21.090398,21.090398
2.078691,2.684642,1.889726,32.357123,21.090398,21.090398
1.889726,2.822477,2.267665,28.938333,17.655700,17.655700
2.267665,2.822477,1.889726,28.938333,17.655700,17.655700
1.743803,2.456647,1.889726,37.266734,31.207853,31.207853
1.889726,2.456647,1.743803,37.266734,31.207853,31.207853
1.889726,2.965962,2.456638,24.031669,13.583896,13.583896
2.456638,2.965962,1.889726,24.031669,13.583896,13.583896
1.889726,3.114297,2.645612,19.515718,10.268926,10.268926
2.645612,3.114297,1.889726,19.515718,10.268926,10.268926
1.889726,3.266840,2.834585,15.937090,7.993394,7.993394
2.834585,3.266840,1.889726,15.937090,7.993394,7.993394
1.889726,3.582352,3.212532,10.794691,5.250744,5.250744
3.212532,3.582352,1.889726,10.794691,5.250744,5.250744
1.889726,4.075584,3.779453,6.869562,3.564877,3.564877
3.779453,4.075584,1.889726,6.869562,3.564877,3.564877
1.889726,4.414251,4.157400,5.862893,3.129415,3.129415
4.157400,4.414251,1.889726,5.862893,3.129415,3.129415
1.889726,5.284271,5.102269,5.347067,2.854703,2.854703
5.102269,5.284271,1.889726,5.347067,2.854703,2.854703
1.889726,6.176307,6.047118,5.299075,2.841130,2.841130
6.047118,6.176307,1.889726,5.299075,2.841130,2.841130
2.267665,3.064024,2.267671,25.203973,12.118232,12.118232
2.267671,3.064024,2.267665,25.203973,12.118232,12.118232
2.267671,3.194739,2.456638,21.717794,9.376579,9.376579
2.456638,3.194739,2.267671,21.717794,9.376579,9.376579
2.267671,3.331038,2.645612,17.934882,6.679678,6.679678
2.645612,3.331038,2.267671,17.934882,6.679678,6.679678
2.267671,3.472287,2.834585,14.755496,4.672614,4.672614
2.834585,3.472287,2.267671,14.755496,4.672614,4.672614
2.267671,3.767344,3.212532,10.170794,2.220893,2.220893
3.212532,3.767344,2.267671,10.170794,2.220893,2.220893
2.267671,4.234698,3.779453,6.640581,0.658788,0.658788
3.779453,4.234698,2.267671,6.640581,0.658788,0.658788
2.267671,4.558837,4.157400,5.726999,0.245875,0.245875
4.157400,4.558837,2.267671,5.726999,0.245875,0.245875
2.267671,5.399875,5.102269,5.258032,-0.008499,-0.008499
5.102269,5.399875,2.267671,5.258032,-0.008499,-0.008499
2.267671,6.270538,6.047118,5.213478,-0.020034,-0.020034
6.047118,6.270538,2.267671,5.213478,-0.020034,-0.020034
2.645612,3.574699,2.645617,15.453900,5.752684,5.752684
2.645617,3.574699,2.645612,15.453900,5.752684,5.752684
2.645617,3.704995,2.834585,13.223095,4.548462,4.548462
2.834585,3.704995,2.645617,13.223095,4.548462,4.548462
2.645617,3.979723,3.212532,9.625325,2.826820,2.826820
3.212532,3.979723,2.645617,9.625325,2.826820,2.826820
2.645617,4.420479,3.779453,6.493390,1.446540,1.446540
3.779453,4.420479,2.645617,6.493390,1.446540,1.446540
2.645617,4.729277,4.157400,5.659935,1.065890,1.065890
4.157400,4.729277,2.645617,5.659935,1.065890,1.065890
2.645617,5.538905,5.102269,5.212507,0.817110,0.817110
5.102269,5.538905,2.645617,5.212507,0.817110,0.817110
2.645617,6.385782,6.047118,5.176480,0.812470,0.812470
6.047118,6.385782,2.645617,5.176480,0.812470,0.812470
3.023562,4.215353,3.212532,8.785208,3.676800,3.676800
3.212532,4.215353,3.023562,8.785208,3.676800,3.676800
3.023562,4.629717,3.779453,6.392928,2.896766,2.896766
3.779453,4.629717,3.023562,6.392928,2.896766,2.896766
3.023562,4.922886,4.157400,5.615736,2.546514,2.546514
4.157400,4.922886,3.023562,5.615736,2.546514,2.546514
3.023562,5.699647,5.102269,5.175313,2.296910,2.296910
5.102269,5.699647,3.023562,5.175313,2.296910,2.296910
3.023562,6.520925,6.047118,5.150660,2.301811,2.301811
6.047118,6.520925,3.023562,5.150660,2.301811,2.301811
3.779452,5.106725,3.779453,5.988175,4.734407,4.734407
3.779453,5.106725,3.779452,5.988175,4.734407,4.734407
3.779452,5.369299,4.157400,5.538307,4.697288,4.697288
4.157400,5.369299,3.779452,5.538307,4.697288,4.697288
3.779452,6.079147,5.102269,5.196296,4.540049,4.540049
5.102269,6.079147,3.779452,5.196296,4.540049,4.540049
3.779452,6.846022,6.047118,5.162203,4.531724,4.531724
6.047118,6.846022,3.779452,5.162203,4.531724,4.531724
4.535343,6.524479,5.102269,5.233131,5.121129,5.121129
5.102269,6.524479,4.535343,5.233131,5.121129,5.121129
4.535343,7.235766,6.047118,5.236931,5.147667,5.147667
6.047118,7.235766,4.535343,5.236931,5.147667,5.147667
5.291233,7.680323,6.047118,5.206354,5.162324,5.162324
6.047118,7.680323,5.291233,5.206354,5.162324,5.162324
