R1,R2,R3,ETriat,E,ENew
2.200005,3.816689,2.282033,21.235970,10.339393,10.339393
2.282033,3.816689,2.200005,21.235970,10.339393,10.339393
2.282033,3.987233,2.400010,18.859601,8.221229,8.221229
2.400010,3.987233,2.282033,18.859601,8.221229,8.221229
2.282033,4.160402,2.600015,15.850403,5.928655,5.928655
2.600015,4.160402,2.282033,15.850403,5.928655,5.928655
2.282033,4.335866,2.800012,13.138356,4.074232,4.074232
2.800012,4.335866,2.282033,13.138356,4.074232,4.074232
2.282033,4.513386,3.000017,10.998030,2.790871,2.790871
3.000017,4.513386,2.282033,10.998030,2.790871,2.790871
2.282033,4.692716,3.200022,9.320347,1.902037,1.902037
3.200022,4.692716,2.282033,9.320347,1.902037,1.902037
2.282033,4.873640,3.400018,8.012937,1.271479,1.271479
3.400018,4.873640,2.282033,8.012937,1.271479,1.271479
2.282033,5.056016,3.600024,7.036127,0.830596,0.830596
3.600024,5.056016,2.282033,7.036127,0.830596,0.830596
2.282033,5.239679,3.800029,6.344466,0.526440,0.526440
3.800029,5.239679,2.282033,6.344466,0.526440,0.526440
2.282033,5.424483,4.000025,5.885791,0.322239,0.322239
4.000025,5.424483,2.282033,5.885791,0.322239,0.322239
2.282033,5.610344,4.200030,5.600908,0.189024,0.189024
4.200030,5.610344,2.282033,5.600908,0.189024,0.189024
2.282033,5.797146,4.400035,5.433264,0.103814,0.103814
4.400035,5.797146,2.282033,5.433264,0.103814,0.103814
2.282033,5.984775,4.600015,5.337163,0.049305,0.049305
4.600015,5.984775,2.282033,5.337163,0.049305,0.049305
2.282033,6.173206,4.800020,5.283700,0.016348,0.016348
4.800020,6.173206,2.282033,5.283700,0.016348,0.016348
2.282033,6.362344,5.000025,5.253865,-0.002472,-0.002472
5.000025,6.362344,2.282033,5.253865,-0.002472,-0.002472
2.282033,6.552114,5.200022,5.236566,-0.012489,-0.012489
5.200022,6.552114,2.282033,5.236566,-0.012489,-0.012489
2.282033,6.742488,5.400027,5.225687,-0.017476,-0.017476
5.400027,6.742488,2.282033,5.225687,-0.017476,-0.017476
2.282033,6.933404,5.600032,5.218232,-0.019731,-0.019731
5.600032,6.933404,2.282033,5.218232,-0.019731,-0.019731
2.282033,7.124807,5.800028,5.212769,-0.020598,-0.020598
5.800028,7.124807,2.282033,5.212769,-0.020598,-0.020598
2.282033,7.316682,6.000034,5.208644,-0.020771,-0.020771
6.000034,7.316682,2.282033,5.208644,-0.020771,-0.020771
2.282033,7.798137,6.500029,5.202199,-0.020078,-0.020078
6.500029,7.798137,2.282033,5.202199,-0.020078,-0.020078
2.282033,8.281804,7.000042,5.199240,-0.018863,-0.018863
7.000042,8.281804,2.282033,5.199240,-0.018863,-0.018863
2.282033,8.767291,7.500038,5.198013,-0.017649,-0.017649
7.500038,8.767291,2.282033,5.198013,-0.017649,-0.017649
2.282033,9.254323,8.000033,5.197573,-0.016608,-0.016608
8.000033,9.254323,2.282033,5.197573,-0.016608,-0.016608
2.282033,9.742695,8.500055,5.195992,-0.017259,-0.017259
8.500055,9.742695,2.282033,5.195992,-0.017259,-0.017259
2.282033,10.232166,9.000050,5.195953,-0.016695,-0.016695
9.000050,10.232166,2.282033,5.195953,-0.016695,-0.016695
2.282033,10.722608,9.500046,5.195987,-0.016262,-0.016262
9.500046,10.722608,2.282033,5.195987,-0.016262,-0.016262
2.282033,11.213908,10.000059,5.196062,-0.015915,-0.015915
10.000059,11.213908,2.282033,5.196062,-0.015915,-0.015915
