R1,R2,R3,ETriat,E,ENew
1.511781,1.511781,2.137981,44.544964,68.584641,68.584641
2.137981,1.511781,1.511781,44.544964,68.584641,68.584641
1.511781,1.470464,2.078706,46.298029,74.446993,74.446993
2.078706,1.470464,1.511781,46.298029,74.446993,74.446993
1.511781,1.606110,2.267676,40.972690,57.963772,57.963772
2.267676,1.606110,1.511781,40.972690,57.963772,57.963772
1.511781,1.751665,2.456647,36.391316,46.990613,46.990613
2.456647,1.751665,1.511781,36.391316,46.990613,46.990613
1.511781,1.904861,2.645618,32.465470,39.919010,39.919010
2.645618,1.904861,1.511781,32.465470,39.919010,39.919010
1.511781,2.063996,2.834589,29.039751,35.398214,35.398214
2.834589,2.063996,1.511781,29.039751,35.398214,35.398214
1.511781,2.395309,3.212530,22.642144,29.930173,29.930173
3.212530,2.395309,1.511781,22.642144,29.930173,29.930173
1.511781,2.913639,3.779443,13.079210,23.692895,23.692895
3.779443,2.913639,1.511781,13.079210,23.692895,23.692895
1.511781,3.268167,4.157384,9.394404,21.769220,21.769220
4.157384,3.268167,1.511781,9.394404,21.769220,21.769220
1.511781,4.157404,5.084738,5.893014,20.150047,20.150047
5.084738,4.157404,1.511781,5.893014,20.150047,20.150047
1.511781,4.172535,5.102265,5.873174,20.139813,20.139813
5.102265,4.172535,1.511781,5.873174,20.139813,20.139813
1.511781,5.091611,6.047119,5.420457,19.868310,19.868310
6.047119,5.091611,1.511781,5.420457,19.868310,19.868310
1.889726,1.446337,1.889735,52.402420,68.331829,68.331829
1.889735,1.446337,1.889726,52.402420,68.331829,68.331829
1.889726,1.889726,2.672476,32.739761,23.636218,23.636218
2.672476,1.889726,1.889726,32.739761,23.636218,23.636218
1.889726,1.528656,2.078706,47.634934,53.657976,53.657976
2.078706,1.528656,1.889726,47.634934,53.657976,53.657976
1.889726,2.078691,2.928606,28.524688,18.241245,18.241245
2.928606,2.078691,1.889726,28.524688,18.241245,18.241245
1.889726,1.628837,2.267676,42.108009,40.869074,40.869074
2.267676,1.628837,1.889726,42.108009,40.869074,40.869074
1.889726,1.743803,2.456647,37.266734,31.207853,31.207853
2.456647,1.743803,1.889726,37.266734,31.207853,31.207853
1.889726,1.870831,2.645618,33.248360,24.404327,24.404327
2.645618,1.870831,1.889726,33.248360,24.404327,24.404327
1.889726,2.007632,2.834589,29.952822,19.862413,19.862413
2.834589,2.007632,1.889726,29.952822,19.862413,19.862413
1.889726,2.303477,3.212530,24.390134,14.641156,14.641156
3.212530,2.303477,1.889726,24.390134,14.641156,14.641156
1.889726,2.784741,3.779443,14.401906,7.564306,7.564306
3.779443,2.784741,1.889726,14.401906,7.564306,7.564306
1.889726,3.121602,4.157384,10.394373,5.311887,5.311887
4.157384,3.121602,1.889726,10.394373,5.311887,5.311887
1.889726,3.996059,5.102265,6.020255,3.224252,3.224252
5.102265,3.996059,1.889726,6.020255,3.224252,3.224252
1.889726,4.896727,6.047119,5.362744,2.877556,2.877556
6.047119,4.896727,1.889726,5.362744,2.877556,2.877556
2.267671,1.735602,2.267676,39.221391,30.423916,30.423916
2.267676,1.735602,2.267671,39.221391,30.423916,30.423916
2.267671,2.267671,3.206972,24.081236,11.533163,11.533163
3.206972,2.267671,2.267671,24.081236,11.533163,11.533163
2.267671,1.816329,2.456647,35.197110,24.193751,24.193751
2.456647,1.816329,2.267671,35.197110,24.193751,24.193751
2.456638,2.267671,3.194739,21.717794,9.376579,9.376579
3.194739,2.267671,2.456638,21.717794,9.376579,9.376579
2.267671,1.912382,2.645618,31.678144,19.302799,19.302799
2.645618,1.912382,2.267671,31.678144,19.302799,19.302799
2.267671,2.021579,2.834589,28.786398,15.785579,15.785579
2.834589,2.021579,2.267671,28.786398,15.785579,15.785579
2.271605,2.267671,3.212530,24.007948,11.478785,11.478785
3.212530,2.267671,2.271605,24.007948,11.478785,11.478785
2.267671,3.212526,4.385615,9.348801,1.925063,1.925063
4.385615,3.212526,2.267671,9.348801,1.925063,1.925063
2.267671,2.702953,3.779443,15.234177,5.293674,5.293674
3.779443,2.702953,2.267671,15.234177,5.293674,5.293674
2.267671,3.779461,5.028843,6.421342,0.567116,0.567116
5.028843,3.779461,2.267671,6.421342,0.567116,0.567116
2.267671,3.015554,4.157384,11.123048,2.851017,2.851017
4.157384,3.015554,2.267671,11.123048,2.851017,2.851017
2.267671,3.848717,5.102265,6.227758,0.480691,0.480691
5.102265,3.848717,2.267671,6.227758,0.480691,0.480691
2.267671,4.724092,6.047119,5.303408,0.031309,0.031309
6.047119,4.724092,2.267671,5.303408,0.031309,0.031309
2.645617,2.024868,2.645618,25.155480,12.244031,12.244031
2.645618,2.024868,2.645617,25.155480,12.244031,12.244031
2.645617,2.645617,3.741467,14.940626,5.583737,5.583737
3.741467,2.645617,2.645617,14.940626,5.583737,5.583737
2.645617,2.104438,2.834589,22.571989,9.846690,9.846690
2.834589,2.104438,2.645617,22.571989,9.846690,9.846690
2.645617,2.302186,3.212530,18.749820,7.091898,7.091898
3.212530,2.302186,2.645617,18.749820,7.091898,7.091898
2.645617,2.672604,3.779443,14.615045,5.425111,5.425111
3.779443,2.672604,2.645617,14.615045,5.425111,5.425111
2.645617,2.954389,4.157384,11.344668,3.695490,3.695490
4.157384,2.954389,2.645617,11.344668,3.695490,3.695490
2.645617,3.733958,5.102265,6.489245,1.427590,1.427590
5.102265,3.733958,2.645617,6.489245,1.427590,1.427590
2.645617,4.576226,6.047119,5.300449,0.880769,0.880769
6.047119,4.576226,2.645617,5.300449,0.880769,0.880769
3.023562,2.392827,3.212530,14.472989,4.435499,4.435499
3.212530,2.392827,3.023562,14.472989,4.435499,4.435499
3.023562,2.695433,3.779443,11.469175,3.881479,3.881479
3.779443,2.695433,3.023562,11.469175,3.881479,3.881479
3.023562,2.940910,4.157384,10.132114,3.942275,3.942275
4.157384,2.940910,3.023562,10.132114,3.942275,3.942275
3.023562,3.654852,5.102265,6.675180,2.974648,2.974648
5.102265,3.654852,3.023562,6.675180,2.974648,2.974648
3.023562,4.455595,6.047119,5.332135,2.404757,2.404757
6.047119,4.455595,3.023562,5.332135,2.404757,2.404757
3.779443,2.892664,3.779452,7.435819,2.859213,2.859213
3.779452,2.892664,3.779443,7.435819,2.859213,2.859213
3.779452,3.779452,5.344953,5.946308,4.698198,4.698198
5.344953,3.779452,3.779452,5.946308,4.698198,4.698198
3.779452,3.057300,4.157384,6.710382,3.201356,3.201356
4.157384,3.057300,3.779452,6.710382,3.201356,3.201356
3.779452,4.157400,5.857226,5.514255,4.682587,4.682587
5.857226,4.157400,3.779452,5.514255,4.682587,4.682587
3.779452,3.611925,5.102265,6.060202,4.483242,4.483242
5.102265,3.611925,3.779452,6.060202,4.483242,4.483242
3.779452,4.304689,6.047119,5.424261,4.668104,4.668104
6.047119,4.304689,3.779452,5.424261,4.668104,4.668104
4.535343,3.725158,5.102265,5.376048,4.567802,4.567802
5.102265,3.725158,4.535343,5.376048,4.567802,4.567802
4.535343,4.283819,6.047119,5.294530,5.069439,5.069439
6.047119,4.283819,4.535343,5.294530,5.069439,5.069439
5.291233,4.394839,6.047119,5.277578,5.134268,5.134268
6.047119,4.394839,5.291233,5.277578,5.134268,5.134268
2.282033,3.400013,4.608687,8.066522,1.304306,1.304306
4.608687,3.400013,2.282033,8.066522,1.304306,1.304306
