R1,R2,R3,ETriat,E,ENew
1.511788,1.511781,2.316189,39.189477,62.977184,62.977184
2.316189,1.511781,1.511788,39.189477,62.977184,62.977184
1.511781,1.700749,2.551270,34.356507,47.137921,47.137921
2.551270,1.700749,1.511781,34.356507,47.137921,47.137921
1.511781,1.474957,2.267672,40.318942,67.459776,67.459776
2.267672,1.474957,1.511781,40.318942,67.459776,67.459776
2.128418,1.511781,2.267671,40.966566,45.343210,45.343210
2.267671,1.511781,2.128418,40.966566,45.343210,45.343210
1.511781,1.621889,2.456642,36.191885,52.516849,52.516849
2.456642,1.621889,1.511781,36.191885,52.516849,52.516849
1.511781,1.776799,2.645610,32.645693,43.061434,43.061434
2.645610,1.776799,1.511781,32.645693,43.061434,43.061434
1.511781,1.937769,2.834592,29.519065,37.203592,37.203592
2.834592,1.937769,1.511781,29.519065,37.203592,37.203592
1.511781,2.834592,3.821737,13.936895,24.294225,24.294225
3.821737,2.834592,1.511781,13.936895,24.294225,24.294225
1.511781,2.272678,3.212542,23.963106,31.136822,31.136822
3.212542,2.272678,1.511781,23.963106,31.136822,31.136822
1.511781,2.795691,3.779460,14.507951,24.641095,24.641095
3.779460,2.795691,1.511781,14.507951,24.641095,24.641095
1.511781,3.779443,4.808757,6.697406,20.536941,20.536941
4.808757,3.779443,1.511781,6.697406,20.536941,20.536941
1.511781,3.152797,4.157397,10.289540,22.250821,22.250821
4.157397,3.152797,1.511781,10.289540,22.250821,22.250821
1.511781,4.062120,5.102265,6.032283,20.221814,20.221814
5.102265,4.062120,1.511781,6.032283,20.221814,20.221814
1.511781,4.984668,6.047120,5.432053,19.876636,19.876636
6.047120,4.984668,1.511781,5.432053,19.876636,19.876636
1.889731,1.889726,2.895234,29.205274,20.995994,20.995994
2.895234,1.889726,1.889731,29.205274,20.995994,20.995994
1.889726,1.368855,2.078705,46.810217,70.133261,70.133261
2.078705,1.368855,1.889726,46.810217,70.133261,70.133261
2.078691,1.889726,2.928606,28.524688,18.241245,18.241245
2.928606,1.889726,2.078691,28.524688,18.241245,18.241245
1.889726,1.465606,2.267672,41.274208,52.415941,52.415941
2.267672,1.465606,1.889726,41.274208,52.415941,52.415941
1.889726,1.579112,2.456642,36.730892,38.750217,38.750217
2.456642,1.579112,1.889726,36.730892,38.750217,38.750217
1.889726,1.706068,2.645610,33.063701,29.036742,29.036742
2.645610,1.706068,1.889726,33.063701,29.036742,29.036742
1.889726,1.843684,2.834592,30.056943,22.539236,22.539236
2.834592,1.843684,1.889726,30.056943,22.539236,22.539236
2.660516,1.889726,2.834588,22.138009,11.829297,11.829297
2.834588,1.889726,2.660516,22.138009,11.829297,11.829297
1.889726,2.142531,3.212542,25.395019,15.886487,15.886487
3.212542,2.142531,1.889726,25.395019,15.886487,15.886487
1.889726,2.629257,3.779460,16.610202,9.165266,9.165266
3.779460,2.629257,1.889726,16.610202,9.165266,9.165266
1.889726,2.969577,4.157397,11.811360,6.131903,6.131903
4.157397,2.969577,1.889726,11.811360,6.131903,6.131903
1.889726,3.851228,5.102265,6.338729,3.371864,3.371864
5.102265,3.851228,1.889726,6.338729,3.371864,3.371864
1.889726,4.757198,6.047120,5.387099,2.894164,2.894164
6.047120,4.757198,1.889726,5.387099,2.894164,2.894164
2.267671,1.551189,2.267672,38.911240,39.857780,39.857780
2.267672,1.551189,2.267671,38.911240,39.857780,39.857780
2.267673,2.267671,3.474278,22.823840,11.129227,11.129227
3.474278,2.267671,2.267673,22.823840,11.129227,11.129227
2.267671,1.625531,2.456642,34.904970,31.322985,31.322985
2.456642,1.625531,2.267671,34.904970,31.322985,31.322985
2.267671,1.717559,2.645610,31.526899,24.269204,24.269204
2.645610,1.717559,2.267671,31.526899,24.269204,24.269204
2.267671,1.824576,2.834592,28.732888,18.889148,18.889148
2.834592,1.824576,2.267671,28.732888,18.889148,18.889148
2.267671,2.074005,3.212542,24.589291,12.658245,12.658245
3.212542,2.074005,2.267671,24.589291,12.658245,12.658245
2.267671,2.509141,3.779460,18.070897,7.440805,7.440805
3.779460,2.509141,2.267671,18.070897,7.440805,7.440805
2.267671,2.825302,4.157397,13.066829,4.023800,4.023800
4.157397,2.825302,2.267671,13.066829,4.023800,4.023800
2.267671,3.667259,5.102265,6.779486,0.722229,0.722229
5.102265,3.667259,2.267671,6.779486,0.722229,0.722229
2.267671,4.549796,6.047120,5.355710,0.063832,0.063832
6.047120,4.549796,2.267671,5.355710,0.063832,0.063832
2.645610,1.809705,2.645617,24.858242,15.511691,15.511691
2.645617,1.809705,2.645610,24.858242,15.511691,15.511691
2.645617,2.645616,4.053322,14.243720,5.282617,5.282617
4.053322,2.645616,2.645617,14.243720,5.282617,5.282617
2.645617,1.882730,2.834592,22.355799,12.120964,12.120964
2.834592,1.882730,2.645617,22.355799,12.120964,12.120964
2.645617,2.073220,3.212542,18.830069,7.772497,7.772497
3.212542,2.073220,2.645617,18.830069,7.772497,7.772497
2.645617,2.442184,3.779460,15.448694,5.502820,5.502820
3.779460,2.442184,2.645617,15.448694,5.502820,5.502820
2.645617,2.726161,4.157397,13.262515,4.688311,4.688311
4.157397,2.726161,2.645617,13.262515,4.688311,4.688311
2.645617,3.514442,5.102265,7.307511,1.765223,1.765223
5.102265,3.514442,2.645617,7.307511,1.765223,1.765223
2.645617,4.365323,6.047120,5.404907,0.939744,0.939744
6.047120,4.365323,2.645617,5.404907,0.939744,0.939744
3.023562,2.140250,3.212542,14.366948,4.472792,4.472792
3.212542,2.140250,3.023562,14.366948,4.472792,4.472792
3.023562,2.432781,3.779460,11.625381,3.171001,3.171001
3.779460,2.432781,3.023562,11.625381,3.171001,3.171001
3.023562,2.677176,4.157397,10.737955,3.486085,3.486085
4.157397,2.677176,3.023562,10.737955,3.486085,3.486085
3.023562,3.396983,5.102265,7.674006,3.315794,3.315794
5.102265,3.396983,3.023562,7.674006,3.315794,3.315794
3.023562,4.206795,6.047120,5.505500,2.488970,2.488970
6.047120,4.206795,3.023562,5.505500,2.488970,2.488970
3.779452,2.585305,3.779460,7.393749,1.611974,1.611974
3.779460,2.585305,3.779452,7.393749,1.611974,1.611974
3.779462,3.779452,5.790468,5.868036,4.628686,4.628686
5.790468,3.779452,3.779462,5.868036,4.628686,4.628686
3.779452,2.737691,4.157397,6.698404,1.899955,1.899955
4.157397,2.737691,3.779452,6.698404,1.899955,1.899955
4.157400,3.779452,5.857226,5.514255,4.682587,4.682587
5.857226,3.779452,4.157400,5.514255,4.682587,4.682587
3.779452,3.282217,5.102265,6.232888,3.722809,3.722809
5.102265,3.282217,3.779452,6.232888,3.722809,3.722809
5.102259,3.779452,5.798287,5.201997,4.541394,4.541394
5.798287,3.779452,5.102259,5.201997,4.541394,4.541394
3.779452,3.979490,6.047120,5.660936,4.688485,4.688485
6.047120,3.979490,3.779452,5.660936,4.688485,4.688485
4.535343,3.339032,5.102265,5.295599,3.512320,3.512320
5.102265,3.339032,4.535343,5.295599,3.512320,3.512320
4.535343,5.102260,7.653808,5.220861,5.114320,5.114320
7.653808,5.102260,4.535343,5.220861,5.114320,5.114320
4.535343,3.888226,6.047120,5.353618,4.815715,4.815715
6.047120,3.888226,4.535343,5.353618,4.815715,4.815715
5.291233,3.942461,6.047120,5.204808,4.775907,4.775907
6.047120,3.942461,5.291233,5.204808,4.775907,4.775907
