R1,R2,R3,ETriat,E,ENew
1.511781,2.398759,1.511782,29.622740,53.521249,53.521249
1.511782,2.398759,1.511781,29.622740,53.521249,53.521249
1.511781,2.551270,1.700749,26.404005,39.185419,39.185419
1.700749,2.551270,1.511781,26.404005,39.185419,39.185419
1.511781,2.708394,1.889734,23.148319,31.110544,31.110544
1.889734,2.708394,1.511781,23.148319,31.110544,31.110544
1.511781,2.869350,2.078701,20.077946,26.479386,26.479386
2.078701,2.869350,1.511781,20.077946,26.479386,26.479386
1.511781,3.033540,2.267668,17.133932,23.631491,23.631491
2.267668,3.033540,1.511781,17.133932,23.631491,23.631491
1.511781,3.200464,2.456635,14.410587,21.793157,21.793157
2.456635,3.200464,1.511781,14.410587,21.793157,21.793157
1.511781,3.369744,2.645625,11.971227,20.541928,20.541928
2.645625,3.369744,1.511781,11.971227,20.541928,20.541928
1.511781,3.540992,2.834592,9.880673,19.681151,19.681151
2.834592,3.540992,1.511781,9.880673,19.681151,19.681151
1.511781,3.888416,3.212526,6.879367,18.810833,18.810833
3.212526,3.888416,1.511781,6.879367,18.810833,18.810833
1.511781,4.418978,3.779450,4.996832,18.784381,18.784381
3.779450,4.418978,1.511781,4.996832,18.784381,18.784381
1.511781,4.777328,4.157402,4.848914,19.093090,19.093090
4.157402,4.777328,1.511781,4.848914,19.093090,19.093090
1.511781,5.684306,5.102260,5.377422,19.819612,19.819612
5.102260,5.684306,1.511781,5.377422,19.819612,19.819612
1.511781,6.601918,6.047118,5.450734,19.923426,19.923426
6.047118,6.601918,1.511781,5.450734,19.923426,19.923426
1.889726,2.998447,1.889734,19.109061,11.317254,11.317254
1.889734,2.998447,1.889726,19.109061,11.317254,11.317254
1.889726,3.150465,2.078701,17.041317,7.629266,7.629266
2.078701,3.150465,1.889726,17.041317,7.629266,7.629266
1.889726,3.306295,2.267668,15.071730,5.643926,5.643926
2.267668,3.306295,1.889726,15.071730,5.643926,5.643926
1.889726,3.465424,2.456635,13.176764,4.485454,4.485454
2.456635,3.465424,1.889726,13.176764,4.485454,4.485454
1.889726,3.627444,2.645625,11.535530,3.862702,3.862702
2.645625,3.627444,1.889726,11.535530,3.862702,3.862702
1.889726,3.791934,2.834592,10.018682,3.403736,3.403736
2.834592,3.791934,1.889726,10.018682,3.403736,3.403736
1.889726,4.127209,3.212526,7.627896,2.861728,2.861728
3.212526,4.127209,1.889726,7.627896,2.861728,2.861728
1.889726,4.642452,3.779450,5.864924,2.764679,2.764679
3.779450,4.642452,1.889726,5.864924,2.764679,2.764679
1.889726,4.992173,4.157402,5.513734,2.841564,2.841564
4.157402,4.992173,1.889726,5.513734,2.841564,2.841564
1.889726,5.881761,5.102260,5.341258,2.860514,2.860514
5.102260,5.881761,1.889726,5.341258,2.860514,2.860514
1.889726,6.786307,6.047118,5.323176,2.870791,2.870791
6.047118,6.786307,1.889726,5.323176,2.870791,2.870791
2.267668,3.598124,2.267671,12.631755,1.248540,1.248540
2.267671,3.598124,2.267668,12.631755,1.248540,1.248540
2.267671,3.749805,2.456635,11.467400,0.639577,0.639577
2.456635,3.749805,2.267671,11.467400,0.639577,0.639577
2.267671,3.904767,2.645625,10.367057,0.385247,0.385247
2.645625,3.904767,2.267671,10.367057,0.385247,0.385247
2.267671,4.062585,2.834592,9.332050,0.259274,0.259274
2.834592,4.062585,2.267671,9.332050,0.259274,0.259274
2.267671,4.385615,3.212526,7.525383,0.101645,0.101645
3.212526,4.385615,2.267671,7.525383,0.101645,0.101645
2.267671,4.884981,3.779450,5.904132,0.044535,0.044535
3.779450,4.884981,2.267671,5.904132,0.044535,0.044535
2.267671,5.225553,4.157402,5.488336,0.045879,0.045879
4.157402,5.225553,2.267671,5.488336,0.045879,0.045879
2.267671,6.096276,5.102260,5.251898,-0.002342,-0.002342
5.102260,6.096276,2.267671,5.251898,-0.002342,-0.002342
2.267671,6.986292,6.047118,5.224989,-0.002949,-0.002949
6.047118,6.986292,2.267671,5.224989,-0.002949,-0.002949
2.645617,4.197827,2.645625,9.136035,0.273671,0.273671
2.645625,4.197827,2.645617,9.136035,0.273671,0.273671
2.645617,4.349265,2.834592,8.510221,0.461741,0.461741
2.834592,4.349265,2.645617,8.510221,0.461741,0.461741
2.645617,4.660372,3.212526,7.213416,0.707486,0.707486
3.212526,4.660372,2.645617,7.213416,0.707486,0.707486
2.645617,5.143870,3.779450,5.822449,0.839703,0.839703
3.779450,5.143870,2.645617,5.822449,0.839703,0.839703
2.645617,5.475098,4.157402,5.419942,0.851194,0.851194
4.157402,5.475098,2.645617,5.419942,0.851194,0.851194
2.645617,5.102265,3.733958,5.897889,0.836234,0.836234
3.733958,5.102265,2.645617,5.897889,0.836234,0.836234
2.645617,6.326115,5.102260,5.185866,0.802670,0.802670
5.102260,6.326115,2.645617,5.185866,0.802670,0.802670
2.645617,6.047120,4.795815,5.209286,0.810475,0.810475
4.795815,6.047120,2.645617,5.209286,0.810475,0.810475
2.645617,7.200575,6.047118,5.158505,0.799808,0.799808
6.047118,7.200575,2.645617,5.158505,0.799808,0.799808
3.023562,4.948757,3.212526,6.815967,1.842021,1.842021
3.212526,4.948757,3.023562,6.815967,1.842021,1.842021
3.023562,5.416775,3.779450,5.696825,2.234206,2.234206
3.779450,5.416775,3.023562,5.696825,2.234206,2.234206
3.023562,5.738701,4.157402,5.331876,2.282123,2.282123
4.157402,5.738701,3.023562,5.331876,2.282123,2.282123
3.023562,6.569671,5.102260,5.141938,2.274925,2.274925
5.102260,6.569671,3.023562,5.141938,2.274925,2.274925
3.023562,7.427918,6.047118,5.115788,2.271803,2.271803
6.047118,7.427918,3.023562,5.115788,2.271803,2.271803
3.779450,5.996883,3.779452,5.369255,4.133207,4.133207
3.779452,5.996883,3.779450,5.369255,4.133207,4.133207
3.779452,6.300929,4.157402,5.234583,4.409003,4.409003
4.157402,6.300929,3.779452,5.234583,4.409003,4.409003
3.779452,7.092200,5.102260,5.241990,4.594211,4.594211
5.102260,7.092200,3.779452,5.241990,4.594211,4.594211
3.779452,7.917222,6.047118,5.212760,4.586015,4.586015
6.047118,7.917222,3.779452,5.212760,4.586015,4.586015
4.535343,7.653808,5.102260,5.118175,5.011634,5.011634
5.102260,7.653808,4.535343,5.118175,5.011634,5.011634
4.535343,8.445921,6.047118,5.133670,5.047063,5.047063
6.047118,8.445921,4.535343,5.133670,5.047063,5.047063
5.291233,9.007081,6.047118,5.172457,5.130235,5.130235
6.047118,9.007081,5.291233,5.172457,5.130235,5.130235
1.322810,2.918915,2.282033,17.538552,46.499644,46.499644
2.282033,2.918915,1.322810,17.538552,46.499644,46.499644
1.228318,2.857866,2.282033,18.390360,65.212431,65.212431
2.282033,2.857866,1.228318,18.390360,65.212431,65.212431
