R1,R2,R3,ETriat,E,ENew
1.511776,2.977621,1.511781,19.924322,45.902304,45.902304
1.511781,2.977621,1.511776,19.924322,45.902304,45.902304
1.511781,3.163893,1.700749,18.886835,34.057309,34.057309
1.700749,3.163893,1.511781,18.886835,34.057309,34.057309
1.511781,3.350468,1.889721,17.413330,27.831956,27.831956
1.889721,3.350468,1.511781,17.413330,27.831956,27.831956
1.511781,3.537298,2.078694,15.907322,24.647903,24.647903
2.078694,3.537298,1.511781,15.907322,24.647903,24.647903
1.511781,3.724344,2.267667,14.362832,22.941742,22.941742
2.267667,3.724344,1.511781,14.362832,22.941742,22.941742
1.511781,3.911579,2.456646,12.599909,21.712239,21.712239
2.456646,3.911579,1.511781,12.599909,21.712239,21.712239
1.511781,4.098970,2.645618,10.982223,20.891747,20.891747
2.645618,4.098970,1.511781,10.982223,20.891747,20.891747
1.511781,4.286500,2.834591,9.499237,20.262533,20.262533
2.834591,4.286500,1.511781,9.499237,20.262533,20.262533
1.511781,4.661909,3.212536,7.135456,19.464504,19.464504
3.212536,4.661909,1.511781,7.135456,19.464504,19.464504
1.511781,5.225713,3.779461,5.536381,19.390438,19.390438
3.779461,5.225713,1.511781,5.536381,19.390438,19.390438
1.511781,5.601911,4.157388,5.432886,19.701445,19.701445
4.157388,5.601911,1.511781,5.432886,19.701445,19.701445
1.511781,6.543329,5.102258,5.450960,19.904606,19.904606
5.102258,6.543329,1.511781,5.450960,19.904606,19.904606
1.511781,7.485616,6.047127,5.457374,19.934440,19.934440
6.047127,7.485616,1.511781,5.457374,19.934440,19.934440
1.889721,3.722029,1.889726,15.313034,9.738106,9.738106
1.889726,3.722029,1.889721,15.313034,9.738106,9.738106
1.889726,3.908269,2.078694,14.269745,6.767187,6.767187
2.078694,3.908269,1.889726,14.269745,6.767187,6.767187
1.889726,4.094760,2.267667,13.300827,5.412579,5.412579
2.267667,4.094760,1.889726,13.300827,5.412579,5.412579
1.889726,4.281472,2.456646,12.233231,4.701928,4.701928
2.456646,4.281472,1.889726,12.233231,4.701928,4.701928
1.889726,4.468370,2.645618,11.161384,4.304149,4.304149
2.645618,4.468370,1.889726,11.161384,4.304149,4.304149
1.889726,4.655436,2.834591,10.152448,4.072584,4.072584
2.834591,4.655436,1.889726,10.152448,4.072584,4.072584
1.889726,5.029996,3.212536,8.205227,3.628579,3.628579
3.212536,5.029996,1.889726,8.205227,3.628579,3.628579
1.889726,5.592695,3.779461,6.225352,3.160810,3.160810
3.779461,5.592695,1.889726,6.225352,3.160810,3.160810
1.889726,5.968250,4.157388,5.650734,2.999279,2.999279
4.157388,5.968250,1.889726,5.650734,2.999279,2.999279
1.889726,6.908321,5.102258,5.349135,2.878900,2.878900
5.102258,6.908321,1.889726,5.349135,2.878900,2.878900
1.889726,7.849544,6.047127,5.320033,2.871615,2.871615
6.047127,7.849544,1.889726,5.320033,2.871615,2.871615
2.267667,4.466437,2.267671,12.106178,1.603562,1.603562
2.267671,4.466437,2.267667,12.106178,1.603562,1.603562
2.267671,4.652659,2.456646,11.475048,1.252052,1.252052
2.456646,4.652659,2.267671,11.475048,1.252052,1.252052
2.267671,4.839090,2.645618,10.743915,1.152141,1.152141
2.645618,4.839090,2.267671,10.743915,1.152141,1.152141
2.267671,5.025712,2.834591,9.933535,1.098196,1.098196
2.834591,5.025712,2.267671,9.933535,1.098196,1.098196
2.267671,5.399446,3.212536,8.232438,0.888140,0.888140
3.212536,5.399446,2.267671,8.232438,0.888140,0.888140
2.267671,5.961046,3.779461,6.178975,0.344181,0.344181
3.779461,5.961046,2.267671,6.178975,0.344181,0.344181
2.267671,6.335952,4.157388,5.578638,0.155200,0.155200
4.157388,6.335952,2.267671,5.578638,0.155200,0.155200
2.267671,7.274636,5.102258,5.255670,0.010407,0.010407
5.102258,7.274636,2.267671,5.255670,0.010407,0.010407
2.267671,8.214737,6.047127,5.223047,-0.001431,-0.001431
6.047127,8.214737,2.267671,5.223047,-0.001431,-0.001431
2.645617,5.210849,2.645618,9.892838,1.181802,1.181802
2.645618,5.210849,2.645617,9.892838,1.181802,1.181802
2.645617,5.397051,2.834591,9.309515,1.351573,1.351573
2.834591,5.397051,2.645617,9.309515,1.351573,1.351573
2.645617,5.769996,3.212536,7.953850,1.485047,1.485047
3.212536,5.769996,2.645617,7.953850,1.485047,1.485047
2.645617,6.330529,3.779461,6.086757,1.124995,1.124995
3.779461,6.330529,2.645617,6.086757,1.124995,1.124995
2.645617,6.704794,4.157388,5.508110,0.956135,0.956135
4.157388,6.704794,2.645617,5.508110,0.956135,0.956135
2.645617,7.642083,5.102258,5.191631,0.815766,0.815766
5.102258,7.642083,2.645617,5.191631,0.815766,0.815766
2.645617,8.581036,6.047127,5.158599,0.802843,0.802843
6.047127,8.581036,2.645617,5.158599,0.802843,0.802843
3.023562,6.141447,3.212536,7.473700,2.524485,2.524485
3.212536,6.141447,3.023562,7.473700,2.524485,2.524485
3.023562,6.700955,3.779461,5.982218,2.537581,2.537581
3.779461,6.700955,3.023562,5.982218,2.537581,2.537581
3.023562,7.074596,4.157388,5.449786,2.413820,2.413820
4.157388,7.074596,3.023562,5.449786,2.413820,2.413820
3.023562,8.010508,5.102258,5.149727,2.288541,2.288541
5.102258,8.010508,3.023562,5.149727,2.288541,2.288541
3.023562,8.948302,6.047127,5.117145,2.275619,2.275619
6.047127,8.948302,3.023562,5.117145,2.275619,2.275619
3.779452,7.444077,3.779461,5.676146,4.451066,4.451066
3.779461,7.444077,3.779452,5.676146,4.451066,4.451066
3.779452,7.816538,4.157388,5.364530,4.546944,4.546944
4.157388,7.816538,3.779452,5.364530,4.546944,4.546944
3.779452,8.749793,5.102258,5.241292,4.597073,4.597073
5.102258,8.749793,3.779452,5.241292,4.597073,4.597073
3.779452,9.685301,6.047127,5.211961,4.586883,4.586883
6.047127,9.685301,3.779452,5.211961,4.586883,4.586883
4.535343,9.491695,5.102258,5.131849,5.027462,5.027462
5.102258,9.491695,4.535343,5.131849,5.027462,5.027462
4.535343,10.425006,6.047127,5.127101,5.041599,5.041599
6.047127,10.425006,4.535343,5.127101,5.041599,5.041599
5.291233,11.166878,6.047127,5.178884,5.137390,5.137390
6.047127,11.166878,5.291233,5.178884,5.137390,5.137390
