R1,R2,R3,ETriat,E,ENew
1.511781,2.740281,1.511787,22.149190,47.163636,47.163636
1.511787,2.740281,1.511781,22.149190,47.163636,47.163636
1.511781,2.912642,1.700755,20.343203,34.527116,34.527116
1.700755,2.912642,1.511781,20.343203,34.527116,34.527116
1.511781,3.086947,1.889723,18.259211,27.742323,27.742323
1.889723,3.086947,1.511781,18.259211,27.742323,27.742323
1.511781,3.262895,2.078705,16.185509,24.103943,24.103943
2.078705,3.262895,1.511781,16.185509,24.103943,24.103943
1.511781,3.440216,2.267672,14.172870,22.085821,22.085821
2.267672,3.440216,1.511781,14.172870,22.085821,22.085821
1.511781,3.618710,2.456642,12.250962,20.868113,20.868113
2.456642,3.618710,1.511781,12.250962,20.868113,20.868113
1.511781,3.798223,2.645610,10.525840,20.098227,20.098227
2.645610,3.798223,1.511781,10.525840,20.098227,20.098227
1.511781,3.978622,2.834592,8.978803,19.532108,19.532108
2.834592,3.978622,1.511781,8.978803,19.532108,19.532108
1.511781,4.341601,3.212542,6.647874,18.913519,18.913519
3.212542,4.341601,1.511781,6.647874,18.913519,18.913519
1.511781,4.890319,3.779460,5.081506,18.925227,18.925227
3.779460,4.890319,1.511781,5.081506,18.925227,18.925227
1.511781,5.258265,4.157397,4.897079,19.158440,19.158440
4.157397,5.258265,1.511781,4.897079,19.158440,19.158440
1.511781,6.183437,5.102265,5.365717,19.815666,19.815666
5.102265,6.183437,1.511781,5.365717,19.815666,19.815666
1.511781,7.113773,6.047120,5.442713,19.918439,19.918439
6.047120,7.113773,1.511781,5.442713,19.918439,19.918439
1.889723,3.425348,1.889726,15.585471,9.305809,9.305809
1.889726,3.425348,1.889723,15.585471,9.305809,9.305809
1.889726,3.597508,2.078705,14.271764,6.230339,6.230339
2.078705,3.597508,1.889726,14.271764,6.230339,6.230339
1.889726,3.771271,2.267672,13.015681,4.749932,4.749932
2.267672,3.771271,1.889726,13.015681,4.749932,4.749932
1.889726,3.946424,2.456642,11.816959,4.043357,4.043357
2.456642,3.946424,1.889726,11.816959,4.043357,4.043357
1.889726,4.122805,2.645610,10.670353,3.670382,3.670382
2.645610,4.122805,1.889726,10.670353,3.670382,3.670382
1.889726,4.300265,2.834592,9.561508,3.403910,3.403910
2.834592,4.300265,1.889726,9.561508,3.403910,3.403910
1.889726,4.657895,3.212542,7.553199,2.955481,2.955481
3.212542,4.657895,1.889726,7.553199,2.955481,2.955481
1.889726,5.199727,3.779460,5.892951,2.820012,2.820012
3.779460,5.199727,1.889726,5.892951,2.820012,2.820012
1.889726,5.563714,4.157397,5.510140,2.851581,2.851581
4.157397,5.563714,1.889726,5.510140,2.851581,2.851581
1.889726,6.480706,5.102265,5.332226,2.858953,2.858953
5.102265,6.480706,1.889726,5.332226,2.858953,2.858953
1.889726,7.404695,6.047120,5.318702,2.869143,2.869143
6.047120,7.404695,1.889726,5.318702,2.869143,2.869143
2.267671,4.110422,2.267672,11.634923,0.981373,0.981373
2.267672,4.110422,2.267671,11.634923,0.981373,0.981373
2.267671,4.282424,2.456642,10.894797,0.587193,0.587193
2.456642,4.282424,2.267671,10.894797,0.587193,0.587193
2.267671,4.455808,2.645610,10.119850,0.483163,0.483163
2.645610,4.455808,2.267671,10.119850,0.483163,0.483163
2.267671,4.630422,2.834592,9.294424,0.435159,0.435159
2.834592,4.630422,2.267671,9.294424,0.435159,0.435159
2.267671,4.982785,3.212542,7.596173,0.241321,0.241321
3.212542,4.982785,2.267671,7.596173,0.241321,0.241321
2.267671,5.517679,3.779460,5.938289,0.095575,0.095575
3.779460,5.517679,2.267671,5.938289,0.095575,0.095575
2.267671,5.877599,4.157397,5.490270,0.060710,0.060710
4.157397,5.877599,2.267671,5.490270,0.060710,0.060710
2.267671,6.786007,5.102265,5.245389,-0.002255,-0.002255
5.102265,6.786007,2.267671,5.245389,-0.002255,-0.002255
2.267671,7.703177,6.047120,5.222215,-0.003209,-0.003209
6.047120,7.703177,2.267671,5.222215,-0.003209,-0.003209
2.645610,4.795479,2.645617,9.267662,0.541661,0.541661
2.645617,4.795479,2.645610,9.267662,0.541661,0.541661
2.645617,4.967396,2.834592,8.723537,0.754536,0.754536
2.834592,4.967396,2.645617,8.723537,0.754536,0.754536
2.645617,5.314697,3.212542,7.379847,0.902017,0.902017
3.212542,5.314697,2.645617,7.379847,0.902017,0.902017
2.645617,5.842781,3.779460,5.873766,0.905356,0.905356
3.779460,5.842781,2.645617,5.873766,0.905356,0.905356
2.645617,6.198637,4.157397,5.431627,0.874914,0.874914
4.157397,6.198637,2.645617,5.431627,0.874914,0.874914
2.645617,7.098304,5.102265,5.182277,0.804578,0.804578
5.102265,7.098304,2.645617,5.182277,0.804578,0.804578
2.645617,8.008374,6.047120,5.157202,0.800675,0.800675
6.047120,8.008374,2.645617,5.157202,0.800675,0.800675
3.023562,5.652392,3.212542,7.061566,2.104547,2.104547
3.212542,5.652392,3.023562,7.061566,2.104547,2.104547
3.023562,6.173904,3.779460,5.780828,2.331168,2.331168
3.779460,6.173904,3.023562,5.780828,2.331168,2.331168
3.023562,6.525773,4.157397,5.373038,2.333597,2.333597
4.157397,6.525773,3.023562,5.373038,2.333597,2.333597
3.023562,7.416714,5.102265,5.140725,2.278134,2.278134
5.102265,7.416714,3.023562,5.140725,2.278134,2.278134
3.023562,8.319546,6.047120,5.115470,2.273320,2.273320
6.047120,8.319546,3.023562,5.115470,2.273320,2.273320
3.779452,6.850703,3.779460,5.486601,4.258963,4.258963
3.779460,6.850703,3.779452,5.486601,4.258963,4.258963
3.779452,7.194999,4.157397,5.299959,4.480554,4.480554
4.157397,7.194999,3.779452,5.299959,4.480554,4.480554
3.779452,8.068961,5.102265,5.234749,4.589701,4.589701
5.102265,8.068961,3.779452,5.234749,4.589701,4.589701
3.779452,8.957315,6.047120,5.212970,4.587490,4.587490
6.047120,8.957315,3.779452,5.212970,4.587490,4.587490
4.535343,8.737926,5.102265,5.122760,5.017879,5.017879
5.102265,8.737926,4.535343,5.122760,5.017879,5.017879
4.535343,9.612226,6.047120,5.132737,5.046976,5.046976
6.047120,9.612226,4.535343,5.132737,5.046976,5.046976
5.291233,10.281003,6.047120,5.173068,5.131406,5.131406
6.047120,10.281003,5.291233,5.173068,5.131406,5.131406
