R1,R2,R3,ETriat,E,ENew
1.511781,2.229203,1.511788,32.629034,56.436401,56.436401
1.511788,2.229203,1.511781,32.629034,56.436401,56.436401
1.511781,2.371973,1.700762,29.123150,41.443909,41.443909
1.700762,2.371973,1.511781,29.123150,41.443909,41.443909
1.511781,2.520818,1.889718,25.581746,32.869219,32.869219
1.889718,2.520818,1.511781,25.581746,32.869219,32.869219
1.511781,2.674735,2.078691,22.146954,27.768385,27.768385
2.078691,2.674735,1.511781,22.146954,27.768385,27.768385
1.511781,2.832911,2.267665,18.933904,24.620150,24.620150
2.267665,2.832911,1.511781,18.933904,24.620150,24.620150
1.511781,2.994647,2.456638,15.824157,22.418033,22.418033
2.456638,2.994647,1.511781,15.824157,22.418033,22.418033
1.511781,3.159419,2.645612,13.064729,20.914123,20.914123
2.645612,3.159419,1.511781,13.064729,20.914123,20.914123
1.511781,3.326756,2.834585,10.704695,19.887607,19.887607
2.834585,3.326756,1.511781,10.704695,19.887607,19.887607
1.511781,3.667749,3.212532,7.314829,18.883858,18.883858
3.212532,3.667749,1.511781,7.314829,18.883858,18.883858
1.511781,4.191146,3.779453,5.117242,18.815906,18.815906
3.779453,4.191146,1.511781,5.117242,18.815906,18.815906
1.511781,4.545878,4.157400,4.896440,19.116376,19.116376
4.157400,4.545878,1.511781,4.896440,19.116376,19.116376
1.511781,5.446391,5.102269,5.403918,19.841424,19.841424
5.102269,5.446391,1.511781,5.403918,19.841424,19.841424
1.511781,6.359770,6.047118,5.458767,19.929280,19.929280
6.047118,6.359770,1.511781,5.458767,19.929280,19.929280
1.889718,2.786504,1.889726,20.765607,12.113766,12.113766
1.889726,2.786504,1.889718,20.765607,12.113766,12.113766
1.889726,2.928606,2.078691,18.443008,8.159565,8.159565
2.078691,2.928606,1.889726,18.443008,8.159565,8.159565
1.889726,3.075771,2.267665,16.277829,6.014516,6.014516
2.267665,3.075771,1.889726,16.277829,6.014516,6.014516
1.414402,2.456648,1.889726,26.783101,43.836481,43.836481
1.889726,2.456648,1.414402,26.783101,43.836481,43.836481
1.889726,3.227280,2.456638,14.193867,4.746029,4.746029
2.456638,3.227280,1.889726,14.193867,4.746029,4.746029
1.889726,3.382575,2.645612,12.365329,4.049211,4.049211
2.645612,3.382575,1.889726,12.365329,4.049211,4.049211
1.889726,3.541133,2.834585,10.680437,3.554860,3.554860
2.834585,3.541133,1.889726,10.680437,3.554860,3.554860
1.889726,3.866472,3.212532,8.002712,2.978985,2.978985
3.212532,3.866472,1.889726,8.002712,2.978985,2.978985
1.889726,4.370386,3.779453,6.040490,2.888093,2.888093
3.779453,4.370386,1.889726,6.040490,2.888093,2.888093
1.889726,4.714284,4.157400,5.578057,2.891216,2.891216
4.157400,4.714284,1.889726,5.578057,2.891216,2.891216
1.889726,5.593290,5.102269,5.354627,2.868710,2.868710
5.102269,5.593290,1.889726,5.354627,2.868710,2.868710
1.889726,6.490812,6.047118,5.327138,2.872526,2.872526
6.047118,6.490812,1.889726,5.327138,2.872526,2.872526
2.267665,3.343805,2.267671,13.454720,1.372301,1.372301
2.267671,3.343805,2.267665,13.454720,1.372301,1.372301
2.267671,3.485462,2.456638,12.097974,0.684849,0.684849
2.456638,3.485462,2.267671,12.097974,0.684849,0.684849
2.267671,3.631443,2.645612,10.840709,0.399817,0.399817
2.645612,3.631443,2.267671,10.840709,0.399817,0.399817
2.267671,3.781221,2.834585,9.698821,0.289932,0.289932
2.834585,3.781221,2.267671,9.698821,0.289932,0.289932
2.267671,4.090539,3.212532,7.764370,0.195355,0.195355
3.212532,4.090539,2.267671,7.764370,0.195355,0.195355
2.267671,4.573897,3.779453,6.021474,0.135990,0.135990
3.779453,4.573897,2.267671,6.021474,0.135990,0.135990
2.267671,4.906081,4.157400,5.535276,0.083172,0.083172
4.157400,4.906081,2.267671,5.535276,0.083172,0.083172
2.267671,5.761276,5.102269,5.262989,0.003512,0.003512
5.102269,5.761276,2.267671,5.262989,0.003512,0.003512
2.267671,6.640806,6.047118,5.227993,-0.002081,-0.002081
6.047118,6.640806,2.267671,5.227993,-0.002081,-0.002081
2.645612,3.901106,2.645617,9.315462,0.197350,0.197350
2.645617,3.901106,2.645612,9.315462,0.197350,0.197350
2.645617,4.042440,2.834585,8.615735,0.394310,0.394310
2.834585,4.042440,2.645617,8.615735,0.394310,0.394310
2.645617,4.336023,3.212532,7.316765,0.745689,0.745689
3.212532,4.336023,2.645617,7.316765,0.745689,0.745689
2.645617,4.798591,3.779453,5.883761,0.887924,0.887924
3.779453,4.798591,2.645617,5.883761,0.887924,0.887924
2.645617,5.118639,4.157400,5.454957,0.878123,0.878123
4.157400,5.118639,2.645617,5.454957,0.878123,0.878123
2.645617,5.948562,5.102269,5.195145,0.807050,0.807050
5.102269,5.948562,2.645617,5.195145,0.807050,0.807050
2.645617,6.808498,6.047118,5.160766,0.800111,0.800111
6.047118,6.808498,2.645617,5.160766,0.800111,0.800111
3.023562,4.599497,3.212532,6.806397,1.807416,1.807416
3.212532,4.599497,3.023562,6.806397,1.807416,1.807416
3.023562,5.041637,3.779453,5.734530,2.262870,2.262870
3.779453,5.041637,3.023562,5.734530,2.262870,2.262870
3.023562,5.349485,4.157400,5.354743,2.297257,2.297257
4.157400,5.349485,3.023562,5.354743,2.297257,2.297257
3.023562,6.153387,5.102269,5.149395,2.278090,2.278090
5.102269,6.153387,3.023562,5.149395,2.278090,2.278090
3.023562,6.992615,6.047118,5.117392,2.271673,2.271673
6.047118,6.992615,3.023562,5.117392,2.271673,2.271673
3.779452,5.573008,3.779453,5.357829,4.114431,4.114431
3.779453,5.573008,3.779452,5.357829,4.114431,4.114431
3.779452,5.857226,4.157400,5.233255,4.401588,4.401588
4.157400,5.857226,3.779452,5.233255,4.401588,4.401588
3.779452,6.608992,5.102269,5.244830,4.594168,4.594168
5.102269,6.608992,3.779452,5.244830,4.594168,4.594168
3.779452,7.405118,6.047118,5.213643,4.585625,4.585625
6.047118,7.405118,3.779452,5.213643,4.585625,4.585625
4.535343,7.115906,5.102269,5.119309,5.010984,5.010984
5.102269,7.115906,4.535343,5.119309,5.010984,5.010984
4.535343,7.868775,6.047118,5.134858,5.047366,5.047366
6.047118,7.868775,4.535343,5.134858,5.047366,5.047366
5.291233,8.375095,6.047118,5.172141,5.129324,5.129324
6.047118,8.375095,5.291233,5.172141,5.129324,5.129324
