R1,R2,R3,ETriat,E,ENew
1.511777,2.681929,1.511781,23.425157,48.211096,48.211096
1.511781,2.681929,1.511777,23.425157,48.211096,48.211096
1.511781,2.850893,1.700760,21.333728,35.265607,35.265607
1.700760,2.850893,1.511781,21.333728,35.265607,35.265607
1.511781,3.022220,1.889727,18.975568,28.204975,28.204975
1.889727,3.022220,1.511781,18.975568,28.204975,28.204975
1.511781,3.195531,2.078699,16.753589,24.433814,24.433814
2.078699,3.195531,1.511781,16.753589,24.433814,24.433814
1.511781,3.370530,2.267666,14.584406,22.289242,22.289242
2.267666,3.370530,1.511781,14.584406,22.289242,22.289242
1.511781,3.546974,2.456648,12.552828,21.002022,21.002022
2.456648,3.546974,1.511781,12.552828,21.002022,21.002022
1.511781,3.724637,2.645615,10.718028,20.165745,20.165745
2.645615,3.724637,1.511781,10.718028,20.165745,20.165745
1.511781,3.903359,2.834587,9.110355,19.578768,19.578768
2.834587,3.903359,1.511781,9.110355,19.578768,19.578768
1.511781,4.263472,3.212537,6.633045,18.868464,18.868464
3.212537,4.263472,1.511781,6.633045,18.868464,18.868464
1.511781,4.808757,3.779443,5.020689,18.860225,18.860225
3.779443,4.808757,1.511781,5.020689,18.860225,18.860225
1.511781,5.174876,4.157393,4.876162,19.135543,19.135543
4.157393,5.174876,1.511781,4.876162,19.135543,19.135543
1.511781,6.096488,5.102264,5.358384,19.807210,19.807210
5.102264,6.096488,1.511781,5.358384,19.807210,19.807210
1.511781,7.024269,6.047124,5.442215,19.917528,19.917528
6.047124,7.024269,1.511781,5.442215,19.917528,19.917528
1.889726,3.352419,1.889727,16.149360,9.647692,9.647692
1.889727,3.352419,1.889726,16.149360,9.647692,9.647692
1.889726,3.521113,2.078699,14.709709,6.482762,6.482762
2.078699,3.521113,1.889726,14.709709,6.482762,6.482762
1.889726,3.691779,2.267666,13.330276,4.921524,4.921524
2.267666,3.691779,1.889726,13.330276,4.921524,4.921524
1.889726,3.864158,2.456648,12.024720,4.149859,4.149859
2.456648,3.864158,1.889726,12.024720,4.149859,4.149859
1.889726,4.038013,2.645615,10.788810,3.723026,3.723026
2.645615,4.038013,1.889726,10.788810,3.723026,3.723026
1.889726,4.213164,2.834587,9.595616,3.398706,3.398706
2.834587,4.213164,1.889726,9.595616,3.398706,3.398706
1.889726,4.566794,3.212537,7.501598,2.892647,2.892647
3.212537,4.566794,1.889726,7.501598,2.892647,2.892647
1.889726,5.103758,3.779443,5.857647,2.782242,2.782242
3.779443,5.103758,1.889726,5.857647,2.782242,2.782242
1.889726,5.465109,4.157393,5.495219,2.834669,2.834669
4.157393,5.465109,1.889726,5.495219,2.834669,2.834669
1.889726,6.376903,5.102264,5.331263,2.857001,2.857001
5.102264,6.376903,1.889726,5.331263,2.857001,2.857001
1.889726,7.297104,6.047124,5.319024,2.869100,2.869100
6.047124,7.297104,1.889726,5.319024,2.869100,2.869100
2.267666,4.022893,2.267671,11.800040,1.075820,1.075820
2.267671,4.022893,2.267666,11.800040,1.075820,1.075820
2.267671,4.191430,2.456648,10.995351,0.643957,0.643957
2.456648,4.191430,2.267671,10.995351,0.643957,0.643957
2.267671,4.361635,2.645615,10.158695,0.496953,0.496953
2.645615,4.361635,2.267671,10.158695,0.496953,0.496953
2.267671,4.533319,2.834587,9.270223,0.397475,0.397475
2.834587,4.533319,2.267671,9.270223,0.397475,0.397475
2.267671,4.880543,3.212537,7.529301,0.170378,0.170378
3.212537,4.880543,2.267671,7.529301,0.170378,0.170378
2.267671,5.409088,3.779443,5.911283,0.066304,0.066304
3.779443,5.409088,2.267671,5.911283,0.066304,0.066304
2.267671,5.765516,4.157393,5.479645,0.048178,0.048178
4.157393,5.765516,2.267671,5.479645,0.048178,0.048178
2.267671,6.666956,5.102264,5.244766,-0.003686,-0.003686
5.102264,6.666956,2.267671,5.244766,-0.003686,-0.003686
2.267671,7.578970,6.047124,5.222352,-0.003382,-0.003382
6.047124,7.578970,2.267671,5.222352,-0.003382,-0.003382
2.645615,4.693384,2.645617,9.271454,0.537888,0.537888
2.645617,4.693384,2.645615,9.271454,0.537888,0.537888
2.645617,4.861779,2.834587,8.692574,0.719150,0.719150
2.834587,4.861779,2.645617,8.692574,0.719150,0.719150
2.645617,5.202835,3.212537,7.312354,0.831941,0.831941
3.212537,5.202835,2.645617,7.312354,0.831941,0.831941
2.645617,5.723094,3.779443,5.848605,0.878080,0.878080
3.779443,5.723094,2.645617,5.848605,0.878080,0.878080
2.645617,6.074588,4.157393,5.421139,0.862816,0.862816
4.157393,6.074588,2.645617,5.421139,0.862816,0.862816
2.645617,6.965444,5.102264,5.181441,0.803103,0.803103
5.102264,6.965444,2.645617,5.181441,0.803103,0.803103
2.645617,7.868896,6.047124,5.157158,0.800371,0.800371
6.047124,7.868896,2.645617,5.157158,0.800371,0.800371
3.023562,5.532175,3.212537,6.999746,2.040368,2.040368
3.212537,5.532175,3.023562,6.999746,2.040368,2.040368
3.023562,6.044424,3.779443,5.749537,2.298125,2.298125
3.779443,6.044424,3.023562,5.749537,2.298125,2.298125
3.023562,6.391067,4.157393,5.359798,2.319113,2.319113
4.157393,6.391067,3.023562,5.359798,2.319113,2.319113
3.023562,7.271327,5.102264,5.139747,2.276659,2.276659
5.102264,7.271327,3.023562,5.139747,2.276659,2.276659
3.023562,8.166024,6.047124,5.115293,2.272930,2.272930
6.047124,8.166024,3.023562,5.115293,2.272930,2.272930
3.779443,6.704822,3.779452,5.457208,4.228608,4.228608
3.779452,6.704822,3.779443,5.457208,4.228608,4.228608
3.779452,7.042233,4.157393,5.282719,4.462644,4.462644
4.157393,7.042233,3.779452,5.282719,4.462644,4.462644
3.779452,7.901824,5.102264,5.241031,4.595686,4.595686
5.102264,7.901824,3.779452,5.241031,4.595686,4.595686
3.779452,8.778945,6.047124,5.213112,4.587490,4.587490
6.047124,8.778945,3.779452,5.213112,4.587490,4.587490
4.535343,8.552671,5.102264,5.120728,5.015667,5.015667
5.102264,8.552671,4.535343,5.120728,5.015667,5.015667
4.535343,9.412679,6.047124,5.132917,5.047063,5.047063
6.047124,9.412679,4.535343,5.132917,5.047063,5.047063
5.291233,10.063296,6.047124,5.172869,5.131146,5.131146
6.047124,10.063296,5.291233,5.172869,5.131146,5.131146
