R1,R2,R3,ETriat,E,ENew
2.200005,3.816689,2.282033,12.589555,1.692978,1.692978
2.282033,3.816689,2.200005,12.589555,1.692978,1.692978
2.282033,3.987233,2.400010,11.594290,0.955919,0.955919
2.400010,3.987233,2.282033,11.594290,0.955919,0.955919
2.282033,4.160402,2.600015,10.517267,0.595519,0.595519
2.600015,4.160402,2.282033,10.517267,0.595519,0.595519
2.282033,4.335866,2.800012,9.429206,0.365082,0.365082
2.800012,4.335866,2.282033,9.429206,0.365082,0.365082
2.282033,4.513386,3.000017,8.415089,0.207931,0.207931
3.000017,4.513386,2.282033,8.415089,0.207931,0.207931
2.282033,4.692716,3.200022,7.519392,0.101082,0.101082
3.200022,4.692716,2.282033,7.519392,0.101082,0.101082
2.282033,4.873640,3.400018,6.788681,0.047224,0.047224
3.400018,4.873640,2.282033,6.788681,0.047224,0.047224
2.282033,5.056016,3.600024,6.249676,0.044145,0.044145
3.600024,5.056016,2.282033,6.249676,0.044145,0.044145
2.282033,5.239679,3.800029,5.854321,0.036296,0.036296
3.800029,5.239679,2.282033,5.854321,0.036296,0.036296
2.282033,5.424483,4.000025,5.608651,0.045099,0.045099
4.000025,5.424483,2.282033,5.608651,0.045099,0.045099
2.282033,5.610344,4.200030,5.441025,0.029141,0.029141
4.200030,5.610344,2.282033,5.441025,0.029141,0.029141
2.282033,5.797146,4.400035,5.343587,0.014137,0.014137
4.400035,5.797146,2.282033,5.343587,0.014137,0.014137
2.282033,5.984775,4.600015,5.290764,0.002905,0.002905
4.600015,5.984775,2.282033,5.290764,0.002905,0.002905
2.282033,6.173206,4.800020,5.263102,-0.004250,-0.004250
4.800020,6.173206,2.282033,5.263102,-0.004250,-0.004250
2.282033,6.362344,5.000025,5.248055,-0.008283,-0.008283
5.000025,6.362344,2.282033,5.248055,-0.008283,-0.008283
2.282033,6.552114,5.200022,5.238951,-0.010104,-0.010104
5.200022,6.552114,2.282033,5.238951,-0.010104,-0.010104
2.282033,6.742488,5.400027,5.232582,-0.010581,-0.010581
5.400027,6.742488,2.282033,5.232582,-0.010581,-0.010581
2.282033,6.933404,5.600032,5.227686,-0.010277,-0.010277
5.600032,6.933404,2.282033,5.227686,-0.010277,-0.010277
2.282033,7.124807,5.800028,5.223783,-0.009583,-0.009583
5.800028,7.124807,2.282033,5.223783,-0.009583,-0.009583
2.282033,7.316682,6.000034,5.220786,-0.008629,-0.008629
6.000034,7.316682,2.282033,5.220786,-0.008629,-0.008629
2.282033,7.798137,6.500029,5.216033,-0.006244,-0.006244
6.500029,7.798137,2.282033,5.216033,-0.006244,-0.006244
2.282033,8.281804,7.000042,5.213940,-0.004163,-0.004163
7.000042,8.281804,2.282033,5.213940,-0.004163,-0.004163
2.282033,8.767291,7.500038,5.213147,-0.002515,-0.002515
7.500038,8.767291,2.282033,5.213147,-0.002515,-0.002515
2.282033,9.254323,8.000033,5.212837,-0.001344,-0.001344
8.000033,9.254323,2.282033,5.212837,-0.001344,-0.001344
2.282033,9.742695,8.500055,5.212774,-0.000477,-0.000477
8.500055,9.742695,2.282033,5.212774,-0.000477,-0.000477
2.282033,10.232166,9.000050,5.212778,0.000130,0.000130
9.000050,10.232166,2.282033,5.212778,0.000130,0.000130
2.282033,10.722608,9.500046,5.212856,0.000607,0.000607
9.500046,10.722608,2.282033,5.212856,0.000607,0.000607
2.282033,11.213908,10.000059,5.212931,0.000954,0.000954
10.000059,11.213908,2.282033,5.212931,0.000954,0.000954
