R1,R2,R3,ETriat,E,ENew
1.511781,2.042701,1.511788,36.839939,61.444870,61.444870
1.511788,2.042701,1.511781,36.839939,61.444870,61.444870
1.511781,2.174831,1.700762,33.666422,46.050739,46.050739
1.700762,2.174831,1.511781,33.666422,46.050739,46.050739
1.511781,2.314845,1.889718,29.555029,36.416273,36.416273
1.889718,2.314845,1.511781,29.555029,36.416273,36.416273
1.511781,2.461435,2.078691,25.627577,30.533584,30.533584
2.078691,2.461435,1.511781,25.627577,30.533584,30.533584
1.511781,2.613463,2.267665,21.869834,26.695166,26.695166
2.267665,2.613463,1.511781,21.869834,26.695166,26.695166
1.511781,2.770052,2.456638,18.216597,23.898918,23.898918
2.456638,2.770052,1.511781,18.216597,23.898918,23.898918
1.511781,2.930454,2.645612,14.955241,21.907334,21.907334
2.645612,2.930454,1.511781,14.955241,21.907334,21.907334
1.511781,3.094091,2.834585,12.177631,20.528746,20.528746
2.834585,3.094091,1.511781,12.177631,20.528746,20.528746
1.511781,3.429184,3.212532,8.143018,19.123228,19.123228
3.212532,3.429184,1.511781,8.143018,19.123228,19.123228
1.511781,3.946364,3.779453,5.338448,18.838326,18.838326
3.779453,3.946364,1.511781,5.338448,18.838326,18.838326
1.511781,4.298129,4.157400,4.944347,19.099855,19.099855
4.157400,4.298129,1.511781,4.944347,19.099855,19.099855
1.511781,5.193657,5.102269,5.416543,19.848449,19.848449
5.102269,5.193657,1.511781,5.416543,19.848449,19.848449
1.511781,6.104062,6.047118,5.463906,19.931405,19.931405
6.047118,6.104062,1.511781,5.463906,19.931405,19.931405
1.889718,2.553349,1.889726,24.033361,14.499399,14.499399
1.889726,2.553349,1.889718,24.033361,14.499399,14.499399
1.889726,2.684642,2.078691,21.285483,10.018758,10.018758
2.078691,2.684642,1.889726,21.285483,10.018758,10.018758
1.889726,2.822477,2.267665,18.656961,7.374328,7.374328
2.267665,2.822477,1.889726,18.656961,7.374328,7.374328
1.743803,2.456647,1.889726,26.218468,20.159587,20.159587
1.889726,2.456647,1.743803,26.218468,20.159587,20.159587
1.889726,2.965962,2.456638,16.223700,5.775927,5.775927
2.456638,2.965962,1.889726,16.223700,5.775927,5.775927
1.889726,3.114297,2.645612,14.026211,4.779419,4.779419
2.645612,3.114297,1.889726,14.026211,4.779419,4.779419
1.889726,3.266840,2.834585,11.986619,4.042923,4.042923
2.834585,3.266840,1.889726,11.986619,4.042923,4.042923
1.889726,3.582352,3.212532,8.750897,3.206950,3.206950
3.212532,3.582352,1.889726,8.750897,3.206950,3.206950
1.889726,4.075584,3.779453,6.328205,3.023520,3.023520
3.779453,4.075584,1.889726,6.328205,3.023520,3.023520
1.889726,4.414251,4.157400,5.692689,2.959211,2.959211
4.157400,4.414251,1.889726,5.692689,2.959211,2.959211
1.889726,5.284271,5.102269,5.370917,2.878553,2.878553
5.102269,5.284271,1.889726,5.370917,2.878553,2.878553
1.889726,6.176307,6.047118,5.331815,2.873870,2.873870
6.047118,6.176307,1.889726,5.331815,2.873870,2.873870
2.267665,3.064024,2.267671,15.319340,2.233599,2.233599
2.267671,3.064024,2.267665,15.319340,2.233599,2.233599
2.267671,3.194739,2.456638,13.665078,1.323863,1.323863
2.456638,3.194739,2.267671,13.665078,1.323863,1.323863
2.267671,3.331038,2.645612,12.124568,0.869364,0.869364
2.645612,3.331038,2.267671,12.124568,0.869364,0.869364
2.267671,3.472287,2.834585,10.725929,0.643046,0.643046
2.834585,3.472287,2.267671,10.725929,0.643046,0.643046
2.267671,3.767344,3.212532,8.381807,0.431907,0.431907
3.212532,3.767344,2.267671,8.381807,0.431907,0.431907
2.267671,4.234698,3.779453,6.258153,0.276360,0.276360
3.779453,4.234698,2.267671,6.258153,0.276360,0.276360
2.267671,4.558837,4.157400,5.631207,0.150083,0.150083
4.157400,4.558837,2.267671,5.631207,0.150083,0.150083
2.267671,5.399875,5.102269,5.279714,0.013183,0.013183
5.102269,5.399875,2.267671,5.279714,0.013183,0.013183
2.267671,6.270538,6.047118,5.232515,-0.000997,-0.000997
6.047118,6.270538,2.267671,5.232515,-0.000997,-0.000997
2.645612,3.574699,2.645617,10.134771,0.433554,0.433554
2.645617,3.574699,2.645612,10.134771,0.433554,0.433554
2.645617,3.704995,2.834585,9.242659,0.568027,0.568027
2.834585,3.704995,2.645617,9.242659,0.568027,0.568027
2.645617,3.979723,3.212532,7.683090,0.884585,0.884585
3.212532,3.979723,2.645617,7.683090,0.884585,0.884585
2.645617,4.420479,3.779453,6.039412,0.992561,0.992561
3.779453,4.420479,2.645617,6.039412,0.992561,0.992561
2.645617,4.729277,4.157400,5.531231,0.937185,0.937185
4.157400,4.729277,2.645617,5.531231,0.937185,0.937185
2.645617,5.538905,5.102269,5.211163,0.815766,0.815766
5.102269,5.538905,2.645617,5.211163,0.815766,0.815766
2.645617,6.385782,6.047118,5.164858,0.800848,0.800848
6.047118,6.385782,2.645617,5.164858,0.800848,0.800848
3.023562,4.215353,3.212532,6.972544,1.864137,1.864137
3.212532,4.215353,3.023562,6.972544,1.864137,1.864137
3.023562,4.629717,3.779453,5.838822,2.342660,2.342660
3.779453,4.629717,3.023562,5.838822,2.342660,2.342660
3.023562,4.922886,4.157400,5.418776,2.349554,2.349554
4.157400,4.922886,3.023562,5.418776,2.349554,2.349554
3.023562,5.699647,5.102269,5.163952,2.285549,2.285549
5.102269,5.699647,3.023562,5.163952,2.285549,2.285549
3.023562,6.520925,6.047118,5.120825,2.271976,2.271976
6.047118,6.520925,3.023562,5.120825,2.271976,2.271976
3.779452,5.106725,3.779453,5.383506,4.129738,4.129738
3.779453,5.106725,3.779452,5.383506,4.129738,4.129738
3.779452,5.369299,4.157400,5.253578,4.412559,4.412559
4.157400,5.369299,3.779452,5.253578,4.412559,4.412559
3.779452,6.079147,5.102269,5.249157,4.592910,4.592910
5.102269,6.079147,3.779452,5.249157,4.592910,4.592910
3.779452,6.846022,6.047118,5.216018,4.585538,4.585538
6.047118,6.846022,3.779452,5.216018,4.585538,4.585538
4.535343,6.524479,5.102269,5.123073,5.011070,5.011070
5.102269,6.524479,4.535343,5.123073,5.011070,5.011070
4.535343,7.235766,6.047118,5.137888,5.048624,5.048624
6.047118,7.235766,4.535343,5.137888,5.048624,5.048624
5.291233,7.680323,6.047118,5.172010,5.127980,5.127980
6.047118,7.680323,5.291233,5.172010,5.127980,5.127980
