R1,R2,R3,ETriat,E,ENew
1.511781,2.316189,1.511788,30.950903,54.738609,54.738609
1.511788,2.316189,1.511781,30.950903,54.738609,54.738609
1.511781,2.463939,1.700758,27.591090,40.109465,40.109465
1.700758,2.463939,1.511781,27.591090,40.109465,40.109465
1.511781,2.617011,1.889731,24.210689,31.825531,31.825531
1.889731,2.617011,1.511781,24.210689,31.825531,31.825531
1.511781,2.774500,2.078700,21.004346,27.020094,27.020094
2.078700,2.774500,1.511781,21.004346,27.020094,27.020094
1.511781,2.935719,2.267673,17.915438,24.020641,24.020641
2.267673,2.935719,1.511781,17.915438,24.020641,24.020641
1.511781,3.100063,2.456643,14.993455,22.001391,22.001391
2.456643,3.100063,1.511781,14.993455,22.001391,22.001391
1.511781,3.267082,2.645616,12.418094,20.652680,20.652680
2.645616,3.267082,1.511781,12.418094,20.652680,20.652680
1.511781,3.436365,2.834585,10.270250,19.789344,19.789344
2.834585,3.436365,1.511781,10.270250,19.789344,19.789344
1.511781,3.780543,3.212528,7.053891,18.828829,18.828829
3.212528,3.780543,1.511781,7.053891,18.828829,18.828829
1.511781,4.307457,3.779462,5.046875,18.799428,18.799428
3.779462,4.307457,1.511781,5.046875,18.799428,18.799428
1.511781,4.663936,4.157404,4.868808,19.103757,19.103757
4.157404,4.663936,1.511781,4.868808,19.103757,19.103757
1.511781,5.567531,5.102259,5.390888,19.830844,19.830844
5.102259,5.567531,1.511781,5.390888,19.830844,19.830844
1.511781,6.482900,6.047113,5.454767,19.926461,19.926461
6.047113,6.482900,1.511781,5.454767,19.926461,19.926461
1.889726,2.895234,1.889731,19.830776,11.621496,11.621496
1.889731,2.895234,1.889726,19.830776,11.621496,11.621496
1.889726,3.042413,2.078700,17.649764,7.822496,7.822496
2.078700,3.042413,1.889726,17.649764,7.822496,7.822496
1.889726,3.194008,2.267673,15.575988,5.757757,5.757757
2.267673,3.194008,1.889726,15.575988,5.757757,5.757757
1.889726,3.349392,2.456643,13.634823,4.597941,4.597941
2.456643,3.349392,1.889726,13.634823,4.597941,4.597941
1.889726,3.508087,2.645616,11.859280,3.900255,3.900255
2.645616,3.508087,1.889726,11.859280,3.900255,3.900255
1.889726,3.669639,2.834585,10.277472,3.442070,3.442070
2.834585,3.669639,1.889726,10.277472,3.442070,3.442070
1.889726,3.999970,3.212528,7.779675,2.909689,2.909689
3.212528,3.999970,1.889726,7.779675,2.909689,2.909689
1.889726,4.509530,3.779462,5.943430,2.824261,2.824261
3.779462,4.509530,1.889726,5.943430,2.824261,2.824261
1.889726,4.856293,4.157404,5.540598,2.862899,2.862899
4.157404,4.856293,1.889726,5.540598,2.862899,2.862899
1.889726,5.740444,5.102259,5.347362,2.864200,2.864200
5.102259,5.740444,1.889726,5.347362,2.864200,2.864200
1.889726,6.641334,6.047113,5.325043,2.871658,2.871658
6.047113,6.641334,1.889726,5.325043,2.871658,2.871658
2.267671,3.474278,2.267673,12.936952,1.242339,1.242339
2.267673,3.474278,2.267671,12.936952,1.242339,1.242339
2.267671,3.621070,2.456643,11.688327,0.607618,0.607618
2.456643,3.621070,2.267671,11.688327,0.607618,0.607618
2.267671,3.771632,2.645616,10.525808,0.352247,0.352247
2.645616,3.771632,2.267671,10.525808,0.352247,0.352247
2.267671,3.925504,2.834585,9.456881,0.248867,0.248867
2.834585,3.925504,2.267671,9.456881,0.248867,0.248867
2.267671,4.241780,3.212528,7.613690,0.136120,0.136120
3.212528,4.241780,2.267671,7.613690,0.136120,0.136120
2.267671,4.733204,3.779462,5.949703,0.081134,0.081134
3.779462,4.733204,2.267671,5.949703,0.081134,0.081134
2.267671,5.069571,4.157404,5.507299,0.060840,0.060840
4.157404,5.069571,2.267671,5.507299,0.060840,0.060840
2.267671,5.932426,5.102259,5.256753,0.000130,0.000130
5.102259,5.932426,2.267671,5.256753,0.000130,0.000130
2.267671,6.817060,6.047113,5.226321,-0.002558,-0.002558
6.047113,6.817060,2.267671,5.226321,-0.002558,-0.002558
2.645616,4.053322,2.645617,9.167820,0.206717,0.206717
2.645617,4.053322,2.645616,9.167820,0.206717,0.206717
2.645617,4.199833,2.834585,8.519096,0.406712,0.406712
2.834585,4.199833,2.645617,8.519096,0.406712,0.406712
2.645617,4.502368,3.212528,7.245057,0.716982,0.716982
3.212528,4.502368,2.645617,7.245057,0.716982,0.716982
2.645617,4.975567,3.779462,5.845095,0.857395,0.857395
3.779462,4.975567,2.645617,5.845095,0.857395,0.857395
2.645617,5.301246,4.157404,5.433532,0.861081,0.861081
4.157404,5.301246,2.645617,5.433532,0.861081,0.861081
2.645617,6.141690,5.102259,5.189768,0.804404,0.804404
5.102259,6.141690,2.645617,5.189768,0.804404,0.804404
2.645617,7.008780,6.047113,5.159486,0.799938,0.799938
6.047113,7.008780,2.645617,5.159486,0.799938,0.799938
3.023562,4.778664,3.212528,6.798690,1.816349,1.816349
3.212528,4.778664,3.023562,6.798690,1.816349,1.816349
3.023562,5.234023,3.779462,5.709199,2.242575,2.242575
3.779462,5.234023,3.023562,5.709199,2.242575,2.242575
3.023562,5.549013,4.157404,5.336206,2.282860,2.282860
4.157404,5.549013,3.023562,5.336206,2.282860,2.282860
3.023562,6.366530,5.102259,5.144919,2.276052,2.276052
5.102259,6.366530,3.023562,5.144919,2.276052,2.276052
3.023562,7.215218,6.047113,5.116403,2.271673,2.271673
6.047113,7.215218,3.023562,5.116403,2.271673,2.271673
3.779452,5.790468,3.779462,5.359548,4.120198,4.120198
3.779462,5.790468,3.779452,5.359548,4.120198,4.120198
3.779452,6.084841,4.157404,5.231420,4.403192,4.403192
4.157404,6.084841,3.779452,5.231420,4.403192,4.403192
3.779452,6.856710,5.102259,5.234006,4.585018,4.585018
5.102259,6.856710,3.779452,5.234006,4.585018,4.585018
3.779452,7.667410,6.047113,5.214036,4.586753,4.586753
6.047113,7.667410,3.779452,5.214036,4.586753,4.586753
4.535343,7.391819,5.102259,5.118528,5.011244,5.011244
5.102259,7.391819,4.535343,5.118528,5.011244,5.011244
4.535343,8.164662,6.047113,5.134128,5.047149,5.047149
6.047113,8.164662,4.535343,5.134128,5.047149,5.047149
5.291233,8.699253,6.047113,5.172619,5.130148,5.130148
6.047113,8.699253,5.291233,5.172619,5.130148,5.130148
