R1,R2,R3,ETriat,E,ENew
1.511781,2.740281,1.511787,23.170501,48.184947,48.184947
1.511787,2.740281,1.511781,23.170501,48.184947,48.184947
1.511781,2.912642,1.700755,22.061766,36.245679,36.245679
1.700755,2.912642,1.511781,22.061766,36.245679,36.245679
1.511781,3.086947,1.889723,20.772595,30.255707,30.255707
1.889723,3.086947,1.511781,20.772595,30.255707,30.255707
1.511781,3.262895,2.078705,19.334871,27.253306,27.253306
2.078705,3.262895,1.511781,19.334871,27.253306,27.253306
1.511781,3.440216,2.267672,17.762812,25.675763,25.675763
2.267672,3.440216,1.511781,17.762812,25.675763,25.675763
1.511781,3.618710,2.456642,15.408260,24.025411,24.025411
2.456642,3.618710,1.511781,15.408260,24.025411,24.025411
1.511781,3.798223,2.645610,12.662694,22.235080,22.235080
2.645610,3.798223,1.511781,12.662694,22.235080,22.235080
1.511781,3.978622,2.834592,10.512072,21.065377,21.065377
2.834592,3.978622,1.511781,10.512072,21.065377,21.065377
1.511781,4.341601,3.212542,7.570402,19.836047,19.836047
3.212542,4.341601,1.511781,7.570402,19.836047,19.836047
1.511781,4.890319,3.779460,5.704952,19.548673,19.548673
3.779460,4.890319,1.511781,5.704952,19.548673,19.548673
1.511781,5.258265,4.157397,5.479242,19.740603,19.740603
4.157397,5.258265,1.511781,5.479242,19.740603,19.740603
1.511781,6.183437,5.102265,5.920517,20.370467,20.370467
5.102265,6.183437,1.511781,5.920517,20.370467,20.370467
1.511781,7.113773,6.047120,5.502989,19.978715,19.978715
6.047120,7.113773,1.511781,5.502989,19.978715,19.978715
1.889723,3.425348,1.889726,20.270313,13.990651,13.990651
1.889726,3.425348,1.889723,20.270313,13.990651,13.990651
1.889726,3.597508,2.078705,18.393219,10.351795,10.351795
2.078705,3.597508,1.889726,18.393219,10.351795,10.351795
1.889726,3.771271,2.267672,16.703712,8.437963,8.437963
2.267672,3.771271,1.889726,16.703712,8.437963,8.437963
1.889726,3.946424,2.456642,15.325940,7.552338,7.552338
2.456642,3.946424,1.889726,15.325940,7.552338,7.552338
1.889726,4.122805,2.645610,13.243797,6.243826,6.243826
2.645610,4.122805,1.889726,13.243797,6.243826,6.243826
1.889726,4.300265,2.834592,11.579413,5.421815,5.421815
2.834592,4.300265,1.889726,11.579413,5.421815,5.421815
1.889726,4.657895,3.212542,9.353026,4.755309,4.755309
3.212542,4.657895,1.889726,9.353026,4.755309,4.755309
1.889726,5.199727,3.779460,6.934774,3.861835,3.861835
3.779460,5.199727,1.889726,6.934774,3.861835,3.861835
1.889726,5.563714,4.157397,6.041134,3.382574,3.382574
4.157397,5.563714,1.889726,6.041134,3.382574,3.382574
1.889726,6.480706,5.102265,5.443759,2.970485,2.970485
5.102265,6.480706,1.889726,5.443759,2.970485,2.970485
1.889726,7.404695,6.047120,5.348060,2.898501,2.898501
6.047120,7.404695,1.889726,5.348060,2.898501,2.898501
2.267671,4.110422,2.267672,14.464735,3.811185,3.811185
2.267672,4.110422,2.267671,14.464735,3.811185,3.811185
2.267671,4.282424,2.456642,13.562775,3.255171,3.255171
2.456642,4.282424,2.267671,13.562775,3.255171,3.255171
2.267671,4.455808,2.645610,12.789649,3.152961,3.152961
2.645610,4.455808,2.267671,12.789649,3.152961,3.152961
2.267671,4.630422,2.834592,11.700309,2.841043,2.841043
2.834592,4.630422,2.267671,11.700309,2.841043,2.841043
2.267671,4.982785,3.212542,9.813727,2.458875,2.458875
3.212542,4.982785,2.267671,9.813727,2.458875,2.458875
2.267671,5.517679,3.779460,6.827080,0.984365,0.984365
3.779460,5.517679,2.267671,6.827080,0.984365,0.984365
2.267671,5.877599,4.157397,5.922740,0.493180,0.493180
4.157397,5.877599,2.267671,5.922740,0.493180,0.493180
2.267671,6.786007,5.102265,5.330513,0.082869,0.082869
5.102265,6.786007,2.267671,5.330513,0.082869,0.082869
2.267671,7.703177,6.047120,5.240514,0.015091,0.015091
6.047120,7.703177,2.267671,5.240514,0.015091,0.015091
2.645610,4.795479,2.645617,11.320996,2.594995,2.594995
2.645617,4.795479,2.645610,11.320996,2.594995,2.594995
2.645617,4.967396,2.834592,10.702849,2.733847,2.733847
2.834592,4.967396,2.645617,10.702849,2.733847,2.733847
2.645617,5.314697,3.212542,9.437344,2.959514,2.959514
3.212542,5.314697,2.645617,9.437344,2.959514,2.959514
2.645617,5.842781,3.779460,6.678127,1.709717,1.709717
3.779460,5.842781,2.645617,6.678127,1.709717,1.709717
2.645617,6.198637,4.157397,5.813275,1.256562,1.256562
4.157397,6.198637,2.645617,5.813275,1.256562,1.256562
2.645617,7.098304,5.102265,5.250012,0.872313,0.872313
5.102265,7.098304,2.645617,5.250012,0.872313,0.872313
2.645617,8.008374,6.047120,5.166786,0.810258,0.810258
6.047120,8.008374,2.645617,5.166786,0.810258,0.810258
3.023562,5.652392,3.212542,8.367000,3.409981,3.409981
3.212542,5.652392,3.023562,8.367000,3.409981,3.409981
3.023562,6.173904,3.779460,6.535451,3.085790,3.085790
3.779460,6.173904,3.023562,6.535451,3.085790,3.085790
3.023562,6.525773,4.157397,5.737947,2.698506,2.698506
4.157397,6.525773,3.023562,5.737947,2.698506,2.698506
3.023562,7.416714,5.102265,5.215832,2.353240,2.353240
5.102265,7.416714,3.023562,5.215832,2.353240,2.353240
3.023562,8.319546,6.047120,5.143439,2.301290,2.301290
6.047120,8.319546,3.023562,5.143439,2.301290,2.301290
3.779452,6.850703,3.779460,5.858188,4.630550,4.630550
3.779460,6.850703,3.779452,5.858188,4.630550,4.630550
3.779452,7.194999,4.157397,5.625363,4.805958,4.805958
4.157397,7.194999,3.779452,5.625363,4.805958,4.805958
3.779452,8.068961,5.102265,5.240993,4.595946,4.595946
5.102265,8.068961,3.779452,5.240993,4.595946,4.595946
3.779452,8.957315,6.047120,5.176718,4.551237,4.551237
6.047120,8.957315,3.779452,5.176718,4.551237,4.551237
4.535343,8.737926,5.102265,5.275359,5.170477,5.170477
5.102265,8.737926,4.535343,5.275359,5.170477,5.170477
4.535343,9.612226,6.047120,5.234556,5.148795,5.148795
6.047120,9.612226,4.535343,5.234556,5.148795,5.148795
5.291233,10.281003,6.047120,5.223067,5.181405,5.181405
6.047120,10.281003,5.291233,5.223067,5.181405,5.181405
