R1,R2,R3,ETriat,E,ENew
1.511781,1.511781,2.137981,36.130288,60.169965,60.169965
2.137981,1.511781,1.511781,36.130288,60.169965,60.169965
1.511781,1.470464,2.078706,38.330523,66.479487,66.479487
2.078706,1.470464,1.511781,38.330523,66.479487,66.479487
1.511781,1.606110,2.267676,34.454066,51.445148,51.445148
2.267676,1.606110,1.511781,34.454066,51.445148,51.445148
1.511781,1.751665,2.456647,31.644984,42.244280,42.244280
2.456647,1.751665,1.511781,31.644984,42.244280,42.244280
1.511781,1.904861,2.645618,28.882900,36.336440,36.336440
2.645618,1.904861,1.511781,28.882900,36.336440,36.336440
1.511781,2.063996,2.834589,24.646055,31.004519,31.004519
2.834589,2.063996,1.511781,24.646055,31.004519,31.004519
1.511781,2.395309,3.212530,17.129220,24.417249,24.417249
3.212530,2.395309,1.511781,17.129220,24.417249,24.417249
1.511781,2.913639,3.779443,9.580247,20.193931,20.193931
3.779443,2.913639,1.511781,9.580247,20.193931,20.193931
1.511781,3.268167,4.157384,6.973342,19.348158,19.348158
4.157384,3.268167,1.511781,6.973342,19.348158,19.348158
1.511781,4.157404,5.084738,5.322559,19.579592,19.579592
5.084738,4.157404,1.511781,5.322559,19.579592,19.579592
1.511781,4.172535,5.102265,5.327047,19.593685,19.593685
5.102265,4.172535,1.511781,5.327047,19.593685,19.593685
1.511781,5.091611,6.047119,5.582205,20.030058,20.030058
6.047119,5.091611,1.511781,5.582205,20.030058,20.030058
1.889726,1.446337,1.889735,45.191401,61.120810,61.120810
1.889735,1.446337,1.889726,45.191401,61.120810,61.120810
1.889726,1.889726,2.672476,24.241955,15.138413,15.138413
2.672476,1.889726,1.889726,24.241955,15.138413,15.138413
1.889726,1.528656,2.078706,41.485685,47.508727,47.508727
2.078706,1.528656,1.889726,41.485685,47.508727,47.508727
1.889726,2.078691,2.928606,21.741630,11.458187,11.458187
2.928606,2.078691,1.889726,21.741630,11.458187,11.458187
1.889726,1.628837,2.267676,35.057957,33.819023,33.819023
2.267676,1.628837,1.889726,35.057957,33.819023,33.819023
1.889726,1.743803,2.456647,28.477868,22.418987,22.418987
2.456647,1.743803,1.889726,28.477868,22.418987,22.418987
1.889726,1.870831,2.645618,24.532043,15.688009,15.688009
2.645618,1.870831,1.889726,24.532043,15.688009,15.688009
1.889726,2.007632,2.834589,22.682698,12.592289,12.592289
2.834589,2.007632,1.889726,22.682698,12.592289,12.592289
1.889726,2.303477,3.212530,18.967625,9.218647,9.218647
3.212530,2.303477,1.889726,18.967625,9.218647,9.218647
1.889726,2.784741,3.779443,11.962848,5.125248,5.125248
3.779443,2.784741,1.889726,11.962848,5.125248,5.125248
1.889726,3.121602,4.157384,9.515295,4.432810,4.432810
4.157384,3.121602,1.889726,9.515295,4.432810,4.432810
1.889726,3.996059,5.102265,6.354853,3.558850,3.558850
5.102265,3.996059,1.889726,6.354853,3.558850,3.558850
1.889726,4.896727,6.047119,5.496436,3.011248,3.011248
6.047119,4.896727,1.889726,5.496436,3.011248,3.011248
2.267671,1.735602,2.267676,36.534377,27.736902,27.736902
2.267676,1.735602,2.267671,36.534377,27.736902,27.736902
2.267671,2.267671,3.206972,15.967030,3.418957,3.418957
3.206972,2.267671,2.267671,15.967030,3.418957,3.418957
2.267671,1.816329,2.456647,30.568338,19.564978,19.564978
2.456647,1.816329,2.267671,30.568338,19.564978,19.564978
2.456638,2.267671,3.194739,14.765139,2.423924,2.423924
3.194739,2.267671,2.456638,14.765139,2.423924,2.423924
2.267671,1.912382,2.645618,24.982595,12.607249,12.607249
2.645618,1.912382,2.267671,24.982595,12.607249,12.607249
2.267671,2.021579,2.834589,20.542749,7.541930,7.541930
2.834589,2.021579,2.267671,20.542749,7.541930,7.541930
2.271605,2.267671,3.212530,15.929083,3.399920,3.399920
3.212530,2.267671,2.271605,15.929083,3.399920,3.399920
2.267671,3.212526,4.385615,9.525900,2.102162,2.102162
4.385615,3.212526,2.267671,9.525900,2.102162,2.102162
2.267671,2.702953,3.779443,12.740133,2.799631,2.799631
3.779443,2.702953,2.267671,12.740133,2.799631,2.799631
2.267671,3.779461,5.028843,6.867082,1.012856,1.012856
5.028843,3.779461,2.267671,6.867082,1.012856,1.012856
2.267671,3.015554,4.157384,10.479568,2.207537,2.207537
4.157384,3.015554,2.267671,10.479568,2.207537,2.207537
2.267671,3.848717,5.102265,6.641495,0.894428,0.894428
5.102265,3.848717,2.267671,6.641495,0.894428,0.894428
2.267671,4.724092,6.047119,5.447984,0.175885,0.175885
6.047119,4.724092,2.267671,5.447984,0.175885,0.175885
2.645617,2.024868,2.645618,24.175754,11.264306,11.264306
2.645618,2.024868,2.645617,24.175754,11.264306,11.264306
2.645617,2.645617,3.741467,10.769692,1.412803,1.412803
3.741467,2.645617,2.645617,10.769692,1.412803,1.412803
2.645617,2.104438,2.834589,20.877536,8.152237,8.152237
2.834589,2.104438,2.645617,20.877536,8.152237,8.152237
2.645617,2.302186,3.212530,14.459027,2.801105,2.801105
3.212530,2.302186,2.645617,14.459027,2.801105,2.801105
2.645617,2.672604,3.779443,10.637038,1.447104,1.447104
3.779443,2.672604,2.645617,10.637038,1.447104,1.447104
2.645617,2.954389,4.157384,9.600260,1.951082,1.951082
4.157384,2.954389,2.645617,9.600260,1.951082,1.951082
2.645617,3.733958,5.102265,6.919027,1.857372,1.857372
5.102265,3.733958,2.645617,6.919027,1.857372,1.857372
2.645617,4.576226,6.047119,5.445242,1.025561,1.025561
6.047119,4.576226,2.645617,5.445242,1.025561,1.025561
3.023562,2.392827,3.212530,13.695124,3.657633,3.657633
3.212530,2.392827,3.023562,13.695124,3.657633,3.657633
3.023562,2.695433,3.779443,9.045988,1.458292,1.458292
3.779443,2.695433,3.023562,9.045988,1.458292,1.458292
3.023562,2.940910,4.157384,8.182160,1.992321,1.992321
4.157384,2.940910,3.023562,8.182160,1.992321,1.992321
3.023562,3.654852,5.102265,7.129202,3.428671,3.428671
5.102265,3.654852,3.023562,7.129202,3.428671,3.428671
3.023562,4.455595,6.047119,5.491845,2.564467,2.564467
6.047119,4.455595,3.023562,5.491845,2.564467,2.564467
3.779443,2.892664,3.779452,7.432437,2.855831,2.855831
3.779452,2.892664,3.779443,7.432437,2.855831,2.855831
3.779452,3.779452,5.344953,5.624894,4.376784,4.376784
5.344953,3.779452,3.779452,5.624894,4.376784,4.376784
3.779452,3.057300,4.157384,6.654746,3.145720,3.145720
4.157384,3.057300,3.779452,6.654746,3.145720,3.145720
3.779452,4.157400,5.857226,5.512867,4.681200,4.681200
5.857226,4.157400,3.779452,5.512867,4.681200,4.681200
3.779452,3.611925,5.102265,5.751580,4.174620,4.174620
5.102265,3.611925,3.779452,5.751580,4.174620,4.174620
3.779452,4.304689,6.047119,5.520746,4.764589,4.764589
6.047119,4.304689,3.779452,5.520746,4.764589,4.764589
4.535343,3.725158,5.102265,5.531638,4.723393,4.723393
5.102265,3.725158,4.535343,5.531638,4.723393,4.723393
4.535343,4.283819,6.047119,5.299126,5.074035,5.074035
6.047119,4.283819,4.535343,5.299126,5.074035,5.074035
5.291233,4.394839,6.047119,5.274976,5.131666,5.131666
6.047119,4.394839,5.291233,5.274976,5.131666,5.131666
2.282033,3.400013,4.608687,8.692570,1.930354,1.930354
4.608687,3.400013,2.282033,8.692570,1.930354,1.930354
