R1,R2,R3,ETriat,E,ENew
2.200005,3.816689,2.282033,15.698459,4.801882,4.801882
2.282033,3.816689,2.200005,15.698459,4.801882,4.801882
2.282033,3.987233,2.400010,14.324104,3.685733,3.685733
2.400010,3.987233,2.282033,14.324104,3.685733,3.685733
2.282033,4.160402,2.600015,13.218201,3.296453,3.296453
2.600015,4.160402,2.282033,13.218201,3.296453,3.296453
2.282033,4.335866,2.800012,11.646630,2.582507,2.582507
2.800012,4.335866,2.282033,11.646630,2.582507,2.582507
2.282033,4.513386,3.000017,10.462093,2.254934,2.254934
3.000017,4.513386,2.282033,10.462093,2.254934,2.254934
2.282033,4.692716,3.200022,9.608718,2.190408,2.190408
3.200022,4.692716,2.282033,9.608718,2.190408,2.190408
2.282033,4.873640,3.400018,8.646530,1.905072,1.905072
3.400018,4.873640,2.282033,8.646530,1.905072,1.905072
2.282033,5.056016,3.600024,7.576618,1.371087,1.371087
3.600024,5.056016,2.282033,7.576618,1.371087,1.371087
2.282033,5.239679,3.800029,6.782660,0.964635,0.964635
3.800029,5.239679,2.282033,6.782660,0.964635,0.964635
2.282033,5.424483,4.000025,6.233702,0.670149,0.670149
4.000025,5.424483,2.282033,6.233702,0.670149,0.670149
2.282033,5.610344,4.200030,5.873625,0.461741,0.461741
4.200030,5.610344,2.282033,5.873625,0.461741,0.461741
2.282033,5.797146,4.400035,5.646832,0.317382,0.317382
4.400035,5.797146,2.282033,5.646832,0.317382,0.317382
2.282033,5.984775,4.600015,5.504158,0.216300,0.216300
4.600015,5.984775,2.282033,5.504158,0.216300,0.216300
2.282033,6.173206,4.800020,5.414226,0.146874,0.146874
4.800020,6.173206,2.282033,5.414226,0.146874,0.146874
2.282033,6.362344,5.000025,5.355554,0.099217,0.099217
5.000025,6.362344,2.282033,5.355554,0.099217,0.099217
2.282033,6.552114,5.200022,5.315358,0.066304,0.066304
5.200022,6.552114,2.282033,5.315358,0.066304,0.066304
2.282033,6.742488,5.400027,5.286830,0.043668,0.043668
5.400027,6.742488,2.282033,5.286830,0.043668,0.043668
2.282033,6.933404,5.600032,5.266410,0.028447,0.028447
5.600032,6.933404,2.282033,5.266410,0.028447,0.028447
2.282033,7.124807,5.800028,5.251493,0.018126,0.018126
5.800028,7.124807,2.282033,5.251493,0.018126,0.018126
2.282033,7.316682,6.000034,5.240734,0.011318,0.011318
6.000034,7.316682,2.282033,5.240734,0.011318,0.011318
2.282033,7.798137,6.500029,5.225486,0.003209,0.003209
6.500029,7.798137,2.282033,5.225486,0.003209,0.003209
2.282033,8.281804,7.000042,5.219101,0.000997,0.000997
7.000042,8.281804,2.282033,5.219101,0.000997,0.000997
2.282033,8.767291,7.500038,5.216573,0.000911,0.000911
7.500038,8.767291,2.282033,5.216573,0.000911,0.000911
2.282033,9.254323,8.000033,5.215526,0.001344,0.001344
8.000033,9.254323,2.282033,5.215526,0.001344,0.001344
2.282033,9.742695,8.500055,5.215115,0.001865,0.001865
8.500055,9.742695,2.282033,5.215115,0.001865,0.001865
2.282033,10.232166,9.000050,5.214947,0.002298,0.002298
9.000050,10.232166,2.282033,5.214947,0.002298,0.002298
2.282033,10.722608,9.500046,5.214894,0.002645,0.002645
9.500046,10.722608,2.282033,5.214894,0.002645,0.002645
2.282033,11.213908,10.000059,5.214882,0.002905,0.002905
10.000059,11.213908,2.282033,5.214882,0.002905,0.002905
