R1,R2,R3,ETriat,E,ENew
1.511776,2.476758,1.511781,30.216862,54.301066,54.301066
1.511781,2.476758,1.511776,30.216862,54.301066,54.301066
1.511781,2.633784,1.700749,27.933471,41.006192,41.006192
1.700749,2.633784,1.511781,27.933471,41.006192,41.006192
1.511781,2.794768,1.889721,25.432639,33.740577,33.740577
1.889721,2.794768,1.511781,25.432639,33.740577,33.740577
1.511781,2.959064,2.078694,22.929013,29.695313,29.695313
2.078694,2.959064,1.511781,22.929013,29.695313,29.695313
1.511781,3.126150,2.267667,20.446039,27.302394,27.302394
2.267667,3.126150,1.511781,20.446039,27.302394,27.302394
1.511781,3.295614,2.456646,15.895951,23.610026,23.610026
2.456646,3.295614,1.511781,15.895951,23.610026,23.610026
1.511781,3.467084,2.645618,12.938326,21.795238,21.795238
2.645618,3.467084,1.511781,12.938326,21.795238,21.795238
1.511781,2.834592,1.937769,25.856402,33.540929,33.540929
1.937769,2.834592,1.511781,25.856402,33.540929,33.540929
1.511781,3.640287,2.834591,10.526177,20.556282,20.556282
2.834591,3.640287,1.511781,10.526177,20.556282,20.556282
1.511781,3.990988,3.212536,7.295241,19.342867,19.342867
3.212536,3.990988,1.511781,7.295241,19.342867,19.342867
1.511781,4.525285,3.779461,5.360028,19.170018,19.170018
3.779461,4.525285,1.511781,5.360028,19.170018,19.170018
1.511781,4.157397,3.389619,6.385417,19.153713,19.153713
3.389619,4.157397,1.511781,6.385417,19.153713,19.153713
1.511781,4.885548,4.157388,5.186654,19.436707,19.436707
4.157388,4.885548,1.511781,5.186654,19.436707,19.436707
1.511781,5.796105,5.102258,5.746700,20.190896,20.190896
5.102258,5.796105,1.511781,5.746700,20.190896,20.190896
1.511781,6.716148,6.047127,5.502367,19.975897,19.975897
6.047127,6.716148,1.511781,5.502367,19.975897,19.975897
1.889721,3.095943,1.889726,23.591095,16.182534,16.182534
1.889726,3.095943,1.889721,23.591095,16.182534,16.182534
1.889726,3.252544,2.078694,20.768501,11.724833,11.724833
2.078694,3.252544,1.889726,20.768501,11.724833,11.724833
1.889726,3.412426,2.267667,17.946838,8.852437,8.852437
2.267667,3.412426,1.889726,17.946838,8.852437,8.852437
1.889726,3.575161,2.456646,15.420017,7.011110,7.011110
2.456646,3.575161,1.889726,15.420017,7.011110,7.011110
1.889726,3.740351,2.645618,13.174507,5.724063,5.724063
2.645618,3.740351,1.889726,13.174507,5.724063,5.724063
1.889726,3.907697,2.834591,11.389446,4.936831,4.936831
2.834591,3.907697,1.889726,11.389446,4.936831,4.936831
1.889726,4.247835,3.212536,9.130701,4.432680,4.432680
3.212536,4.247835,1.889726,9.130701,4.432680,4.432680
1.889726,4.768741,3.779461,6.964255,3.874931,3.874931
3.779461,4.768741,1.889726,6.964255,3.874931,3.874931
1.889726,5.121422,4.157388,6.050587,3.382228,3.382228
4.157388,5.121422,1.889726,6.050587,3.382228,3.382228
1.889726,6.016602,5.102258,5.445382,2.966713,2.966713
5.102258,6.016602,1.889726,5.445382,2.966713,2.966713
1.889726,6.924997,6.047127,5.347384,2.895812,2.895812
6.047127,6.924997,1.889726,5.347384,2.895812,2.895812
2.267667,3.715128,2.267671,15.615032,4.473919,4.473919
2.267671,3.715128,2.267667,15.615032,4.473919,4.473919
2.267671,3.871455,2.456646,14.243830,3.602084,3.602084
2.456646,3.871455,2.267671,14.243830,3.602084,3.602084
2.267671,4.030567,2.645618,13.135810,3.286783,3.286783
2.645618,4.030567,2.267671,13.135810,3.286783,3.286783
2.267671,4.192158,2.834591,11.431921,2.447080,2.447080
2.834591,4.192158,2.267671,11.431921,2.447080,2.447080
2.267671,4.521714,3.212536,9.507918,2.115085,2.115085
3.212536,4.521714,2.267671,9.507918,2.115085,2.115085
2.267671,5.028843,3.779461,6.867082,1.012856,1.012856
3.779461,5.028843,2.267671,6.867082,1.012856,1.012856
2.267671,5.373550,4.157388,5.947735,0.508574,0.508574
4.157388,5.373550,2.267671,5.947735,0.508574,0.508574
2.267671,6.252187,5.102258,5.338501,0.086208,0.086208
5.102258,6.252187,2.267671,5.338501,0.086208,0.086208
2.267671,7.147742,6.047127,5.242021,0.014831,0.014831
6.047127,7.147742,2.267671,5.242021,0.014831,0.014831
2.645617,4.334328,2.645618,11.030937,2.228482,2.228482
2.645618,4.334328,2.645617,11.030937,2.228482,2.228482
2.645617,4.490431,2.834591,10.293370,2.281169,2.281169
2.834591,4.490431,2.645617,10.293370,2.281169,2.281169
2.645617,4.809718,3.212536,9.235919,2.741609,2.741609
3.212536,4.809718,2.645617,9.235919,2.741609,2.741609
2.645617,5.303142,3.779461,6.752382,1.773419,1.773419
3.779461,5.303142,2.645617,6.752382,1.773419,1.773419
2.645617,5.639751,4.157388,5.859529,1.294029,1.294029
4.157388,5.639751,2.645617,5.859529,1.294029,1.294029
2.645617,6.501221,5.102258,5.264393,0.882893,0.882893
5.102258,6.501221,2.645617,5.264393,0.882893,0.882893
2.645617,7.383124,6.047127,5.170550,0.812513,0.812513
6.047127,7.383124,2.645617,5.170550,0.812513,0.812513
3.023562,5.109457,3.212536,7.903532,2.934667,2.934667
3.212536,5.109457,3.023562,7.903532,2.934667,2.934667
3.023562,5.589548,3.779461,6.652696,3.193594,3.193594
3.779461,5.589548,3.023562,6.652696,3.193594,3.193594
3.023562,5.918128,4.157388,5.801955,2.755226,2.755226
4.157388,5.918128,3.023562,5.801955,2.755226,2.755226
3.023562,6.762218,5.102258,5.233768,2.368158,2.368158
5.102258,6.762218,3.023562,5.233768,2.368158,2.368158
3.023562,7.629975,6.047127,5.148175,2.304759,2.304759
6.047127,7.629975,3.023562,5.148175,2.304759,2.304759
3.779452,6.191897,3.779461,5.706926,4.473529,4.473529
3.779461,6.191897,3.779452,5.706926,4.473529,4.473529
3.779452,6.505089,4.157388,5.545635,4.722049,4.722049
4.157388,6.505089,3.779452,5.545635,4.722049,4.722049
3.779452,7.314922,5.102258,5.261701,4.614809,4.614809
5.102258,7.314922,3.779452,5.261701,4.614809,4.614809
3.779452,8.153868,6.047127,5.181613,4.555270,4.555270
6.047127,8.153868,3.779452,5.181613,4.555270,4.555270
4.535343,7.901350,5.102258,5.278731,5.172732,5.172732
5.102258,7.901350,4.535343,5.278731,5.172732,5.172732
4.535343,8.711908,6.047127,5.235042,5.148708,5.148708
6.047127,8.711908,4.535343,5.235042,5.148708,5.148708
5.291233,9.297950,6.047127,5.223184,5.181144,5.181144
6.047127,9.297950,5.291233,5.223184,5.181144,5.181144
2.662813,4.364941,2.662869,10.881147,2.219029,2.219029
2.662869,4.364941,2.662813,10.881147,2.219029,2.219029
2.662869,4.380443,2.681710,10.800742,2.215820,2.215820
2.681710,4.380443,2.662869,10.800742,2.215820,2.215820
2.662869,4.395971,2.700608,10.722541,2.215516,2.215516
2.700608,4.395971,2.662869,10.722541,2.215516,2.215516
2.662813,4.380449,2.681767,10.800736,2.215820,2.215820
2.681767,4.380449,2.662813,10.800736,2.215820,2.215820
2.681710,4.395924,2.681767,10.719464,2.211483,2.211483
2.681767,4.395924,2.681710,10.719464,2.211483,2.211483
2.681767,4.411425,2.700608,10.641250,2.210919,2.210919
2.700608,4.411425,2.681767,10.641250,2.210919,2.210919
2.662813,4.395968,2.700658,10.722557,2.215516,2.215516
2.700658,4.395968,2.662813,10.722557,2.215516,2.215516
2.681710,4.411416,2.700658,10.641273,2.210919,2.210919
2.700658,4.411416,2.681710,10.641273,2.210919,2.210919
2.700608,4.426891,2.700658,10.562126,2.209185,2.209185
2.700658,4.426891,2.700608,10.562126,2.209185,2.209185
