R1,R2,R3,ETriat,E,ENew
1.511781,1.614578,1.700749,48.690377,73.355084,73.355084
1.700749,1.614578,1.511781,48.690377,73.355084,73.355084
1.511781,1.731971,1.889734,46.473142,60.286484,60.286484
1.889734,1.731971,1.511781,46.473142,60.286484,60.286484
1.511781,1.861168,2.078702,41.263467,49.241471,49.241471
2.078702,1.861168,1.511781,41.263467,49.241471,49.241471
1.511781,1.999897,2.267671,35.028443,40.326112,40.326112
2.267671,1.999897,1.511781,35.028443,40.326112,40.326112
1.511781,2.146311,2.456639,27.805555,32.361035,32.361035
2.456639,2.146311,1.511781,27.805555,32.361035,32.361035
1.511781,2.298959,2.645624,23.786002,28.730895,28.730895
2.645624,2.298959,1.511781,23.786002,28.730895,28.730895
1.511781,2.456648,2.834592,20.896873,26.841043,26.841043
2.834592,2.456648,1.511781,20.896873,26.841043,26.841043
1.511781,2.783734,3.212529,13.302252,21.887820,21.887820
3.212529,2.783734,1.511781,13.302252,21.887820,21.887820
1.511781,3.294849,3.779451,7.225613,19.284282,19.284282
3.779451,3.294849,1.511781,7.225613,19.284282,19.284282
1.511781,3.644779,4.157404,5.605788,19.032987,19.032987
4.157404,3.644779,1.511781,5.605788,19.032987,19.032987
1.511781,4.539281,5.102263,5.286222,19.677161,19.677161
5.102263,4.539281,1.511781,5.286222,19.677161,19.677161
1.511781,5.450801,6.047121,5.539979,19.996148,19.996148
6.047121,5.450801,1.511781,5.539979,19.996148,19.996148
1.889734,1.889726,1.889734,43.551070,36.253658,36.253658
1.889734,1.889726,1.889734,43.551070,36.253658,36.253658
1.889726,1.990954,2.078702,40.767236,29.800687,29.800687
2.078702,1.990954,1.889726,40.767236,29.800687,29.800687
1.889726,2.104309,2.267671,37.390771,24.957349,24.957349
2.267671,2.104309,1.889726,37.390771,24.957349,24.957349
1.889726,2.227949,2.456639,30.914908,18.346056,18.346056
2.456639,2.227949,1.889726,30.914908,18.346056,18.346056
1.889726,2.360275,2.645624,24.945796,13.018948,13.018948
2.645624,2.360275,1.889726,24.945796,13.018948,13.018948
1.889726,2.499876,2.834592,20.377474,9.515301,9.515301
2.834592,2.499876,1.889726,20.377474,9.515301,9.515301
1.889726,2.796533,3.212529,14.989696,6.700710,6.700710
3.212529,2.796533,1.889726,14.989696,6.700710,6.700710
1.889726,3.273100,3.779451,10.164843,5.223598,5.223598
3.779451,3.273100,1.889726,10.164843,5.223598,5.223598
1.889726,3.605375,4.157404,7.832392,4.247125,4.247125
4.157404,3.605375,1.889726,7.832392,4.247125,4.247125
1.889726,4.467916,5.102263,5.696435,3.147671,3.147671
5.102263,4.467916,1.889726,5.696435,3.147671,3.147671
1.889726,5.358296,6.047121,5.401279,2.929116,2.929116
6.047121,5.358296,1.889726,5.401279,2.929116,2.929116
2.267671,2.267671,2.267671,34.734160,19.106966,19.106966
2.267671,2.267671,2.267671,34.734160,19.106966,19.106966
2.003921,2.267671,2.456642,31.077206,16.881390,16.881390
2.456642,2.267671,2.003921,31.077206,16.881390,16.881390
2.267671,2.367815,2.456639,29.950862,14.641026,14.641026
2.456639,2.367815,2.267671,29.950862,14.641026,14.641026
2.267671,2.478360,2.645624,25.116199,10.666618,10.666618
2.645624,2.478360,2.267671,25.116199,10.666618,10.666618
2.267671,2.597947,2.834592,20.828605,7.512269,7.512269
2.834592,2.597947,2.267671,20.828605,7.512269,7.512269
2.267671,2.859669,3.212529,14.237099,3.428497,3.428497
3.212529,2.859669,2.267671,14.237099,3.428497,3.428497
2.267671,3.294849,3.779451,10.125602,2.481208,2.481208
3.779451,3.294849,2.267671,10.125602,2.481208,2.481208
2.267671,3.605375,4.157404,7.795353,1.433401,1.433401
4.157404,3.605375,2.267671,7.795353,1.433401,1.433401
2.267671,4.427773,5.102263,5.638960,0.304286,0.304286
5.102263,4.427773,2.267671,5.638960,0.304286,0.304286
2.267671,5.291231,6.047121,5.307519,0.057197,0.057197
6.047121,5.291231,2.267671,5.307519,0.057197,0.057197
2.645624,2.645617,2.645624,22.234753,9.212446,9.212446
2.645624,2.645617,2.645624,22.234753,9.212446,9.212446
2.645617,2.744989,2.834592,19.161695,7.274851,7.274851
2.834592,2.744989,2.645617,19.161695,7.274851,7.274851
2.645617,2.969932,3.212529,13.671890,4.179737,4.179737
3.212529,2.969932,2.645617,13.671890,4.179737,4.179737
2.645617,3.359249,3.779451,8.432503,1.865524,1.865524
3.779451,3.359249,2.645617,8.432503,1.865524,1.865524
2.645617,3.644779,4.157404,7.543139,2.135553,2.135553
4.157404,3.644779,2.645617,7.543139,2.135553,2.135553
2.645617,4.419700,5.102263,5.589212,1.120789,1.120789
5.102263,4.419700,2.645617,5.589212,1.120789,1.120789
2.645617,5.250580,6.047121,5.247344,0.864377,0.864377
6.047121,5.250580,2.645617,5.247344,0.864377,0.864377
3.023562,3.122335,3.212529,12.455164,5.075249,5.075249
3.212529,3.122335,3.023562,12.455164,5.075249,5.075249
3.023562,3.463924,3.779451,8.059365,3.316574,3.316574
3.779451,3.463924,3.023562,8.059365,3.316574,3.316574
3.023562,3.722336,4.157404,6.771258,3.030414,3.030414
4.157404,3.722336,3.023562,6.771258,3.030414,3.030414
3.023562,4.443874,5.102263,5.550643,2.602020,2.602020
5.102263,4.443874,3.023562,5.550643,2.602020,2.602020
3.023562,5.236960,6.047121,5.227600,2.358227,2.358227
6.047121,5.236960,3.023562,5.227600,2.358227,2.358227
3.779451,3.779451,3.779452,7.082051,5.249530,5.249530
3.779452,3.779451,3.779451,7.082051,5.249530,5.249530
3.779452,3.981907,4.157404,6.116619,4.955998,4.955998
4.157404,3.981907,3.779452,6.116619,4.955998,4.955998
3.779452,4.586240,5.102263,5.490849,4.783929,4.783929
5.102263,4.586240,3.779452,5.490849,4.783929,4.783929
3.779452,5.102259,5.798287,5.290373,4.629770,4.629770
5.798287,5.102259,3.779452,5.290373,4.629770,4.629770
3.779452,5.291231,6.047121,5.254417,4.602320,4.602320
6.047121,5.291231,3.779452,5.254417,4.602320,4.602320
4.535343,4.843751,5.102263,5.327097,5.181708,5.181708
5.102263,4.843751,4.535343,5.327097,5.181708,5.181708
4.535343,5.450801,6.047121,5.308549,5.199227,5.199227
6.047121,5.450801,4.535343,5.308549,5.199227,5.199227
5.291233,5.706846,6.047121,5.249604,5.189167,5.189167
6.047121,5.706846,5.291233,5.249604,5.189167,5.189167
2.722936,2.722906,2.722955,20.293112,8.167328,8.167328
2.722955,2.722906,2.722936,20.293112,8.167328,8.167328
2.722955,2.732434,2.741804,20.023853,8.010826,8.010826
2.741804,2.732434,2.722955,20.023853,8.010826,8.010826
2.722955,2.742028,2.760701,19.750664,7.851507,7.851507
2.760701,2.742028,2.722955,19.750664,7.851507,7.851507
2.722906,2.732434,2.741852,20.023853,8.010826,8.010826
2.741852,2.732434,2.722906,20.023853,8.010826,8.010826
2.741833,2.741804,2.741852,19.843119,7.942615,7.942615
2.741852,2.741804,2.741833,19.843119,7.942615,7.942615
2.741852,2.751330,2.760701,19.582926,7.796044,7.796044
2.760701,2.751330,2.741852,19.582926,7.796044,7.796044
2.722906,2.742028,2.760749,19.750664,7.851507,7.851507
2.760749,2.742028,2.722906,19.750664,7.851507,7.851507
2.741804,2.751330,2.760749,19.582926,7.796044,7.796044
2.760749,2.751330,2.741804,19.582926,7.796044,7.796044
2.760730,2.760701,2.760749,19.407251,7.733730,7.733730
2.760749,2.760701,2.760730,19.407251,7.733730,7.733730
