R1,R2,R3,ETriat,E,ENew
1.511781,2.550043,1.511784,28.471030,52.778465,52.778465
1.511784,2.550043,1.511781,28.471030,52.778465,52.778465
1.511781,2.711335,1.700761,26.453662,39.823132,39.823132
1.700761,2.711335,1.511781,26.453662,39.823132,39.823132
1.511781,2.875985,1.889731,24.252718,32.891291,32.891291
1.889731,2.875985,1.511781,24.252718,32.891291,32.891291
1.511781,3.043463,2.078701,22.042346,29.145586,29.145586
2.078701,3.043463,1.511781,22.042346,29.145586,29.145586
1.511781,3.213325,2.267671,19.866022,27.043814,27.043814
2.267671,3.213325,1.511781,19.866022,27.043814,27.043814
1.511781,3.385214,2.456641,15.508680,23.509812,23.509812
2.456641,3.385214,1.511781,15.508680,23.509812,23.509812
1.511781,3.558849,2.645619,12.667703,21.763235,21.763235
2.645619,3.558849,1.511781,12.667703,21.763235,21.763235
1.511781,3.733961,2.834588,10.357139,20.570635,20.570635
2.834588,3.733961,1.511781,10.357139,20.570635,20.570635
1.511781,4.087888,3.212528,7.274494,19.406526,19.406526
3.212528,4.087888,1.511781,7.274494,19.406526,19.406526
1.511781,4.625935,3.779463,5.420830,19.245124,19.245124
3.779463,4.625935,1.511781,5.420830,19.245124,19.245124
1.511781,4.988171,4.157402,5.251064,19.505136,19.505136
4.157402,4.988171,1.511781,5.251064,19.505136,19.505136
1.511781,5.902395,5.102259,5.794495,20.240461,20.240461
5.102259,5.902395,1.511781,5.794495,20.240461,20.240461
1.511781,6.824969,6.047116,5.503139,19.977371,19.977371
6.047116,6.824969,1.511781,5.503139,19.977371,19.977371
1.889726,3.187563,1.889731,22.857776,15.792690,15.792690
1.889731,3.187563,1.889726,22.857776,15.792690,15.792690
1.889726,3.348477,2.078701,20.180635,11.456322,11.456322
2.078701,3.348477,1.889726,20.180635,11.456322,11.456322
1.889726,3.512187,2.267671,17.618988,8.802395,8.802395
2.267671,3.512187,1.889726,17.618988,8.802395,8.802395
1.889726,3.678320,2.456641,15.184457,7.000312,7.000312
2.456641,3.678320,1.889726,15.184457,7.000312,7.000312
1.889726,3.846576,2.645619,13.023934,5.741973,5.741973
2.645619,3.846576,1.889726,13.023934,5.741973,5.741973
1.889726,4.016661,2.834588,11.307303,4.971262,4.971262
2.834588,4.016661,1.889726,11.307303,4.971262,4.971262
1.889726,4.361498,3.212528,9.132649,4.478342,4.478342
3.212528,4.361498,1.889726,9.132649,4.478342,4.478342
1.889726,4.887966,3.779463,6.958337,3.875581,3.875581
3.779463,4.887966,1.889726,6.958337,3.875581,3.875581
1.889726,5.243618,4.157402,6.051784,3.386434,3.386434
4.157402,5.243618,1.889726,6.051784,3.386434,3.386434
1.889726,6.144411,5.102259,5.446191,2.969271,2.969271
5.102259,6.144411,1.889726,5.446191,2.969271,2.969271
1.889726,7.056738,6.047116,5.347893,2.896983,2.896983
6.047116,7.056738,1.889726,5.347893,2.896983,2.896983
2.267671,3.825067,2.267671,15.400366,4.442350,4.442350
2.267671,3.825067,2.267671,15.400366,4.442350,4.442350
2.267671,3.985735,2.456641,14.138080,3.629360,3.629360
2.456641,3.985735,2.267671,14.138080,3.629360,3.629360
2.267671,4.148804,2.645619,13.092415,3.332923,3.332923
2.645619,4.148804,2.267671,13.092415,3.332923,3.332923
2.267671,4.313972,2.834588,11.419495,2.490401,2.490401
2.834588,4.313972,2.267671,11.419495,2.490401,2.490401
2.267671,4.649751,3.212528,9.561071,2.185768,2.185768
3.212528,4.649751,2.267671,9.561071,2.185768,2.185768
2.267671,5.164383,3.779463,6.859915,1.009430,1.009430
3.779463,5.164383,2.267671,6.859915,1.009430,1.009430
2.267671,5.513156,4.157402,5.943828,0.507577,0.507577
4.157402,5.513156,2.267671,5.943828,0.507577,0.507577
2.267671,6.399608,5.102259,5.337146,0.086425,0.086425
5.102259,6.399608,2.267671,5.337146,0.086425,0.086425
2.267671,7.300726,6.047116,5.241904,0.015308,0.015308
6.047116,7.300726,2.267671,5.241904,0.015308,0.015308
2.645617,4.462587,2.645619,11.116614,2.349728,2.349728
2.645619,4.462587,2.645617,11.116614,2.349728,2.349728
2.645617,4.623076,2.834588,10.400731,2.408877,2.408877
2.834588,4.623076,2.645617,10.400731,2.408877,2.408877
2.645617,4.950090,3.212528,9.344062,2.856264,2.856264
3.212528,4.950090,2.645617,9.344062,2.856264,2.856264
2.645617,5.452996,3.779463,6.737810,1.762057,1.762057
3.779463,5.452996,2.645617,6.737810,1.762057,1.762057
2.645617,5.794820,4.157402,5.849935,1.287264,1.287264
4.157402,5.794820,2.645617,5.849935,1.287264,1.287264
2.645617,6.666474,5.102259,5.261164,0.880985,0.880985
5.102259,6.666474,2.645617,5.261164,0.880985,0.880985
2.645617,7.555748,6.047116,5.169773,0.812253,0.812253
6.047116,7.555748,2.645617,5.169773,0.812253,0.812253
3.023562,5.260445,3.212528,8.006661,3.041472,3.041472
3.212528,5.260445,3.023562,8.006661,3.041472,3.041472
3.023562,5.751971,3.779463,6.628627,3.172562,3.172562
3.779463,5.751971,3.023562,6.628627,3.172562,3.172562
3.023562,6.086926,4.157402,5.787627,2.743387,2.743387
4.157402,6.086926,3.023562,5.787627,2.743387,2.743387
3.023562,6.943662,5.102259,5.229622,2.365079,2.365079
5.102259,6.943662,3.023562,5.229622,2.365079,2.365079
3.023562,7.820725,6.047116,5.147085,2.304109,2.304109
6.047116,7.820725,3.023562,5.147085,2.304109,2.304109
3.779452,6.375125,3.779463,5.738399,4.507049,4.507049
3.779463,6.375125,3.779452,5.738399,4.507049,4.507049
3.779452,6.696953,4.157402,5.562421,4.740348,4.740348
4.157402,6.696953,3.779452,5.562421,4.740348,4.740348
3.779452,7.524404,5.102259,5.257137,4.610906,4.610906
5.102259,7.524404,3.779452,5.257137,4.610906,4.610906
3.779452,8.376731,6.047116,5.180484,4.554446,4.554446
6.047116,8.376731,3.779452,5.180484,4.554446,4.554446
4.535343,8.133978,5.102259,5.277982,5.172385,5.172385
5.102259,8.133978,4.535343,5.277982,5.172385,5.172385
4.535343,8.962045,6.047116,5.234924,5.148795,5.148795
6.047116,8.962045,4.535343,5.234924,5.148795,5.148795
5.291233,9.571291,6.047116,5.223092,5.181188,5.181188
6.047116,9.571291,5.291233,5.223092,5.181188,5.181188
