R1,R2,R3,ETriat,E,ENew
1.511781,2.316189,1.511788,33.092353,56.880060,56.880060
1.511788,2.316189,1.511781,33.092353,56.880060,56.880060
1.511781,2.463939,1.700758,30.509495,43.027870,43.027870
1.700758,2.463939,1.511781,30.509495,43.027870,43.027870
1.511781,2.617011,1.889731,27.691570,35.306412,35.306412
1.889731,2.617011,1.511781,27.691570,35.306412,35.306412
1.511781,2.774500,2.078700,24.809374,30.825121,30.825121
2.078700,2.774500,1.511781,24.809374,30.825121,30.825121
1.511781,2.935719,2.267673,21.925881,28.031085,28.031085
2.267673,2.935719,1.511781,21.925881,28.031085,28.031085
1.511781,3.100063,2.456643,17.374189,24.382124,24.382124
2.456643,3.100063,1.511781,17.374189,24.382124,24.382124
1.511781,3.267082,2.645616,14.059165,22.293752,22.293752
2.645616,3.267082,1.511781,14.059165,22.293752,22.293752
1.511781,3.436365,2.834585,11.328204,20.847298,20.847298
2.834585,3.436365,1.511781,11.328204,20.847298,20.847298
1.511781,3.780543,3.212528,7.603661,19.378599,19.378599
3.212528,3.780543,1.511781,7.603661,19.378599,19.378599
1.511781,4.307457,3.779462,5.319982,19.072535,19.072535
3.779462,4.307457,1.511781,5.319982,19.072535,19.072535
1.511781,4.663936,4.157404,5.086539,19.321489,19.321489
4.157404,4.663936,1.511781,5.086539,19.321489,19.321489
1.511781,5.567531,5.102259,5.644394,20.084350,20.084350
5.102259,5.567531,1.511781,5.644394,20.084350,20.084350
1.511781,6.482900,6.047113,5.501687,19.973381,19.973381
6.047113,6.482900,1.511781,5.501687,19.973381,19.973381
1.889726,2.895234,1.889731,24.225382,16.016102,16.016102
1.889731,2.895234,1.889726,24.225382,16.016102,16.016102
1.889726,3.042413,2.078700,21.679981,11.852714,11.852714
2.078700,3.042413,1.889726,21.679981,11.852714,11.852714
1.889726,3.194008,2.267673,19.404823,9.586592,9.586592
2.267673,3.194008,1.889726,19.404823,9.586592,9.586592
1.889726,3.349392,2.456643,16.495380,7.458498,7.458498
2.456643,3.349392,1.889726,16.495380,7.458498,7.458498
1.889726,3.508087,2.645616,14.004113,6.045088,6.045088
2.645616,3.508087,1.889726,14.004113,6.045088,6.045088
1.889726,3.669639,2.834585,11.964206,5.128804,5.128804
2.834585,3.669639,1.889726,11.964206,5.128804,5.128804
1.889726,3.999970,3.212528,9.376472,4.506486,4.506486
3.212528,3.999970,1.889726,9.376472,4.506486,4.506486
1.889726,4.509530,3.779462,6.990674,3.871505,3.871505
3.779462,4.509530,1.889726,6.990674,3.871505,3.871505
1.889726,4.856293,4.157404,6.046441,3.368741,3.368741
4.157404,4.856293,1.889726,6.046441,3.368741,3.368741
1.889726,5.740444,5.102259,5.442199,2.959037,2.959037
5.102259,5.740444,1.889726,5.442199,2.959037,2.959037
1.889726,6.641334,6.047113,5.346465,2.893080,2.893080
6.047113,6.641334,1.889726,5.346465,2.893080,2.893080
2.267671,3.474278,2.267673,15.791265,4.096651,4.096651
2.267673,3.474278,2.267671,15.791265,4.096651,4.096651
2.267671,3.621070,2.456643,14.299367,3.218658,3.218658
2.456643,3.621070,2.267671,14.299367,3.218658,3.218658
2.267671,3.771632,2.645616,13.074925,2.901363,2.901363
2.645616,3.771632,2.267671,13.074925,2.901363,2.901363
2.267671,3.925504,2.834585,11.871438,2.663424,2.663424
2.834585,3.925504,2.267671,11.871438,2.663424,2.663424
2.267671,4.241780,3.212528,9.613079,2.135509,2.135509
3.212528,4.241780,2.267671,9.613079,2.135509,2.135509
2.267671,4.733204,3.779462,6.887712,1.019143,1.019143
3.779462,4.733204,2.267671,6.887712,1.019143,1.019143
2.267671,5.069571,4.157404,5.954513,0.508054,0.508054
4.157404,5.069571,2.267671,5.954513,0.508054,0.508054
2.267671,5.932426,5.102259,5.340619,0.083996,0.083996
5.102259,5.932426,2.267671,5.340619,0.083996,0.083996
2.267671,6.817060,6.047113,5.242149,0.013269,0.013269
6.047113,6.817060,2.267671,5.242149,0.013269,0.013269
2.645616,4.053322,2.645617,10.857893,1.896790,1.896790
2.645617,4.053322,2.645616,10.857893,1.896790,1.896790
2.645617,4.199833,2.834585,10.083630,1.971246,1.971246
2.834585,4.199833,2.645617,10.083630,1.971246,1.971246
2.645617,4.502368,3.212528,9.022075,2.494000,2.494000
3.212528,4.502368,2.645617,9.022075,2.494000,2.494000
2.645617,4.975567,3.779462,6.774085,1.786385,1.786385
3.779462,4.975567,2.645617,6.774085,1.786385,1.786385
2.645617,5.301246,4.157404,5.876930,1.304479,1.304479
4.157404,5.301246,2.645617,5.876930,1.304479,1.304479
2.645617,6.141690,5.102259,5.270685,0.885322,0.885322
5.102259,6.141690,2.645617,5.270685,0.885322,0.885322
2.645617,7.008780,6.047113,5.171931,0.812383,0.812383
6.047113,7.008780,2.645617,5.171931,0.812383,0.812383
3.023562,4.778664,3.212528,7.714540,2.732199,2.732199
3.212528,4.778664,3.023562,7.714540,2.732199,2.732199
3.023562,5.234023,3.779462,6.691093,3.224469,3.224469
3.779462,5.234023,3.023562,6.691093,3.224469,3.224469
3.023562,5.549013,4.157404,5.827652,2.774306,2.774306
4.157404,5.549013,3.023562,5.827652,2.774306,2.774306
3.023562,6.366530,5.102259,5.242011,2.373145,2.373145
5.102259,6.366530,3.023562,5.242011,2.373145,2.373145
3.023562,7.215218,6.047113,5.150314,2.305583,2.305583
6.047113,7.215218,3.023562,5.150314,2.305583,2.305583
3.779452,5.790468,3.779462,5.658370,4.419020,4.419020
3.779462,5.790468,3.779452,5.658370,4.419020,4.419020
3.779452,6.084841,4.157404,5.520789,4.692561,4.692561
4.157404,6.084841,3.779452,5.520789,4.692561,4.692561
3.779452,6.856710,5.102259,5.269651,4.620663,4.620663
5.102259,6.856710,3.779452,5.269651,4.620663,4.620663
3.779452,7.667410,6.047113,5.183681,4.556398,4.556398
6.047113,7.667410,3.779452,5.183681,4.556398,4.556398
4.535343,7.391819,5.102259,5.280103,5.172819,5.172819
5.102259,7.391819,4.535343,5.280103,5.172819,5.172819
4.535343,8.164662,6.047113,5.235297,5.148318,5.148318
6.047113,8.164662,4.535343,5.235297,5.148318,5.148318
5.291233,8.699253,6.047113,5.223442,5.180971,5.180971
6.047113,8.699253,5.291233,5.223442,5.180971,5.180971
