R1,R2,R3,ETriat,E,ENew
1.511788,1.511781,2.316189,33.092353,56.880060,56.880060
2.316189,1.511781,1.511788,33.092353,56.880060,56.880060
1.511781,1.700749,2.551270,29.054897,41.836311,41.836311
2.551270,1.700749,1.511781,29.054897,41.836311,41.836311
1.511781,1.474957,2.267672,34.049315,61.190149,61.190149
2.267672,1.474957,1.511781,34.049315,61.190149,61.190149
2.128418,1.511781,2.267671,34.801143,39.177787,39.177787
2.267671,1.511781,2.128418,34.801143,39.177787,39.177787
1.511781,1.621889,2.456642,33.984045,50.309008,50.309008
2.456642,1.621889,1.511781,33.984045,50.309008,50.309008
1.511781,1.776799,2.645610,29.843287,40.259028,40.259028
2.645610,1.776799,1.511781,29.843287,40.259028,40.259028
1.511781,1.937769,2.834592,25.856402,33.540929,33.540929
2.834592,1.937769,1.511781,25.856402,33.540929,33.540929
1.511781,2.834592,3.821737,10.312609,20.669939,20.669939
3.821737,2.834592,1.511781,10.312609,20.669939,20.669939
1.511781,2.272678,3.212542,18.731356,25.905072,25.905072
3.212542,2.272678,1.511781,18.731356,25.905072,25.905072
1.511781,2.795691,3.779460,10.729679,20.862823,20.862823
3.779460,2.795691,1.511781,10.729679,20.862823,20.862823
1.511781,3.779443,4.808757,5.597952,19.437488,19.437488
4.808757,3.779443,1.511781,5.597952,19.437488,19.437488
1.511781,3.152797,4.157397,7.713711,19.674993,19.674993
4.157397,3.152797,1.511781,7.713711,19.674993,19.674993
1.511781,4.062120,5.102265,5.422757,19.612288,19.612288
5.102265,4.062120,1.511781,5.422757,19.612288,19.612288
1.511781,4.984668,6.047120,5.593368,20.037951,20.037951
6.047120,4.984668,1.511781,5.593368,20.037951,20.037951
1.889723,1.292656,1.889726,43.351512,81.113055,81.113055
1.889726,1.292656,1.889723,43.351512,81.113055,81.113055
1.889731,1.889726,2.895234,24.225382,16.016102,16.016102
2.895234,1.889726,1.889731,24.225382,16.016102,16.016102
1.889726,1.368855,2.078705,39.825256,63.148299,63.148299
2.078705,1.368855,1.889726,39.825256,63.148299,63.148299
2.078691,1.889726,2.928606,21.741630,11.458187,11.458187
2.928606,1.889726,2.078691,21.741630,11.458187,11.458187
1.889726,1.465606,2.267672,33.406483,44.548216,44.548216
2.267672,1.465606,1.889726,33.406483,44.548216,44.548216
1.889726,1.579112,2.456642,28.619461,30.638786,30.638786
2.456642,1.579112,1.889726,28.619461,30.638786,30.638786
1.889726,1.706068,2.645610,26.596854,22.569895,22.569895
2.645610,1.706068,1.889726,26.596854,22.569895,22.569895
1.889726,1.843684,2.834592,24.787769,17.270062,17.270062
2.834592,1.843684,1.889726,24.787769,17.270062,17.270062
2.660516,1.889726,2.834588,20.343689,10.034977,10.034977
2.834588,1.889726,2.660516,20.343689,10.034977,10.034977
1.889726,2.142531,3.212542,20.751329,11.242797,11.242797
3.212542,2.142531,1.889726,20.751329,11.242797,11.242797
1.889726,2.629257,3.779460,13.272813,5.827877,5.827877
3.779460,2.629257,1.889726,13.272813,5.827877,5.827877
1.889726,2.969577,4.157397,10.329045,4.649587,4.649587
4.157397,2.969577,1.889726,10.329045,4.649587,4.649587
1.889726,3.851228,5.102265,6.724106,3.757240,3.757240
5.102265,3.851228,1.889726,6.724106,3.757240,3.757240
1.889726,4.757198,6.047120,5.542473,3.049538,3.049538
6.047120,4.757198,1.889726,5.542473,3.049538,3.049538
2.267671,1.551189,2.267672,33.941279,34.887818,34.887818
2.267672,1.551189,2.267671,33.941279,34.887818,34.887818
2.267673,2.267671,3.474278,15.791265,4.096651,4.096651
3.474278,2.267671,2.267673,15.791265,4.096651,4.096651
2.267671,1.625531,2.456642,29.380945,25.798960,25.798960
2.456642,1.625531,2.267671,29.380945,25.798960,25.798960
2.267671,1.717559,2.645610,23.999712,16.742018,16.742018
2.645610,1.717559,2.267671,23.999712,16.742018,16.742018
2.267671,1.824576,2.834592,20.555673,10.711934,10.711934
2.834592,1.824576,2.267671,20.555673,10.711934,10.711934
2.267671,2.074005,3.212542,17.643921,5.712875,5.712875
3.212542,2.074005,2.267671,17.643921,5.712875,5.712875
2.267671,2.509141,3.779460,13.935825,3.305733,3.305733
3.779460,2.509141,2.267671,13.935825,3.305733,3.305733
2.267671,2.825302,4.157397,11.507195,2.464166,2.464166
4.157397,2.825302,2.267671,11.507195,2.464166,2.464166
2.267671,3.667259,5.102265,7.284981,1.227725,1.227725
5.102265,3.667259,2.267671,7.284981,1.227725,1.227725
2.267671,4.549796,6.047120,5.533763,0.241885,0.241885
6.047120,4.549796,2.267671,5.533763,0.241885,0.241885
2.645610,1.809705,2.645617,23.820973,14.474421,14.474421
2.645617,1.809705,2.645610,23.820973,14.474421,14.474421
2.645617,2.645616,4.053322,10.857893,1.896790,1.896790
4.053322,2.645616,2.645617,10.857893,1.896790,1.896790
2.645617,1.882730,2.834592,20.330695,10.095860,10.095860
2.834592,1.882730,2.645617,20.330695,10.095860,10.095860
2.645617,2.073220,3.212542,14.751501,3.693929,3.693929
3.212542,2.073220,2.645617,14.751501,3.693929,3.693929
2.645617,2.442184,3.779460,11.919549,1.973674,1.973674
3.779460,2.442184,2.645617,11.919549,1.973674,1.973674
2.645617,2.726161,4.157397,10.527887,1.953683,1.953683
4.157397,2.726161,2.645617,10.527887,1.953683,1.953683
2.645617,3.514442,5.102265,7.849303,2.307014,2.307014
5.102265,3.514442,2.645617,7.849303,2.307014,2.307014
2.645617,4.365323,6.047120,5.593541,1.128378,1.128378
6.047120,4.365323,2.645617,5.593541,1.128378,1.128378
3.023562,2.140250,3.212542,13.586957,3.692801,3.692801
3.212542,2.140250,3.023562,13.586957,3.692801,3.692801
3.023562,2.432781,3.779460,10.299133,1.844753,1.844753
3.779460,2.432781,3.023562,10.299133,1.844753,1.844753
3.023562,2.677176,4.157397,9.219083,1.967213,1.967213
4.157397,2.677176,3.023562,9.219083,1.967213,1.967213
3.023562,3.396983,5.102265,7.470975,3.112763,3.112763
5.102265,3.396983,3.023562,7.470975,3.112763,3.112763
3.023562,4.206795,6.047120,5.728782,2.712252,2.712252
6.047120,4.206795,3.023562,5.728782,2.712252,2.712252
3.779452,2.585305,3.779460,7.559226,1.777452,1.777452
3.779460,2.585305,3.779452,7.559226,1.777452,1.777452
3.779462,3.779452,5.790468,5.658370,4.419020,4.419020
5.790468,3.779452,3.779462,5.658370,4.419020,4.419020
3.779452,2.737691,4.157397,7.031960,2.233512,2.233512
4.157397,2.737691,3.779452,7.031960,2.233512,2.233512
4.157400,3.779452,5.857226,5.512867,4.681200,4.681200
5.857226,3.779452,4.157400,5.512867,4.681200,4.681200
3.779452,3.282217,5.102265,6.306044,3.795965,3.795965
5.102265,3.282217,3.779452,6.306044,3.795965,3.795965
5.102259,3.779452,5.798287,5.290373,4.629770,4.629770
5.798287,3.779452,5.102259,5.290373,4.629770,4.629770
3.779452,3.979490,6.047120,5.581493,4.609042,4.609042
6.047120,3.979490,3.779452,5.581493,4.609042,4.609042
4.535343,3.339032,5.102265,5.469445,3.686167,3.686167
5.102265,3.339032,4.535343,5.469445,3.686167,3.686167
4.535343,5.102260,7.653808,5.279446,5.172905,5.172905
7.653808,5.102260,4.535343,5.279446,5.172905,5.172905
4.535343,3.888226,6.047120,5.480415,4.942512,4.942512
6.047120,3.888226,4.535343,5.480415,4.942512,4.942512
5.291233,3.942461,6.047120,5.323972,4.895071,4.895071
6.047120,3.942461,5.291233,5.323972,4.895071,4.895071
