R1,R2,R3,ETriat,E,ENew
1.511781,1.511776,1.734233,48.520936,79.179232,79.179232
1.734233,1.511776,1.511781,48.520936,79.179232,79.179232
1.511781,1.606015,1.889727,46.881957,66.655415,66.655415
1.889727,1.606015,1.511781,46.881957,66.655415,66.655415
1.511781,1.732490,2.078699,40.656026,52.240490,52.240490
2.078699,1.732490,1.511781,40.656026,52.240490,52.240490
1.511781,1.869520,2.267666,34.049064,41.289403,41.289403
2.267666,1.869520,1.511781,34.049064,41.289403,41.289403
1.511781,2.014989,2.456648,27.851190,33.249132,33.249132
2.456648,2.014989,1.511781,27.851190,33.249132,33.249132
1.511781,2.167164,2.645615,25.219507,30.322097,30.322097
2.645615,2.167164,1.511781,25.219507,30.322097,30.322097
1.511781,2.324763,2.834587,22.149768,27.858625,27.858625
2.834587,2.324763,1.511781,22.149768,27.858625,27.858625
1.511781,2.652274,3.212537,14.431896,22.500208,22.500208
3.212537,2.652274,1.511781,14.431896,22.500208,22.500208
1.511781,3.164679,3.779443,7.854039,19.452882,19.452882
3.779443,3.164679,1.511781,7.854039,19.452882,19.452882
1.511781,3.515600,4.157393,5.935701,19.059136,19.059136
4.157393,3.515600,1.511781,5.935701,19.059136,19.059136
1.511781,4.412481,5.102264,5.272117,19.636616,19.636616
5.102264,4.412481,1.511781,5.272117,19.636616,19.636616
1.511781,5.325977,6.047124,5.553564,20.007075,20.007075
6.047124,5.325977,1.511781,5.553564,20.007075,20.007075
1.889726,1.745150,1.889727,44.610163,41.030302,41.030302
1.889727,1.745150,1.889726,44.610163,41.030302,41.030302
1.889726,1.889721,2.167801,40.311933,30.394732,30.394732
2.167801,1.889721,1.889726,40.311933,30.394732,30.394732
1.889726,1.840073,2.078699,41.828265,33.342148,33.342148
2.078699,1.840073,1.889726,41.828265,33.342148,33.342148
1.889726,1.948722,2.267666,36.958876,25.945357,25.945357
2.267666,1.948722,1.889726,36.958876,25.945357,25.945357
1.889726,2.068975,2.456648,30.022327,18.053695,18.053695
2.456648,2.068975,1.889726,30.022327,18.053695,18.053695
1.889726,2.198896,2.645615,24.617887,12.714055,12.714055
2.645615,2.198896,1.889726,24.617887,12.714055,12.714055
1.889726,2.336910,2.834587,20.232292,9.025980,9.025980
2.834587,2.336910,1.889726,20.232292,9.025980,9.025980
1.889726,2.631978,3.212537,16.090995,7.156987,7.156987
3.212537,2.631978,1.889726,16.090995,7.156987,7.156987
1.889726,3.108401,3.779443,10.244005,4.704660,4.704660
3.779443,3.108401,1.889726,10.244005,4.704660,4.704660
1.889726,3.441299,4.157393,8.670478,4.664938,4.664938
4.157393,3.441299,1.889726,8.670478,4.664938,4.664938
1.889726,4.306208,5.102264,5.849471,3.253783,3.253783
5.102264,4.306208,1.889726,5.849471,3.253783,3.253783
1.889726,5.199021,6.047124,5.426786,2.951015,2.951015
6.047124,5.199021,1.889726,5.426786,2.951015,2.951015
2.267666,2.094186,2.267671,35.997567,20.843222,20.843222
2.267671,2.094186,2.267666,35.997567,20.843222,20.843222
2.267671,2.267667,2.601368,26.562918,11.641574,11.641574
2.601368,2.267667,2.267671,26.562918,11.641574,11.641574
2.267671,2.187880,2.456648,30.761793,15.488404,15.488404
2.456648,2.187880,2.267671,30.761793,15.488404,15.488404
2.267671,2.293332,2.645615,25.376776,10.616966,10.616966
2.645615,2.293332,2.267671,25.376776,10.616966,10.616966
2.267671,2.409036,2.834587,20.896352,7.026548,7.026548
2.834587,2.409036,2.267671,20.896352,7.026548,7.026548
2.267671,2.665661,3.212537,14.445766,2.861858,2.861858
3.212537,2.665661,2.267671,14.445766,2.861858,2.861858
2.267671,3.097549,3.779443,10.851938,2.494304,2.494304
3.779443,3.097549,2.267671,10.851938,2.494304,2.494304
2.267671,3.407539,4.157393,8.865988,1.985166,1.985166
4.157393,3.407539,2.267671,8.865988,1.985166,1.985166
2.267671,4.231141,5.102264,5.847342,0.442444,0.442444
5.102264,4.231141,2.267671,5.847342,0.442444,0.442444
2.267671,5.096989,6.047124,5.340966,0.085904,0.085904
6.047124,5.096989,2.267671,5.340966,0.085904,0.085904
2.645615,2.443212,2.645617,23.199908,9.526576,9.526576
2.645617,2.443212,2.645615,23.199908,9.526576,9.526576
2.645618,2.645617,3.034925,16.546003,5.082534,5.082534
3.034925,2.645617,2.645618,16.546003,5.082534,5.082534
2.645617,2.536030,2.834587,19.991293,7.332568,7.332568
2.834587,2.536030,2.645617,19.991293,7.332568,7.332568
2.645617,2.834592,3.339505,12.536630,2.925950,2.925950
3.339505,2.834592,2.645617,12.536630,2.925950,2.925950
2.645617,2.751340,3.212537,14.031483,3.651909,3.651909
3.212537,2.751340,2.645617,14.031483,3.651909,3.651909
2.645617,3.132594,3.779443,8.944466,1.588601,1.588601
3.779443,3.132594,2.645617,8.944466,1.588601,1.588601
2.645617,3.779452,4.613409,6.825790,1.813791,1.813791
4.613409,3.779452,2.645617,6.825790,1.813791,1.813791
2.645617,3.415521,4.157393,8.416523,2.427653,2.427653
4.157393,3.415521,2.645617,8.416523,2.427653,2.427653
2.645617,4.188957,5.102264,5.841601,1.282884,1.282884
5.102264,4.188957,2.645617,5.841601,1.282884,1.282884
2.645617,5.021401,6.047124,5.288932,0.899935,0.899935
6.047124,5.021401,2.645617,5.288932,0.899935,0.899935
3.023562,2.884386,3.212537,13.063440,4.737920,4.737920
3.212537,2.884386,3.023562,13.063440,4.737920,4.737920
3.023562,3.212034,3.779443,8.436206,2.886706,2.886706
3.779443,3.212034,3.023562,8.436206,2.886706,2.886706
3.023562,3.464958,4.157393,6.995174,2.661819,2.661819
4.157393,3.464958,3.023562,6.995174,2.661819,2.661819
3.023562,4.180652,5.102264,5.826121,2.776604,2.776604
5.102264,4.180652,3.023562,5.826121,2.776604,2.776604
3.023562,4.973461,6.047124,5.275543,2.398859,2.398859
6.047124,4.973461,3.023562,5.275543,2.398859,2.398859
3.779443,3.490309,3.779452,7.262939,4.808256,4.808256
3.779452,3.490309,3.779443,7.262939,4.808256,4.808256
3.779461,3.779452,4.335617,5.917498,4.575391,4.575391
4.335617,3.779452,3.779461,5.917498,4.575391,4.575391
3.779452,3.680121,4.157393,6.235410,4.630117,4.630117
4.157393,3.680121,3.779452,6.235410,4.630117,4.630117
3.779452,4.265664,5.102264,5.507114,4.716411,4.716411
5.102264,4.265664,3.779452,5.507114,4.716411,4.716411
3.779452,4.963272,6.047124,5.312502,4.651495,4.651495
6.047124,4.963272,3.779452,5.312502,4.651495,4.651495
4.535343,4.478468,5.102264,5.330824,5.145152,5.145152
5.102264,4.478468,4.535343,5.330824,5.145152,5.145152
4.535343,5.067106,6.047124,5.272369,5.154042,5.154042
6.047124,5.067106,4.535343,5.272369,5.154042,5.154042
5.291233,5.278238,6.047124,5.263753,5.194587,5.194587
6.047124,5.278238,5.291233,5.263753,5.194587,5.194587
2.282033,6.000042,7.007163,5.241116,0.010407,0.010407
7.007163,6.000042,2.282033,5.241116,0.010407,0.010407
