R1,R2,R3,ETriat,E,ENew
1.511781,2.793418,1.511793,22.131667,47.359381,47.359381
1.511793,2.793418,1.511781,22.131667,47.359381,47.359381
1.511781,2.968885,1.700764,21.258423,35.669890,35.669890
1.700764,2.968885,1.511781,21.258423,35.669890,35.669890
1.511781,3.145917,1.889735,20.115747,29.823063,29.823063
1.889735,3.145917,1.511781,20.115747,29.823063,29.823063
1.511781,3.324264,2.078706,18.789085,26.913201,26.913201
2.078706,3.324264,1.511781,18.789085,26.913201,26.913201
1.511781,3.503725,2.267676,17.346476,25.434094,25.434094
2.267676,3.503725,1.511781,17.346476,25.434094,25.434094
1.511781,3.684136,2.456647,15.631921,24.385680,24.385680
2.456647,3.684136,1.511781,15.631921,24.385680,24.385680
1.511781,3.865366,2.645618,12.887261,22.557623,22.557623
2.645618,3.865366,1.511781,12.887261,22.557623,22.557623
1.511781,4.047304,2.834589,10.713785,21.331329,21.331329
2.834589,4.047304,1.511781,10.713785,21.331329,21.331329
1.511781,4.412954,3.212530,7.744341,20.031186,20.031186
3.212530,4.412954,1.511781,7.744341,20.031186,20.031186
1.511781,4.964881,3.779443,5.816827,19.663501,19.663501
3.779443,4.964881,1.511781,5.816827,19.663501,19.663501
1.511781,5.334579,4.157384,5.559157,19.822214,19.822214
4.157384,5.334579,1.511781,5.559157,19.822214,19.822214
1.511781,6.263157,5.102265,5.956256,20.407153,20.407153
5.102265,6.263157,1.511781,5.956256,20.407153,20.407153
1.511781,7.195954,6.047119,5.501734,19.977805,19.977805
6.047119,7.195954,1.511781,5.501734,19.977805,19.977805
1.889726,3.491767,1.889735,19.551400,13.457403,13.457403
1.889735,3.491767,1.889726,19.551400,13.457403,13.457403
1.889726,3.667066,2.078706,17.809677,9.918371,9.918371
2.078706,3.667066,1.889726,17.809677,9.918371,9.918371
1.889726,3.843661,2.267676,16.227384,8.073011,8.073011
2.267676,3.843661,1.889726,16.227384,8.073011,8.073011
1.889726,4.021382,2.456647,15.401304,7.703462,7.703462
2.456647,4.021382,1.889726,15.401304,7.703462,7.703462
1.889726,4.200085,2.645618,13.457636,6.504877,6.504877
2.645618,4.200085,1.889726,13.457636,6.504877,6.504877
1.889726,4.379649,2.834589,11.778117,5.647482,5.647482
2.834589,4.379649,1.889726,11.778117,5.647482,5.647482
1.889726,4.740973,3.212530,9.687088,5.096628,5.096628
3.212530,4.740973,1.889726,9.687088,5.096628,5.096628
1.889726,5.287317,3.779443,6.920717,3.849779,3.849779
3.779443,5.287317,1.889726,6.920717,3.849779,3.849779
1.889726,5.653797,4.157384,6.032118,3.375289,3.375289
4.157384,5.653797,1.889726,6.032118,3.375289,3.375289
1.889726,6.575702,5.102265,5.441259,2.968794,2.968794
5.102265,6.575702,1.889726,5.441259,2.968794,2.968794
1.889726,7.503299,6.047119,5.347543,2.898284,2.898284
6.047119,7.503299,1.889726,5.347543,2.898284,2.898284
2.267671,4.190115,2.267676,14.195441,3.592240,3.592240
2.267676,4.190115,2.267671,14.195441,3.592240,3.592240
2.267671,4.365300,2.456647,13.372308,3.094507,3.094507
2.456647,4.365300,2.267671,13.372308,3.094507,3.094507
2.267671,4.541591,2.645618,12.665565,3.045245,3.045245
2.645618,4.541591,2.267671,12.665565,3.045245,3.045245
2.267671,4.718863,2.834589,11.839600,2.988872,2.988872
2.834589,4.718863,2.267671,11.839600,2.988872,2.988872
2.267671,5.075941,3.212530,9.787022,2.435025,2.435025
3.212530,5.075941,2.267671,9.787022,2.435025,2.435025
2.267671,5.616679,3.779443,6.810674,0.969882,0.969882
3.779443,5.616679,2.267671,6.810674,0.969882,0.969882
2.267671,5.979865,4.157384,5.912345,0.484377,0.484377
4.157384,5.979865,2.267671,5.912345,0.484377,0.484377
2.267671,6.894800,5.102265,5.327479,0.080484,0.080484
5.102265,6.894800,2.267671,5.327479,0.080484,0.080484
2.267671,7.816836,6.047119,5.239698,0.014527,0.014527
6.047119,7.816836,2.267671,5.239698,0.014527,0.014527
2.645617,4.888463,2.645618,11.362714,2.641612,2.641612
2.645618,4.888463,2.645617,11.362714,2.641612,2.641612
2.645617,5.063566,2.834589,10.786292,2.820359,2.820359
2.834589,5.063566,2.645617,10.786292,2.820359,2.820359
2.645617,5.416568,3.212530,9.375916,2.900235,2.900235
3.212530,5.416568,2.645617,9.375916,2.900235,2.900235
2.645617,5.951818,3.779443,6.652944,1.686257,1.686257
3.779443,5.951818,2.645617,6.652944,1.686257,1.686257
2.645617,6.311723,4.157384,5.798410,1.242989,1.242989
4.157384,6.311723,2.645617,5.798410,1.242989,1.242989
2.645617,7.219581,5.102265,5.245733,0.868540,0.868540
5.102265,7.219581,2.645617,5.245733,0.868540,0.868540
2.645617,8.135849,6.047119,5.165579,0.809261,0.809261
6.047119,8.135849,2.645617,5.165579,0.809261,0.809261
3.023562,5.761852,3.212530,8.497386,3.542328,3.542328
3.212530,5.761852,3.023562,8.497386,3.542328,3.542328
3.023562,6.291810,3.779443,6.499531,3.051229,3.051229
3.779443,6.291810,3.023562,6.499531,3.051229,3.051229
3.023562,6.648503,4.157384,5.718158,2.679686,2.679686
4.157384,6.648503,3.023562,5.718158,2.679686,2.679686
3.023562,7.549313,5.102265,5.210844,2.348644,2.348644
5.102265,7.549313,3.023562,5.210844,2.348644,2.348644
3.023562,8.459718,6.047119,5.142141,2.300163,2.300163
6.047119,8.459718,3.023562,5.142141,2.300163,2.300163
3.779443,6.983508,3.779452,5.904062,4.677123,4.677123
3.779452,6.983508,3.779443,5.904062,4.677123,4.677123
3.779452,7.334107,4.157384,5.648704,4.829808,4.829808
4.157384,7.334107,3.779452,5.648704,4.829808,4.829808
3.779452,8.221237,5.102265,5.235210,4.590395,4.590395
5.102265,8.221237,3.779452,5.235210,4.590395,4.590395
3.779452,9.119949,6.047119,5.175478,4.550110,4.550110
6.047119,9.119949,3.779452,5.175478,4.550110,4.550110
4.535343,8.906631,5.102265,5.274438,5.169696,5.169696
5.102265,8.906631,4.535343,5.274438,5.169696,5.169696
4.535343,9.794022,6.047119,5.234440,5.148752,5.148752
6.047119,9.794022,4.535343,5.234440,5.148752,5.148752
5.291233,10.479265,6.047119,5.223107,5.181491,5.181491
6.047119,10.479265,5.291233,5.223107,5.181491,5.181491
