R1,R2,R3,ETriat,E,ENew
1.511780,2.618481,1.511781,26.297275,50.843992,50.843992
1.511781,2.618481,1.511780,26.297275,50.843992,50.843992
1.511781,2.783738,1.700749,24.666685,38.325942,38.325942
1.700749,2.783738,1.511781,24.666685,38.325942,38.325942
1.511781,2.951851,1.889734,22.845204,31.792314,31.792314
1.889734,2.951851,1.511781,22.845204,31.792314,31.792314
1.511781,3.122342,2.078702,20.937890,28.346342,28.346342
2.078702,3.122342,1.511781,20.937890,28.346342,28.346342
1.511781,3.294850,2.267671,18.977394,26.437844,26.437844
2.267671,3.294850,1.511781,18.977394,26.437844,26.437844
1.511781,3.469073,2.456639,15.317280,23.562456,23.562456
2.456639,3.469073,1.511781,15.317280,23.562456,23.562456
1.511781,3.644777,2.645624,12.554054,21.844760,21.844760
2.645624,3.644777,1.511781,12.554054,21.844760,21.844760
1.511781,3.821737,2.834592,10.312609,20.669939,20.669939
2.834592,3.821737,1.511781,10.312609,20.669939,20.669939
1.511781,4.178812,3.212529,7.322417,19.514936,19.514936
3.212529,4.178812,1.511781,7.322417,19.514936,19.514936
1.511781,4.720533,3.779451,5.501670,19.335148,19.335148
3.779451,4.720533,1.511781,5.501670,19.335148,19.335148
1.511781,5.084738,4.157404,5.322559,19.579592,19.579592
4.157404,5.084738,1.511781,5.322559,19.579592,19.579592
1.511781,6.002672,5.102263,5.839529,20.287034,20.287034
5.102263,6.002672,1.511781,5.839529,20.287034,20.287034
1.511781,6.927849,6.047121,5.503591,19.978412,19.978412
6.047121,6.927849,1.511781,5.503591,19.978412,19.978412
1.889726,3.273106,1.889734,21.787569,15.024669,15.024669
1.889734,3.273106,1.889726,21.787569,15.024669,15.024669
1.889726,3.438057,2.078702,19.900520,11.447433,11.447433
2.078702,3.438057,1.889726,19.900520,11.447433,11.447433
1.889726,3.605367,2.267671,17.482021,8.891942,8.891942
2.267671,3.605367,1.889726,17.482021,8.891942,8.891942
1.889726,3.774722,2.456639,15.108564,7.099573,7.099573
2.456639,3.774722,1.889726,15.108564,7.099573,7.099573
1.889726,3.945869,2.645624,13.002673,5.845700,5.845700
2.645624,3.945869,1.889726,13.002673,5.845700,5.845700
1.889726,4.118565,2.834592,11.325958,5.072040,5.072040
2.834592,4.118565,1.889726,11.325958,5.072040,5.072040
1.889726,4.467910,3.212529,9.191834,4.565287,4.565287
3.212529,4.467910,1.889726,9.191834,4.565287,4.565287
1.889726,4.999744,3.779451,6.952680,3.874193,3.874193
3.779451,4.999744,1.889726,6.952680,3.874193,3.874193
1.889726,5.358304,4.157404,6.050918,3.388125,3.388125
4.157404,5.358304,1.889726,6.050918,3.388125,3.388125
1.889726,6.264665,5.102263,5.446253,2.970789,2.970789
5.102263,6.264665,1.889726,5.446253,2.970789,2.970789
1.889726,7.180957,6.047121,5.348175,2.897807,2.897807
6.047121,7.180957,1.889726,5.348175,2.897807,2.897807
2.267671,3.927722,2.267671,15.102577,4.279951,4.279951
2.267671,3.927722,2.267671,15.102577,4.279951,4.279951
2.267671,4.092465,2.456639,13.970545,3.554947,3.554947
2.456639,4.092465,2.267671,13.970545,3.554947,3.554947
2.267671,4.259231,2.645624,12.987403,3.287087,3.287087
2.645624,4.259231,2.267671,12.987403,3.287087,3.287087
2.267671,4.427772,2.834592,11.472164,2.577867,2.577867
2.834592,4.427772,2.267671,11.472164,2.577867,2.577867
2.267671,4.769450,3.212529,9.864682,2.499551,2.499551
3.212529,4.769450,2.267671,9.864682,2.499551,2.499551
2.267671,5.291232,3.779451,6.851488,1.003966,1.003966
3.779451,5.291232,2.267671,6.851488,1.003966,1.003966
2.267671,5.643931,4.157404,5.938534,0.504845,0.504845
4.157404,5.643931,2.267671,5.938534,0.504845,0.504845
2.267671,6.538017,5.102263,5.335409,0.085948,0.085948
5.102263,6.538017,2.267671,5.335409,0.085948,0.085948
2.267671,7.444656,6.047121,5.241600,0.015481,0.015481
6.047121,7.444656,2.267671,5.241600,0.015481,0.015481
2.645617,4.582347,2.645624,11.195195,2.449249,2.449249
2.645624,4.582347,2.645617,11.195195,2.449249,2.449249
2.645617,4.746940,2.834592,10.506276,2.526003,2.526003
2.834592,4.746940,2.645617,10.506276,2.526003,2.526003
2.645617,5.081217,3.212529,9.450460,2.966886,2.966886
3.212529,5.081217,2.645617,9.450460,2.966886,2.966886
2.645617,5.593078,3.779451,6.720792,1.747834,1.747834
3.779451,5.593078,2.645617,6.720792,1.747834,1.747834
2.645617,5.939880,4.157404,5.839139,1.278851,1.278851
4.157404,5.939880,2.645617,5.839139,1.278851,1.278851
2.645617,6.821363,5.102263,5.257747,0.878600,0.878600
5.102263,6.821363,2.645617,5.257747,0.878600,0.878600
2.645617,7.717858,6.047121,5.168888,0.811776,0.811776
6.047121,7.717858,2.645617,5.168888,0.811776,0.811776
3.023562,5.401441,3.212529,8.117831,3.155737,3.155737
3.212529,5.401441,3.023562,8.117831,3.155737,3.155737
3.023562,5.903692,3.779451,6.600800,3.147281,3.147281
3.779451,5.903692,3.023562,6.600800,3.147281,3.147281
3.023562,6.244684,4.157404,5.774148,2.731896,2.731896
4.157404,6.244684,3.023562,5.774148,2.731896,2.731896
3.023562,7.113509,5.102263,5.225246,2.361523,2.361523
5.102263,7.113509,3.023562,5.225246,2.361523,2.361523
3.023562,7.999591,6.047121,5.145918,2.303285,2.303285
6.047121,7.999591,3.023562,5.145918,2.303285,2.303285
3.779451,6.546203,3.779452,5.774485,4.544689,4.544689
3.779452,6.546203,3.779451,5.774485,4.544689,4.544689
3.779452,6.876115,4.157404,5.581663,4.760729,4.760729
4.157404,6.876115,3.779452,5.581663,4.760729,4.760729
3.779452,7.720175,5.102263,5.252083,4.606353,4.606353
5.102263,7.720175,3.779452,5.252083,4.606353,4.606353
3.779452,8.585264,6.047121,5.179253,4.553449,4.553449
6.047121,8.585264,3.779452,5.179253,4.553449,4.553449
4.535343,8.351223,5.102263,5.277158,5.171865,5.171865
5.102263,8.351223,4.535343,5.277158,5.171865,5.171865
4.535343,9.195803,6.047121,5.234769,5.148795,5.148795
6.047121,9.195803,4.535343,5.234769,5.148795,5.148795
5.291233,9.826575,6.047121,5.223076,5.181275,5.181275
6.047121,9.826575,5.291233,5.223076,5.181275,5.181275
