R1,R2,R3,ETriat,E,ENew
1.511781,2.841227,1.511787,21.376229,46.798900,46.798900
1.511787,2.841227,1.511781,21.376229,46.798900,46.798900
1.511781,3.019487,1.700755,20.675033,35.289413,35.289413
1.700755,3.019487,1.511781,20.675033,35.289413,35.289413
1.511781,3.198978,1.889723,19.674715,29.577622,29.577622
1.889723,3.198978,1.511781,19.674715,29.577622,29.577622
1.511781,3.379519,2.078705,18.481204,26.780333,26.780333
2.078705,3.379519,1.511781,18.481204,26.780333,26.780333
1.511781,3.560919,2.267672,17.157073,25.389343,25.389343
2.267672,3.560919,1.511781,17.157073,25.389343,25.389343
1.511781,3.743077,2.456642,15.923677,24.787188,24.787188
2.456642,3.743077,1.511781,15.923677,24.787188,24.787188
1.511781,3.925870,2.645610,13.172273,22.918802,22.918802
2.645610,3.925870,1.511781,13.172273,22.918802,22.918802
1.511781,4.109238,2.834592,10.950330,21.616231,21.616231
2.834592,4.109238,1.511781,10.950330,21.616231,21.616231
1.511781,4.477360,3.212542,7.929716,20.231571,20.231571
3.212542,4.477360,1.511781,7.929716,20.231571,20.231571
1.511781,5.032266,3.779460,5.924835,19.773776,19.773776
3.779460,5.032266,1.511781,5.924835,19.773776,19.773776
1.511781,5.403586,4.157397,5.634378,19.898925,19.898925
4.157397,5.403586,1.511781,5.634378,19.898925,19.898925
1.511781,6.335326,5.102265,5.988942,20.440630,20.440630
5.102265,6.335326,1.511781,5.988942,20.440630,20.440630
1.511781,7.270445,6.047120,5.499930,19.976287,19.976287
6.047120,7.270445,1.511781,5.499930,19.976287,19.976287
1.889723,3.551517,1.889726,18.773218,12.832916,12.832916
1.889726,3.551517,1.889723,18.773218,12.832916,12.832916
1.889726,3.729664,2.078705,17.330575,9.559272,9.559272
2.078705,3.729664,1.889726,17.330575,9.559272,9.559272
1.889726,3.908811,2.267672,15.855720,7.787241,7.787241
2.267672,3.908811,1.889726,15.855720,7.787241,7.787241
1.889726,4.088853,2.456642,15.196518,7.554896,7.554896
2.456642,4.088853,1.889726,15.196518,7.554896,7.554896
1.889726,4.269656,2.645610,13.696184,6.777074,6.777074
2.645610,4.269656,1.889726,13.696184,6.777074,6.777074
1.889726,4.451155,2.834592,12.002393,5.890321,5.890321
2.834592,4.451155,1.889726,12.002393,5.890321,5.890321
1.889726,4.815864,3.212542,9.736185,5.150660,5.150660
3.212542,4.815864,1.889726,9.736185,5.150660,5.150660
1.889726,5.366355,3.779460,6.902867,3.833691,3.833691
3.779460,5.366355,1.889726,6.902867,3.833691,3.833691
1.889726,5.735124,4.157397,6.020636,3.365316,3.365316
4.157397,5.735124,1.889726,6.020636,3.365316,3.365316
1.889726,6.661560,5.102265,5.438128,2.966322,2.966322
5.102265,6.661560,1.889726,5.438128,2.966322,2.966322
1.889726,7.592530,6.047120,5.346820,2.897807,2.897807
6.047120,7.592530,1.889726,5.346820,2.897807,2.897807
2.267671,4.261825,2.267672,13.972853,3.405384,3.405384
2.267672,4.261825,2.267671,13.972853,3.405384,3.405384
2.267671,4.439876,2.456642,13.205607,2.948066,2.948066
2.456642,4.439876,2.267671,13.205607,2.948066,2.948066
2.267671,4.618784,2.645610,12.549167,2.939567,2.939567
2.645610,4.618784,2.267671,12.549167,2.939567,2.939567
2.267671,4.798481,2.834592,11.958056,3.112936,3.112936
2.834592,4.798481,2.267671,11.958056,3.112936,3.112936
2.267671,5.159847,3.212542,9.759252,2.409527,2.409527
3.212542,5.159847,2.267671,9.759252,2.409527,2.409527
2.267671,5.705919,3.779460,6.791581,0.952493,0.952493
3.779460,5.705919,2.267671,6.791581,0.952493,0.952493
2.267671,6.072087,4.157397,5.900559,0.473926,0.473926
4.157397,6.072087,2.267671,5.900559,0.473926,0.473926
2.267671,6.993003,5.102265,5.324096,0.077622,0.077622
5.102265,6.993003,2.267671,5.324096,0.077622,0.077622
2.267671,7.919554,6.047120,5.238799,0.013833,0.013833
6.047120,7.919554,2.267671,5.238799,0.013833,0.013833
2.645610,4.972127,2.645617,11.387131,2.669321,2.669321
2.645617,4.972127,2.645610,11.387131,2.669321,2.669321
2.645617,5.150119,2.834592,10.851717,2.888137,2.888137
2.834592,5.150119,2.645617,10.851717,2.888137,2.888137
2.645617,5.508284,3.212542,9.301565,2.827817,2.827817
3.212542,5.508284,2.645617,9.301565,2.827817,2.827817
2.645617,6.050037,3.779460,6.625756,1.660542,1.660542
3.779460,6.050037,2.645617,6.625756,1.660542,1.660542
2.645617,6.413620,4.157397,5.782615,1.228245,1.228245
4.157397,6.413620,2.645617,5.782615,1.228245,1.228245
2.645617,7.328948,5.102265,5.241298,0.864507,0.864507
5.102265,7.328948,2.645617,5.241298,0.864507,0.864507
2.645617,8.250930,6.047120,5.164327,0.808177,0.808177
6.047120,8.250930,2.645617,5.164327,0.808177,0.808177
3.023562,5.860379,3.212542,8.631344,3.678014,3.678014
3.212542,5.860379,3.023562,8.631344,3.678014,3.678014
3.023562,6.397973,3.779460,6.462489,3.015324,3.015324
3.779460,6.397973,3.023562,6.462489,3.015324,3.015324
3.023562,6.759030,4.157397,5.697736,2.660042,2.660042
4.157397,6.759030,3.023562,5.697736,2.660042,2.660042
3.023562,7.668805,5.102265,5.205808,2.343917,2.343917
5.102265,7.668805,3.023562,5.205808,2.343917,2.343917
3.023562,8.586154,6.047120,5.140877,2.299035,2.299035
6.047120,8.586154,3.023562,5.140877,2.299035,2.299035
3.779452,7.103052,3.779460,5.951168,4.724824,4.724824
3.779460,7.103052,3.779452,5.951168,4.724824,4.724824
3.779452,7.459321,4.157397,5.672532,4.854049,4.854049
4.157397,7.459321,3.779452,5.672532,4.854049,4.854049
3.779452,8.358336,5.102265,5.229476,4.584845,4.584845
5.102265,8.358336,3.779452,5.229476,4.584845,4.584845
3.779452,9.266472,6.047120,5.174349,4.549069,4.549069
6.047120,9.266472,3.779452,5.174349,4.549069,4.549069
4.535343,9.058462,5.102265,5.273505,5.168872,5.168872
5.102265,9.058462,4.535343,5.273505,5.168872,5.168872
4.535343,9.957695,6.047120,5.234427,5.148795,5.148795
6.047120,9.957695,4.535343,5.234427,5.148795,5.148795
5.291233,10.657702,6.047120,5.223156,5.181578,5.181578
6.047120,10.657702,5.291233,5.223156,5.181578,5.181578
