R1,R2,R3,ETriat,E,ENew
1.511781,1.624569,1.511784,41.375280,77.001703,77.001703
1.511784,1.624569,1.511781,41.375280,77.001703,77.001703
1.511781,1.733438,1.700761,39.502944,58.658726,58.658726
1.700761,1.733438,1.511781,39.502944,58.658726,58.658726
1.511781,1.855220,1.889731,37.090495,47.404480,47.404480
1.889731,1.855220,1.511781,37.090495,47.404480,47.404480
1.511781,1.987534,2.078701,34.345491,40.343154,40.343154
2.078701,1.987534,1.511781,34.345491,40.343154,40.343154
1.511781,2.128418,2.267671,30.197001,34.573645,34.573645
2.267671,2.128418,1.511781,30.197001,34.573645,34.573645
1.511781,2.276281,2.456641,25.240144,29.565220,29.565220
2.456641,2.276281,1.511781,25.240144,29.565220,29.565220
1.511781,2.429846,2.645619,20.562498,25.692241,25.692241
2.645619,2.429846,1.511781,20.562498,25.692241,25.692241
1.511781,2.588104,2.834588,16.838138,23.190001,23.190001
2.834588,2.588104,1.511781,16.838138,23.190001,23.190001
1.511781,2.915614,3.212528,11.072566,20.195146,20.195146
3.212528,2.915614,1.511781,11.072566,20.195146,20.195146
1.511781,3.426422,3.779463,6.409872,18.881213,18.881213
3.779463,3.426422,1.511781,6.409872,18.881213,18.881213
1.511781,3.775858,4.157402,5.188440,18.861439,18.861439
4.157402,3.775858,1.511781,5.188440,18.861439,18.861439
1.511781,4.668918,5.102259,5.371217,19.778720,19.778720
5.102259,4.668918,1.511781,5.371217,19.778720,19.778720
1.511781,5.579068,6.047116,5.735308,20.194061,20.194061
6.047116,5.579068,1.511781,5.735308,20.194061,20.194061
1.597256,1.889723,1.889726,36.713488,40.094418,40.094418
1.889726,1.889723,1.597256,36.713488,40.094418,40.094418
1.889726,2.030700,1.889731,34.602279,25.455820,25.455820
1.889731,2.030700,1.889726,34.602279,25.455820,25.455820
1.889726,2.138184,2.078701,32.177165,20.153126,20.153126
2.078701,2.138184,1.889726,32.177165,20.153126,20.153126
1.889726,2.256399,2.267671,28.760888,15.915281,15.915281
2.267671,2.256399,1.889726,28.760888,15.915281,15.915281
1.889726,2.383750,2.456641,24.385770,11.878472,11.878472
2.456641,2.383750,1.889726,24.385770,11.878472,11.878472
1.889726,2.518845,2.645619,20.457328,8.903737,8.903737
2.645619,2.518845,1.889726,20.457328,8.903737,8.903737
1.889726,2.660516,2.834588,17.019482,6.710770,6.710770
2.834588,2.660516,1.889726,17.019482,6.710770,6.710770
1.889726,2.959753,3.212528,11.879438,4.254627,4.254627
3.212528,2.959753,1.889726,11.879438,4.254627,4.254627
1.889726,3.437817,3.779463,7.537603,3.115538,3.115538
3.779463,3.437817,1.889726,7.537603,3.115538,3.115538
1.889726,3.770224,4.157402,6.155689,2.892994,2.892994
4.157402,3.770224,1.889726,6.155689,2.892994,2.892994
1.889726,4.631894,5.102259,5.340286,2.817497,2.817497
5.102259,4.631894,1.889726,5.340286,2.817497,2.817497
1.889726,5.520852,6.047116,5.318669,2.849890,2.849890
6.047116,5.520852,1.889726,5.318669,2.849890,2.849890
1.916709,2.267671,2.267672,28.608355,15.294393,15.294393
2.267672,2.267671,1.916709,28.608355,15.294393,15.294393
2.267671,2.436841,2.267671,24.641418,9.216175,9.216175
2.267671,2.436841,2.267671,24.641418,9.216175,9.216175
2.267671,2.543375,2.456641,21.867559,6.998231,6.998231
2.456641,2.543375,2.267671,21.867559,6.998231,6.998231
2.267671,2.659077,2.645619,19.058797,5.219001,5.219001
2.645619,2.659077,2.267671,19.058797,5.219001,5.219001
2.267671,2.782821,2.834588,16.272603,3.669558,3.669558
2.834588,2.782821,2.267671,16.272603,3.669558,3.669558
2.267671,3.050435,3.212528,11.619593,1.579711,1.579711
3.212528,3.050435,2.267671,11.619593,1.579711,1.579711
2.267671,3.490343,3.779463,7.578879,0.526093,0.526093
3.779463,3.490343,2.267671,7.578879,0.526093,0.526093
2.267671,3.802337,4.157402,6.242866,0.255154,0.255154
4.157402,3.802337,2.267671,6.242866,0.255154,0.255154
2.267671,4.625557,5.102259,5.300333,0.000130,0.000130
5.102259,4.625557,2.267671,5.300333,0.000130,0.000130
2.267671,5.488106,6.047116,5.229736,-0.016392,-0.016392
6.047116,5.488106,2.267671,5.229736,-0.016392,-0.016392
2.236170,2.645610,2.645617,19.317925,5.448398,5.448398
2.645617,2.645610,2.236170,19.317925,5.448398,5.448398
2.645617,2.842972,2.645619,15.988931,3.749695,3.749695
2.645619,2.842972,2.645617,15.988931,3.749695,3.749695
2.645617,2.948817,2.834588,14.284059,3.224772,3.224772
2.834588,2.948817,2.645617,14.284059,3.224772,3.224772
2.645617,3.183686,3.212528,10.895692,2.230520,2.230520
3.212528,3.183686,2.645617,10.895692,2.230520,2.230520
2.645617,3.582190,3.779463,7.286108,1.332536,1.332536
3.779463,3.582190,2.645617,7.286108,1.332536,1.332536
2.645617,3.871257,4.157402,6.108188,1.088179,1.088179
4.157402,3.871257,2.645617,6.108188,1.088179,1.088179
2.645617,4.650032,5.102259,5.245409,0.816199,0.816199
5.102259,4.650032,2.645617,5.245409,0.816199,0.816199
2.645617,5.481285,6.047116,5.164745,0.786755,0.786755
6.047116,5.481285,2.645617,5.164745,0.786755,0.786755
3.023562,3.354436,3.212528,9.640611,3.073215,3.073215
3.212528,3.354436,3.023562,9.640611,3.073215,3.073215
3.023562,3.710440,3.779463,6.965633,2.796205,2.796205
3.779463,3.710440,3.023562,6.965633,2.796205,2.796205
3.023562,3.975069,4.157402,5.994746,2.611083,2.611083
4.157402,3.975069,3.023562,5.994746,2.611083,2.611083
3.023562,4.704838,5.102259,5.245969,2.335895,2.335895
5.102259,4.704838,3.023562,5.245969,2.335895,2.335895
3.023562,5.500486,6.047116,5.173176,2.309486,2.309486
6.047116,5.500486,3.023562,5.173176,2.309486,2.309486
3.194529,3.779452,3.779460,6.776012,3.379452,3.379452
3.779460,3.779452,3.194529,6.776012,3.379452,3.379452
3.779452,4.061400,3.779463,6.041838,4.547335,4.547335
3.779463,4.061400,3.779452,6.041838,4.547335,4.547335
3.779452,4.276368,4.157402,5.641105,4.682934,4.682934
4.157402,4.276368,3.779452,5.641105,4.682934,4.682934
3.779452,4.900813,5.102259,5.265542,4.583500,4.583500
5.102259,4.900813,3.779452,5.265542,4.583500,4.583500
3.779452,5.615526,6.047116,5.190889,4.545513,4.545513
6.047116,5.615526,3.779452,5.190889,4.545513,4.545513
4.535343,5.200305,5.102259,5.215655,5.082231,5.082231
5.102259,5.200305,4.535343,5.215655,5.082231,5.082231
4.535343,5.827148,6.047116,5.186677,5.084486,5.084486
6.047116,5.827148,4.535343,5.186677,5.084486,5.084486
5.291233,6.125351,6.047116,5.207399,5.153565,5.153565
6.047116,6.125351,5.291233,5.207399,5.153565,5.153565
