R1,R2,R3,ETriat,E,ENew
1.511781,2.137981,1.511781,35.266778,59.306455,59.306455
1.511781,2.137981,1.511781,35.266778,59.306455,59.306455
1.511781,2.275532,1.700754,31.666389,43.913062,43.913062
1.700754,2.275532,1.511781,31.666389,43.913062,43.913062
1.511781,2.420030,1.889726,27.922238,34.938338,34.938338
1.889726,2.420030,1.511781,27.922238,34.938338,34.938338
1.511781,2.570305,2.078699,24.285831,29.525238,29.525238
2.078699,2.570305,1.511781,24.285831,29.525238,29.525238
1.511781,2.725402,2.267671,20.756450,26.009233,26.009233
2.267671,2.725402,1.511781,20.756450,26.009233,26.009233
1.511781,2.884542,2.456644,17.349020,23.496976,23.496976
2.456644,2.884542,1.511781,17.349020,23.496976,23.496976
1.511781,3.047092,2.645617,14.269739,21.688996,21.688996
2.645617,3.047092,1.511781,14.269739,21.688996,21.688996
1.511781,3.212534,2.834589,11.638351,20.430526,20.430526
2.834589,3.212534,1.511781,11.638351,20.430526,20.430526
1.511781,3.550473,3.212534,7.820765,19.126610,19.126610
3.212534,3.550473,1.511781,7.820765,19.126610,19.126610
1.511781,4.070595,3.779452,5.257140,18.874882,18.874882
3.779452,4.070595,1.511781,5.257140,18.874882,18.874882
1.511781,4.423735,4.157397,4.935844,19.131164,19.131164
4.157397,4.423735,1.511781,4.935844,19.131164,19.131164
1.511781,5.321517,5.102261,5.664035,20.098877,20.098877
5.102261,5.321517,1.511781,5.664035,20.098877,20.098877
1.511781,6.233232,6.047124,6.037465,20.506587,20.506587
6.047124,6.233232,1.511781,6.037465,20.506587,20.506587
1.889726,2.672476,1.889726,22.708687,13.605144,13.605144
1.889726,2.672476,1.889726,22.708687,13.605144,13.605144
1.889726,2.809280,2.078699,20.186367,9.416604,9.416604
2.078699,2.809280,1.889726,20.186367,9.416604,9.416604
1.889726,2.951847,2.267671,17.879648,7.123813,7.123813
2.267671,2.951847,1.889726,17.879648,7.123813,7.123813
1.889726,3.099381,2.456644,15.612118,5.691063,5.691063
2.456644,3.099381,1.889726,15.612118,5.691063,5.691063
1.889726,3.251208,2.645617,13.504746,4.758128,4.758128
2.645617,3.251208,1.889726,13.504746,4.758128,4.758128
1.889726,3.406752,2.834589,11.578689,4.084639,4.084639
2.834589,3.406752,1.889726,11.578689,4.084639,4.084639
1.889726,3.727123,3.212534,8.487569,3.244243,3.244243
3.212534,3.727123,1.889726,8.487569,3.244243,3.244243
1.889726,3.779451,3.273100,8.105091,3.163846,3.163846
3.273100,3.779451,1.889726,8.105091,3.163846,3.163846
1.889726,4.225556,3.779452,6.070977,2.861381,2.861381
3.779452,4.225556,1.889726,6.070977,2.861381,2.861381
1.889726,4.566730,4.157397,5.531390,2.828121,2.828121
4.157397,4.566730,1.889726,5.531390,2.828121,2.828121
1.889726,5.440968,5.102261,5.336879,2.847895,2.847895
5.102261,5.440968,1.889726,5.336879,2.847895,2.847895
1.889726,6.335516,6.047124,5.319103,2.862986,2.862986
6.047124,6.335516,1.889726,5.319103,2.862986,2.862986
2.267671,3.206972,2.267671,14.688395,2.140323,2.140323
2.267671,3.206972,2.267671,14.688395,2.140323,2.140323
2.267671,3.343267,2.456644,13.178928,1.345849,1.345849
2.456644,3.343267,2.267671,13.178928,1.345849,1.345849
2.267671,3.484483,2.645617,11.764346,0.965806,0.965806
2.645617,3.484483,2.267671,11.764346,0.965806,0.965806
2.267671,3.630045,2.834589,10.445028,0.750069,0.750069
2.834589,3.630045,2.267671,10.445028,0.750069,0.750069
2.267671,3.212530,2.271605,14.637700,2.108537,2.108537
2.271605,3.212530,2.267671,14.637700,2.108537,2.108537
2.267671,3.932265,3.212534,8.139428,0.421152,0.421152
3.212534,3.932265,2.267671,8.139428,0.421152,0.421152
2.267671,4.407561,3.779452,6.053352,0.134862,0.134862
3.779452,4.407561,2.267671,6.053352,0.134862,0.134862
2.267671,4.735640,4.157397,5.502813,0.040979,0.040979
4.157397,4.735640,2.267671,5.502813,0.040979,0.040979
2.267671,5.583493,5.102261,5.248701,-0.014093,-0.014093
5.102261,5.583493,2.267671,5.248701,-0.014093,-0.014093
2.267671,6.458331,6.047124,5.218886,-0.012706,-0.012706
6.047124,6.458331,2.267671,5.218886,-0.012706,-0.012706
2.645617,3.741467,2.645617,9.986970,0.630081,0.630081
2.645617,3.741467,2.645617,9.986970,0.630081,0.630081
2.645617,3.877394,2.834589,9.163450,0.763989,0.763989
2.834589,3.877394,2.645617,9.163450,0.763989,0.763989
2.645617,4.161690,3.212534,7.605593,0.953187,0.953187
3.212534,4.161690,2.645617,7.605593,0.953187,0.953187
2.645617,4.613409,3.779452,5.917963,0.905963,0.905963
3.779452,4.613409,2.645617,5.917963,0.905963,0.905963
2.645617,4.927803,4.157397,5.405725,0.822791,0.822791
4.157397,4.927803,2.645617,5.405725,0.822791,0.822791
2.645617,5.747378,5.102261,5.177117,0.785671,0.785671
5.102261,5.747378,2.645617,5.177117,0.785671,0.785671
2.645617,6.600530,6.047124,5.149424,0.787319,0.787319
6.047124,6.600530,2.645617,5.149424,0.787319,0.787319
3.023562,4.411610,3.212534,7.005528,1.971159,1.971159
3.212534,4.411610,3.023562,7.005528,1.971159,1.971159
3.023562,4.840060,3.779452,5.790859,2.311264,2.311264
3.779452,4.840060,3.023562,5.790859,2.311264,2.311264
3.023562,5.140611,4.157397,5.412299,2.349945,2.349945
4.157397,5.140611,3.023562,5.412299,2.349945,2.349945
3.023562,5.930851,5.102261,5.184121,2.309660,2.309660
5.102261,5.930851,3.023562,5.184121,2.309660,2.309660
3.023562,6.047121,5.236960,5.177515,2.308142,2.308142
5.236960,6.047121,3.023562,5.177515,2.308142,2.308142
3.023562,6.760890,6.047124,5.152761,2.305713,2.305713
6.047124,6.760890,3.023562,5.152761,2.305713,2.305713
3.779452,5.344953,3.779452,5.447448,4.199338,4.199338
3.779452,5.344953,3.779452,5.447448,4.199338,4.199338
3.779452,5.618560,4.157397,5.284242,4.448291,4.448291
4.157397,5.618560,3.779452,5.284242,4.448291,4.448291
3.779452,6.349592,5.102261,5.197820,4.544819,4.544819
5.102261,6.349592,3.779452,5.197820,4.544819,4.544819
3.779452,7.131056,6.047124,5.172555,4.543519,4.543519
6.047124,7.131056,3.779452,5.172555,4.543519,4.543519
4.535343,6.826595,5.102261,5.211781,5.101962,5.101962
5.102261,6.826595,4.535343,5.211781,5.101962,5.101962
4.535343,7.558904,6.047124,5.192042,5.103826,5.103826
6.047124,7.558904,4.535343,5.192042,5.103826,5.103826
5.291233,8.035226,6.047124,5.200995,5.157685,5.157685
6.047124,8.035226,5.291233,5.200995,5.157685,5.157685
