R1,R2,R3,ETriat,E,ENew
1.511781,1.511776,1.734233,40.314494,70.972790,70.972790
1.734233,1.511776,1.511781,40.314494,70.972790,70.972790
1.511781,1.492829,1.700760,40.627701,74.253112,74.253112
1.700760,1.492829,1.511781,40.627701,74.253112,74.253112
1.511781,1.606015,1.889727,38.799060,58.572518,58.572518
1.889727,1.606015,1.511781,38.799060,58.572518,58.572518
1.511781,1.732490,2.078699,35.805663,47.390127,47.390127
2.078699,1.732490,1.511781,35.805663,47.390127,47.390127
1.511781,1.869520,2.267666,31.508967,38.749306,38.749306
2.267666,1.869520,1.511781,31.508967,38.749306,38.749306
1.511781,2.014989,2.456648,26.637732,32.035674,32.035674
2.456648,2.014989,1.511781,26.637732,32.035674,32.035674
1.511781,2.167164,2.645615,22.616055,27.718646,27.718646
2.645615,2.167164,1.511781,22.616055,27.718646,27.718646
1.511781,2.324763,2.834587,19.007127,24.715985,24.715985
2.834587,2.324763,1.511781,19.007127,24.715985,24.715985
1.511781,2.652274,3.212537,13.053741,21.122053,21.122053
3.212537,2.652274,1.511781,13.053741,21.122053,21.122053
1.511781,3.164679,3.779443,7.422913,19.021756,19.021756
3.779443,3.164679,1.511781,7.422913,19.021756,19.021756
1.511781,3.515600,4.157393,5.628292,18.751728,18.751728
4.157393,3.515600,1.511781,5.628292,18.751728,18.751728
1.511781,4.412481,5.102264,5.219819,19.584319,19.584319
5.102264,4.412481,1.511781,5.219819,19.584319,19.584319
1.511781,5.325977,6.047124,5.557077,20.010588,20.010588
6.047124,5.325977,1.511781,5.557077,20.010588,20.010588
1.889726,1.745150,1.889727,36.524793,32.944933,32.944933
1.889727,1.745150,1.889726,36.524793,32.944933,32.944933
1.889726,1.889721,2.167801,32.843115,22.925914,22.925914
2.167801,1.889721,1.889726,32.843115,22.925914,22.925914
1.889726,1.840073,2.078699,34.302944,25.816826,25.816826
2.078699,1.840073,1.889726,34.302944,25.816826,25.816826
1.889726,1.948722,2.267666,30.350922,19.337403,19.337403
2.267666,1.948722,1.889726,30.350922,19.337403,19.337403
1.889726,2.068975,2.456648,25.832876,13.864245,13.864245
2.456648,2.068975,1.889726,25.832876,13.864245,13.864245
1.889726,2.198896,2.645615,22.080609,10.176777,10.176777
2.645615,2.198896,1.889726,22.080609,10.176777,10.176777
1.889726,2.336910,2.834587,18.850104,7.643793,7.643793
2.834587,2.336910,1.889726,18.850104,7.643793,7.643793
1.889726,2.631978,3.212537,13.834977,4.900969,4.900969
3.212537,2.631978,1.889726,13.834977,4.900969,4.900969
1.889726,3.108401,3.779443,8.786884,3.247539,3.247539
3.779443,3.108401,1.889726,8.786884,3.247539,3.247539
1.889726,3.441299,4.157393,6.843071,2.837531,2.837531
4.157393,3.441299,1.889726,6.843071,2.837531,2.837531
1.889726,4.306208,5.102264,5.333958,2.738270,2.738270
5.102264,4.306208,1.889726,5.333958,2.738270,2.738270
1.889726,5.199021,6.047124,5.298211,2.822440,2.822440
6.047124,5.199021,1.889726,5.298211,2.822440,2.822440
2.267666,2.094186,2.267671,28.031102,12.876757,12.876757
2.267671,2.094186,2.267666,28.031102,12.876757,12.876757
2.267671,2.267667,2.601368,21.692348,6.771003,6.771003
2.601368,2.267667,2.267671,21.692348,6.771003,6.771003
2.267671,2.187880,2.456648,24.555434,9.282046,9.282046
2.456648,2.187880,2.267671,24.555434,9.282046,9.282046
2.267671,2.293332,2.645615,20.880351,6.120541,6.120541
2.645615,2.293332,2.267671,20.880351,6.120541,6.120541
2.267671,2.409036,2.834587,17.805011,3.935207,3.935207
2.834587,2.409036,2.267671,17.805011,3.935207,3.935207
2.267671,2.665661,3.212537,13.271986,1.688078,1.688078
3.212537,2.665661,2.267671,13.271986,1.688078,1.688078
2.267671,3.097549,3.779443,8.933032,0.575398,0.575398
3.779443,3.097549,2.267671,8.933032,0.575398,0.575398
2.267671,3.407539,4.157393,7.132507,0.251685,0.251685
4.157393,3.407539,2.267671,7.132507,0.251685,0.251685
2.267671,4.231141,5.102264,5.373763,-0.031135,-0.031135
5.102264,4.231141,2.267671,5.373763,-0.031135,-0.031135
2.267671,5.096989,6.047124,5.221238,-0.033824,-0.033824
6.047124,5.096989,2.267671,5.221238,-0.033824,-0.033824
2.645615,2.443212,2.645617,18.704090,5.030758,5.030758
2.645617,2.443212,2.645615,18.704090,5.030758,5.030758
2.645618,2.645617,3.034925,14.001440,2.537972,2.537972
3.034925,2.645617,2.645618,14.001440,2.537972,2.537972
2.645617,2.536030,2.834587,16.391031,3.732306,3.732306
2.834587,2.536030,2.645617,16.391031,3.732306,3.732306
2.645617,2.834592,3.339505,11.207433,1.596753,1.596753
3.339505,2.834592,2.645617,11.207433,1.596753,1.596753
2.645617,2.751340,3.212537,12.259885,1.880311,1.880311
3.212537,2.751340,2.645617,12.259885,1.880311,1.880311
2.645617,3.132594,3.779443,8.557875,1.202010,1.202010
3.779443,3.132594,2.645617,8.557875,1.202010,1.202010
2.645617,3.779452,4.613409,5.917963,0.905963,0.905963
4.613409,3.779452,2.645617,5.917963,0.905963,0.905963
2.645617,3.415521,4.157393,7.051334,1.062464,1.062464
4.157393,3.415521,2.645617,7.051334,1.062464,1.062464
2.645617,4.188957,5.102264,5.352324,0.793607,0.793607
5.102264,4.188957,2.645617,5.352324,0.793607,0.793607
2.645617,5.021401,6.047124,5.161442,0.772445,0.772445
6.047124,5.021401,2.645617,5.161442,0.772445,0.772445
3.023562,2.884386,3.212537,11.151083,2.825562,2.825562
3.212537,2.884386,3.023562,11.151083,2.825562,2.825562
3.023562,3.212034,3.779443,7.908335,2.358834,2.358834
3.779443,3.212034,3.023562,7.908335,2.358834,2.358834
3.023562,3.464958,4.157393,6.725059,2.391704,2.391704
4.157393,3.464958,3.023562,6.725059,2.391704,2.391704
3.023562,4.180652,5.102264,5.408785,2.359268,2.359268
5.102264,4.180652,3.023562,5.408785,2.359268,2.359268
3.023562,4.973461,6.047124,5.181009,2.304326,2.304326
6.047124,4.973461,3.023562,5.181009,2.304326,2.304326
3.779443,3.490309,3.779452,6.649857,4.195175,4.195175
3.779452,3.490309,3.779443,6.649857,4.195175,4.195175
3.779461,3.779452,4.335617,5.751110,4.409003,4.409003
4.335617,3.779452,3.779461,5.751110,4.409003,4.409003
3.779452,3.680121,4.157393,5.965512,4.360218,4.360218
4.157393,3.680121,3.779452,5.965512,4.360218,4.360218
3.779452,4.265664,5.102264,5.317700,4.526997,4.526997
5.102264,4.265664,3.779452,5.317700,4.526997,4.526997
3.779452,4.963272,6.047124,5.215020,4.554013,4.554013
6.047124,4.963272,3.779452,5.215020,4.554013,4.554013
4.535343,4.478468,5.102264,5.253029,5.067357,5.067357
5.102264,4.478468,4.535343,5.253029,5.067357,5.067357
4.535343,5.067106,6.047124,5.216516,5.098189,5.098189
6.047124,5.067106,4.535343,5.216516,5.098189,5.098189
5.291233,5.278238,6.047124,5.217007,5.147841,5.147841
6.047124,5.278238,5.291233,5.217007,5.147841,5.147841
2.282033,6.000042,7.007163,5.208723,-0.021986,-0.021986
7.007163,6.000042,2.282033,5.208723,-0.021986,-0.021986
