R1,R2,R3,ETriat,E,ENew
1.511781,2.042701,1.511788,37.282990,61.887921,61.887921
1.511788,2.042701,1.511781,37.282990,61.887921,61.887921
1.511781,2.174831,1.700762,34.120314,46.504631,46.504631
1.700762,2.174831,1.511781,34.120314,46.504631,46.504631
1.511781,2.314845,1.889718,30.167590,37.028835,37.028835
1.889718,2.314845,1.511781,30.167590,37.028835,37.028835
1.511781,2.461435,2.078691,26.285498,31.191505,31.191505
2.078691,2.461435,1.511781,26.285498,31.191505,31.191505
1.511781,2.613463,2.267665,22.411885,27.237218,27.237218
2.267665,2.613463,1.511781,22.411885,27.237218,27.237218
1.511781,2.770052,2.456638,18.693775,24.376097,24.376097
2.456638,2.770052,1.511781,18.693775,24.376097,24.376097
1.511781,2.930454,2.645612,15.339837,22.291931,22.291931
2.645612,2.930454,1.511781,15.339837,22.291931,22.291931
1.511781,3.094091,2.834585,12.447963,20.799078,20.799078
2.834585,3.094091,1.511781,12.447963,20.799078,20.799078
1.511781,3.429184,3.212532,8.295833,19.276043,19.276043
3.212532,3.429184,1.511781,8.295833,19.276043,19.276043
1.511781,3.946364,3.779453,5.383590,18.883468,18.883468
3.779453,3.946364,1.511781,5.383590,18.883468,18.883468
1.511781,4.298129,4.157400,4.964901,19.120409,19.120409
4.157400,4.298129,1.511781,4.964901,19.120409,19.120409
1.511781,5.193657,5.102269,5.635185,20.067091,20.067091
5.102269,5.193657,1.511781,5.635185,20.067091,20.067091
1.511781,6.104062,6.047118,6.003139,20.470638,20.470638
6.047118,6.104062,1.511781,6.003139,20.470638,20.470638
1.889718,2.553349,1.889726,24.581179,15.047218,15.047218
1.889726,2.553349,1.889718,24.581179,15.047218,15.047218
1.889726,2.684642,2.078691,21.831091,10.564366,10.564366
2.078691,2.684642,1.889726,21.831091,10.564366,10.564366
1.889726,2.822477,2.267665,19.235005,7.952372,7.952372
2.267665,2.822477,1.889726,19.235005,7.952372,7.952372
1.743803,2.456647,1.889726,26.781551,20.722670,20.722670
1.889726,2.456647,1.743803,26.781551,20.722670,20.722670
1.889726,2.965962,2.456638,16.745457,6.297684,6.297684
2.456638,2.965962,1.889726,16.745457,6.297684,6.297684
1.889726,3.114297,2.645612,14.488993,5.242201,5.242201
2.645612,3.114297,1.889726,14.488993,5.242201,5.242201
1.889726,3.266840,2.834585,12.375032,4.431336,4.431336
2.834585,3.266840,1.889726,12.375032,4.431336,4.431336
1.889726,3.582352,3.212532,8.957657,3.413710,3.413710
3.212532,3.582352,1.889726,8.957657,3.413710,3.413710
1.889726,4.075584,3.779453,6.237791,2.933105,2.933105
3.779453,4.075584,1.889726,6.237791,2.933105,2.933105
1.889726,4.414251,4.157400,5.607782,2.874304,2.874304
4.157400,4.414251,1.889726,5.607782,2.874304,2.874304
1.889726,5.284271,5.102269,5.350232,2.857869,2.857869
5.102269,5.284271,1.889726,5.350232,2.857869,2.857869
1.889726,6.176307,6.047118,5.321581,2.863636,2.863636
6.047118,6.176307,1.889726,5.321581,2.863636,2.863636
2.267665,3.064024,2.267671,15.790794,2.705054,2.705054
2.267671,3.064024,2.267665,15.790794,2.705054,2.705054
2.267671,3.194739,2.456638,14.120532,1.779316,1.779316
2.456638,3.194739,2.267671,14.120532,1.779316,1.779316
2.267671,3.331038,2.645612,12.556041,1.300837,1.300837
2.645612,3.331038,2.267671,12.556041,1.300837,1.300837
2.267671,3.472287,2.834585,11.099207,1.016325,1.016325
2.834585,3.472287,2.267671,11.099207,1.016325,1.016325
2.267671,3.767344,3.212532,8.533148,0.583247,0.583247
3.212532,3.767344,2.267671,8.533148,0.583247,0.583247
2.267671,4.234698,3.779453,6.200045,0.218252,0.218252
3.779453,4.234698,2.267671,6.200045,0.218252,0.218252
2.267671,4.558837,4.157400,5.570888,0.089764,0.089764
4.157400,4.558837,2.267671,5.570888,0.089764,0.089764
2.267671,5.399875,5.102269,5.261762,-0.004770,-0.004770
5.102269,5.399875,2.267671,5.261762,-0.004770,-0.004770
2.267671,6.270538,6.047118,5.222021,-0.011491,-0.011491
6.047118,6.270538,2.267671,5.222021,-0.011491,-0.011491
2.645612,3.574699,2.645617,10.515768,0.814552,0.814552
2.645617,3.574699,2.645612,10.515768,0.814552,0.814552
2.645617,3.704995,2.834585,9.582504,0.907871,0.907871
2.834585,3.704995,2.645617,9.582504,0.907871,0.907871
2.645617,3.979723,3.212532,7.879789,1.081284,1.081284
3.212532,3.979723,2.645617,7.879789,1.081284,1.081284
2.645617,4.420479,3.779453,6.034338,0.987488,0.987488
3.779453,4.420479,2.645617,6.034338,0.987488,0.987488
2.645617,4.729277,4.157400,5.461414,0.867369,0.867369
4.157400,4.729277,2.645617,5.461414,0.867369,0.867369
2.645617,5.538905,5.102269,5.189394,0.793997,0.793997
5.102269,5.538905,2.645617,5.189394,0.793997,0.793997
2.645617,6.385782,6.047118,5.152456,0.788446,0.788446
6.047118,6.385782,2.645617,5.152456,0.788446,0.788446
3.023562,4.215353,3.212532,7.147042,2.038634,2.038634
3.212532,4.215353,3.023562,7.147042,2.038634,2.038634
3.023562,4.629717,3.779453,5.872082,2.375920,2.375920
3.779453,4.629717,3.023562,5.872082,2.375920,2.375920
3.023562,4.922886,4.157400,5.458324,2.389103,2.389103
4.157400,4.922886,3.023562,5.458324,2.389103,2.389103
3.023562,5.699647,5.102269,5.195261,2.316858,2.316858
5.102269,5.699647,3.023562,5.195261,2.316858,2.316858
3.023562,6.520925,6.047118,5.155516,2.306667,2.306667
6.047118,6.520925,3.023562,5.155516,2.306667,2.306667
3.779452,5.106725,3.779453,5.466115,4.212347,4.212347
3.779453,5.106725,3.779452,5.466115,4.212347,4.212347
3.779452,5.369299,4.157400,5.303360,4.462341,4.462341
4.157400,5.369299,3.779452,5.303360,4.462341,4.462341
3.779452,6.079147,5.102269,5.199765,4.543519,4.543519
5.102269,6.079147,3.779452,5.199765,4.543519,4.543519
3.779452,6.846022,6.047118,5.173911,4.543432,4.543432
6.047118,6.846022,3.779452,5.173911,4.543432,4.543432
4.535343,6.524479,5.102269,5.212707,5.100704,5.100704
5.102269,6.524479,4.535343,5.212707,5.100704,5.100704
4.535343,7.235766,6.047118,5.176178,5.086914,5.086914
6.047118,7.235766,4.535343,5.176178,5.086914,5.086914
5.291233,7.680323,6.047118,5.202191,5.158162,5.158162
6.047118,7.680323,5.291233,5.202191,5.158162,5.158162
