R1,R2,R3,ETriat,E,ENew
1.511781,2.550043,1.511784,27.864063,52.171497,52.171497
1.511784,2.550043,1.511781,27.864063,52.171497,52.171497
1.511781,2.711335,1.700761,25.088646,38.458116,38.458116
1.700761,2.711335,1.511781,25.088646,38.458116,38.458116
1.511781,2.875985,1.889731,22.207450,30.846023,30.846023
1.889731,2.875985,1.511781,22.207450,30.846023,30.846023
1.511781,3.043463,2.078701,19.437161,26.540400,26.540400
2.078701,3.043463,1.511781,19.437161,26.540400,26.540400
1.511781,3.213325,2.267671,16.818999,23.996791,23.996791
2.267671,3.213325,1.511781,16.818999,23.996791,23.996791
1.511781,3.385214,2.456641,14.348039,22.349171,22.349171
2.456641,3.385214,1.511781,14.348039,22.349171,22.349171
1.511781,3.558849,2.645619,11.868893,20.964425,20.964425
2.645619,3.558849,1.511781,11.868893,20.964425,20.964425
1.511781,3.733961,2.834588,9.742062,19.955559,19.955559
2.834588,3.733961,1.511781,9.742062,19.955559,19.955559
1.511781,4.087888,3.212528,6.809284,18.941315,18.941315
3.212528,4.087888,1.511781,6.809284,18.941315,18.941315
1.511781,4.625935,3.779463,5.005359,18.829653,18.829653
3.779463,4.625935,1.511781,5.005359,18.829653,18.829653
1.511781,4.988171,4.157402,4.872149,19.126220,19.126220
4.157402,4.988171,1.511781,4.872149,19.126220,19.126220
1.511781,5.902395,5.102259,5.803948,20.249914,20.249914
5.102259,5.902395,1.511781,5.803948,20.249914,20.249914
1.511781,6.824969,6.047116,6.128146,20.602378,20.602378
6.047116,6.824969,1.511781,6.128146,20.602378,20.602378
1.889726,3.187563,1.889731,18.818582,11.753497,11.753497
1.889731,3.187563,1.889726,18.818582,11.753497,11.753497
1.889726,3.348477,2.078701,16.933486,8.209174,8.209174
2.078701,3.348477,1.889726,16.933486,8.209174,8.209174
1.889726,3.512187,2.267671,15.036742,6.220149,6.220149
2.267671,3.512187,1.889726,15.036742,6.220149,6.220149
1.889726,3.678320,2.456641,13.182249,4.998105,4.998105
2.456641,3.678320,1.889726,13.182249,4.998105,4.998105
1.889726,3.846576,2.645619,11.449036,4.167075,4.167075
2.645619,3.846576,1.889726,11.449036,4.167075,4.167075
1.889726,4.016661,2.834588,9.907813,3.571772,3.571772
2.834588,4.016661,1.889726,9.907813,3.571772,3.571772
1.889726,4.361498,3.212528,7.538714,2.884407,2.884407
3.212528,4.361498,1.889726,7.538714,2.884407,2.884407
1.889726,4.887966,3.779463,5.734168,2.651412,2.651412
3.779463,4.887966,1.889726,5.734168,2.651412,2.651412
1.889726,5.243618,4.157402,5.356137,2.690787,2.690787
4.157402,5.243618,1.889726,5.356137,2.690787,2.690787
1.889726,6.144411,5.102259,5.286438,2.809518,2.809518
5.102259,6.144411,1.889726,5.286438,2.809518,2.809518
1.889726,7.056738,6.047116,5.305439,2.854530,2.854530
6.047116,7.056738,1.889726,5.305439,2.854530,2.854530
2.267671,3.825067,2.267671,12.887372,1.929356,1.929356
2.267671,3.825067,2.267671,12.887372,1.929356,1.929356
2.267671,3.985735,2.456641,11.734407,1.225687,1.225687
2.456641,3.985735,2.267671,11.734407,1.225687,1.225687
2.267671,4.148804,2.645619,10.561122,0.801629,0.801629
2.645619,4.148804,2.267671,10.561122,0.801629,0.801629
2.267671,4.313972,2.834588,9.442265,0.513171,0.513171
2.834588,4.313972,2.267671,9.442265,0.513171,0.513171
2.267671,4.649751,3.212528,7.517841,0.142538,0.142538
3.212528,4.649751,2.267671,7.517841,0.142538,0.142538
2.267671,5.164383,3.779463,5.802785,-0.047701,-0.047701
3.779463,5.164383,2.267671,5.802785,-0.047701,-0.047701
2.267671,5.513156,4.157402,5.366435,-0.069816,-0.069816
4.157402,5.513156,2.267671,5.366435,-0.069816,-0.069816
2.267671,6.399608,5.102259,5.210957,-0.039765,-0.039765
5.102259,6.399608,2.267671,5.210957,-0.039765,-0.039765
2.267671,7.300726,6.047116,5.209337,-0.017259,-0.017259
6.047116,7.300726,2.267671,5.209337,-0.017259,-0.017259
2.645617,4.462587,2.645619,9.594577,0.827691,0.827691
2.645619,4.462587,2.645617,9.594577,0.827691,0.827691
2.645617,4.623076,2.834588,8.846388,0.854533,0.854533
2.834588,4.623076,2.645617,8.846388,0.854533,0.854533
2.645617,4.950090,3.212528,7.298490,0.810692,0.810692
3.212528,4.950090,2.645617,7.298490,0.810692,0.810692
2.645617,5.452996,3.779463,5.737747,0.761994,0.761994
3.779463,5.452996,2.645617,5.737747,0.761994,0.761994
2.645617,5.794820,4.157402,5.305586,0.742914,0.742914
4.157402,5.794820,2.645617,5.305586,0.742914,0.742914
2.645617,6.666474,5.102259,5.147983,0.767805,0.767805
5.102259,6.666474,2.645617,5.147983,0.767805,0.767805
2.645617,7.555748,6.047116,5.142367,0.784847,0.784847
6.047116,7.555748,2.645617,5.142367,0.784847,0.784847
3.023562,5.260445,3.212528,6.983832,2.018643,2.018643
3.212528,5.260445,3.023562,6.983832,2.018643,2.018643
3.023562,5.751971,3.779463,5.701372,2.245307,2.245307
3.779463,5.751971,3.023562,5.701372,2.245307,2.245307
3.023562,6.086926,4.157402,5.346354,2.302114,2.302114
4.157402,6.086926,3.023562,5.346354,2.302114,2.302114
3.023562,6.943662,5.102259,5.162494,2.297951,2.297951
5.102259,6.943662,3.023562,5.162494,2.297951,2.297951
3.023562,7.820725,6.047116,5.147389,2.304412,2.304412
6.047116,7.820725,3.023562,5.147389,2.304412,2.304412
3.779452,6.375125,3.779463,5.504449,4.273100,4.273100
3.779463,6.375125,3.779452,5.504449,4.273100,4.273100
3.779452,6.696953,4.157402,5.295037,4.472965,4.472965
4.157402,6.696953,3.779452,5.295037,4.472965,4.472965
3.779452,7.524404,5.102259,5.176783,4.530553,4.530553
5.102259,7.524404,3.779452,5.176783,4.530553,4.530553
3.779452,8.376731,6.047116,5.171551,4.545513,4.545513
6.047116,8.376731,3.779452,5.171551,4.545513,4.545513
4.535343,8.133978,5.102259,5.207862,5.102265,5.102265
5.102259,8.133978,4.535343,5.207862,5.102265,5.102265
4.535343,8.962045,6.047116,5.179332,5.093202,5.093202
6.047116,8.962045,4.535343,5.179332,5.093202,5.093202
5.291233,9.571291,6.047116,5.193995,5.152091,5.152091
6.047116,9.571291,5.291233,5.193995,5.152091,5.152091
