R1,R2,R3,ETriat,E,ENew
1.511781,2.841227,1.511787,20.903387,46.326058,46.326058
1.511787,2.841227,1.511781,20.903387,46.326058,46.326058
1.511781,3.019487,1.700755,19.852112,34.466493,34.466493
1.700755,3.019487,1.511781,19.852112,34.466493,34.466493
1.511781,3.198978,1.889723,18.256319,28.159225,28.159225
1.889723,3.198978,1.511781,18.256319,28.159225,28.159225
1.511781,3.379519,2.078705,16.525526,24.824655,24.824655
2.078705,3.379519,1.511781,16.525526,24.824655,24.824655
1.511781,3.560919,2.267672,14.742039,22.974308,22.974308
2.267672,3.560919,1.511781,14.742039,22.974308,22.974308
1.511781,3.743077,2.456642,12.937884,21.801396,21.801396
2.456642,3.743077,1.511781,12.937884,21.801396,21.801396
1.511781,3.925870,2.645610,11.165946,20.912475,20.912475
2.645610,3.925870,1.511781,11.165946,20.912475,20.912475
1.511781,4.109238,2.834592,9.552228,20.218128,20.218128
2.834592,4.109238,1.511781,9.552228,20.218128,20.218128
1.511781,4.477360,3.212542,7.042053,19.343908,19.343908
3.212542,4.477360,1.511781,7.042053,19.343908,19.343908
1.511781,5.032266,3.779460,5.361362,19.210303,19.210303
3.779460,5.032266,1.511781,5.361362,19.210303,19.210303
1.511781,5.403586,4.157397,5.153470,19.418017,19.418017
4.157397,5.403586,1.511781,5.153470,19.418017,19.418017
1.511781,6.335326,5.102265,6.073199,20.524886,20.524886
5.102265,6.335326,1.511781,6.073199,20.524886,20.524886
1.511781,7.270445,6.047120,6.314785,20.791142,20.791142
6.047120,7.270445,1.511781,6.314785,20.791142,20.791142
1.889723,3.551517,1.889726,15.937292,9.996990,9.996990
1.889726,3.551517,1.889723,15.937292,9.996990,9.996990
1.889726,3.729664,2.078705,14.788310,7.017008,7.017008
2.078705,3.729664,1.889726,14.788310,7.017008,7.017008
1.889726,3.908811,2.267672,13.680880,5.612401,5.612401
2.267672,3.908811,1.889726,13.680880,5.612401,5.612401
1.889726,4.088853,2.456642,12.570648,4.929026,4.929026
2.456642,4.088853,1.889726,12.570648,4.929026,4.929026
1.889726,4.269656,2.645610,11.404954,4.485844,4.485844
2.645610,4.269656,1.889726,11.404954,4.485844,4.485844
1.889726,4.451155,2.834592,10.164448,4.052377,4.052377
2.834592,4.451155,1.889726,10.164448,4.052377,4.052377
1.889726,4.815864,3.212542,7.879985,3.294459,3.294459
3.212542,4.815864,1.889726,7.879985,3.294459,3.294459
1.889726,5.366355,3.779460,5.923879,2.854703,2.854703
3.779460,5.366355,1.889726,5.923879,2.854703,2.854703
1.889726,5.735124,4.157397,5.455602,2.800281,2.800281
4.157397,5.735124,1.889726,5.455602,2.800281,2.800281
1.889726,6.661560,5.102265,5.298799,2.826993,2.826993
5.102265,6.661560,1.889726,5.298799,2.826993,2.826993
1.889726,7.592530,6.047120,5.305061,2.856047,2.856047
6.047120,7.592530,1.889726,5.305061,2.856047,2.856047
2.267671,4.261825,2.267672,12.380826,1.813357,1.813357
2.267672,4.261825,2.267671,12.380826,1.813357,1.813357
2.267671,4.439876,2.456642,11.663666,1.406125,1.406125
2.456642,4.439876,2.267671,11.663666,1.406125,1.406125
2.267671,4.618784,2.645610,10.855495,1.245894,1.245894
2.645610,4.618784,2.267671,10.855495,1.245894,1.245894
2.267671,4.798481,2.834592,9.906109,1.060990,1.060990
2.834592,4.798481,2.267671,9.906109,1.060990,1.060990
2.267671,5.159847,3.212542,7.903485,0.553760,0.553760
3.212542,5.159847,2.267671,7.903485,0.553760,0.553760
2.267671,5.705919,3.779460,5.958470,0.119381,0.119381
3.779460,5.705919,2.267671,5.958470,0.119381,0.119381
2.267671,6.072087,4.157397,5.441463,0.014831,0.014831
4.157397,6.072087,2.267671,5.441463,0.014831,0.014831
2.267671,6.993003,5.102265,5.220109,-0.026365,-0.026365
5.102265,6.993003,2.267671,5.220109,-0.026365,-0.026365
2.267671,7.919554,6.047120,5.209398,-0.015568,-0.015568
6.047120,7.919554,2.267671,5.209398,-0.015568,-0.015568
2.645610,4.972127,2.645617,9.969948,1.252139,1.252139
2.645617,4.972127,2.645610,9.969948,1.252139,1.252139
2.645617,5.150119,2.834592,9.340608,1.377027,1.377027
2.834592,5.150119,2.645617,9.340608,1.377027,1.377027
2.645617,5.508284,3.212542,7.694187,1.220440,1.220440
3.212542,5.508284,2.645617,7.694187,1.220440,1.220440
2.645617,6.050037,3.779460,5.888393,0.923179,0.923179
3.779460,6.050037,2.645617,5.888393,0.923179,0.923179
2.645617,6.413620,4.157397,5.385313,0.830943,0.830943
4.157397,6.413620,2.645617,5.385313,0.830943,0.830943
2.645617,7.328948,5.102265,5.158992,0.782202,0.782202
5.102265,7.328948,2.645617,5.158992,0.782202,0.782202
2.645617,8.250930,6.047120,5.143599,0.787449,0.787449
6.047120,8.250930,2.645617,5.143599,0.787449,0.787449
3.023562,5.860379,3.212542,7.407521,2.454192,2.454192
3.212542,5.860379,3.023562,7.407521,2.454192,2.454192
3.023562,6.397973,3.779460,5.888869,2.441703,2.441703
3.779460,6.397973,3.023562,5.888869,2.441703,2.441703
3.023562,6.759030,4.157397,5.433865,2.396171,2.396171
4.157397,6.759030,3.023562,5.433865,2.396171,2.396171
3.023562,7.668805,5.102265,5.172591,2.310700,2.310700
5.102265,7.668805,3.023562,5.172591,2.310700,2.310700
3.023562,8.586154,6.047120,5.148119,2.306277,2.306277
6.047120,8.586154,3.023562,5.148119,2.306277,2.306277
3.779452,7.103052,3.779460,5.670602,4.444258,4.444258
3.779460,7.103052,3.779452,5.670602,4.444258,4.444258
3.779452,7.459321,4.157397,5.388063,4.569580,4.569580
4.157397,7.459321,3.779452,5.388063,4.569580,4.569580
3.779452,8.358336,5.102265,5.193744,4.549113,4.549113
5.102265,8.358336,3.779452,5.193744,4.549113,4.549113
3.779452,9.266472,6.047120,5.173525,4.548245,4.548245
6.047120,9.266472,3.779452,5.173525,4.548245,4.548245
4.535343,9.058462,5.102265,5.194019,5.089386,5.089386
5.102265,9.058462,4.535343,5.194019,5.089386,5.089386
4.535343,9.957695,6.047120,5.192580,5.106948,5.106948
6.047120,9.957695,4.535343,5.192580,5.106948,5.106948
5.291233,10.657702,6.047120,5.188031,5.146453,5.146453
6.047120,10.657702,5.291233,5.188031,5.146453,5.146453
