R1,R2,R3,ETriat,E,ENew
1.511781,1.943512,1.511788,49.414422,75.102094,75.102094
1.511788,1.943512,1.511781,49.414422,75.102094,75.102094
1.511781,2.070054,1.700758,45.753679,58.625379,58.625379
1.700758,2.070054,1.511781,45.753679,58.625379,58.625379
1.511781,2.205534,1.889731,41.788279,48.706184,48.706184
1.889731,2.205534,1.511781,41.788279,48.706184,48.706184
1.511781,2.348426,2.078700,37.494682,42.176979,42.176979
2.078700,2.348426,1.511781,37.494682,42.176979,42.176979
1.511781,2.497439,2.267673,32.666499,37.106283,37.106283
2.267673,2.497439,1.511781,32.666499,37.106283,37.106283
1.511781,2.651559,2.456643,28.090098,33.307673,33.307673
2.456643,2.651559,1.511781,28.090098,33.307673,33.307673
1.511781,2.809930,2.645616,24.039735,30.500714,30.500714
2.645616,2.809930,1.511781,24.039735,30.500714,30.500714
1.511781,2.971886,2.834585,20.457369,28.326004,28.326004
2.834585,2.971886,1.511781,20.457369,28.326004,28.326004
1.511781,3.304411,3.212528,13.651665,24.243056,24.243056
3.212528,3.304411,1.511781,13.651665,24.243056,24.243056
1.511781,3.819089,3.779462,7.891961,21.226344,21.226344
3.779462,3.819089,1.511781,7.891961,21.226344,21.226344
1.511781,4.169734,4.157404,6.336215,20.429138,20.429138
4.157404,4.169734,1.511781,6.336215,20.429138,20.429138
1.511781,5.063562,5.102259,5.488085,19.916574,19.916574
5.102259,5.063562,1.511781,5.488085,19.916574,19.916574
1.511781,5.973117,6.047113,5.421885,19.887520,19.887520
6.047113,5.973117,1.511781,5.421885,19.887520,19.887520
1.889726,2.429386,1.889731,35.453262,25.563883,25.563883
1.889731,2.429386,1.889726,35.453262,25.563883,25.563883
1.889726,2.554964,2.078700,32.351006,20.612135,20.612135
2.078700,2.554964,1.889726,32.351006,20.612135,20.612135
1.889726,2.687960,2.267673,29.077306,17.256836,17.256836
2.267673,2.687960,1.889726,29.077306,17.256836,17.256836
1.889726,2.827348,2.456643,26.349800,15.338061,15.338061
2.456643,2.827348,1.889726,26.349800,15.338061,15.338061
1.889726,2.972209,2.645616,23.759682,13.954312,13.954312
2.645616,2.972209,1.889726,23.759682,13.954312,13.954312
1.889726,3.121799,2.834585,19.878416,11.409099,11.409099
2.834585,3.121799,1.889726,19.878416,11.409099,11.409099
1.889726,3.432644,3.212528,13.202246,7.266091,7.266091
3.212528,3.432644,1.889726,13.202246,7.266091,7.266091
1.889726,3.921088,3.779462,7.800874,4.345388,4.345388
3.779462,3.921088,1.889726,7.800874,4.345388,4.345388
1.889726,4.257531,4.157404,6.332529,3.544626,3.544626
4.157404,4.257531,1.889726,6.332529,3.544626,3.544626
1.889726,5.124014,5.102259,5.433405,2.937182,2.937182
5.102259,5.124014,1.889726,5.433405,2.937182,2.937182
1.889726,6.014148,6.047113,5.335999,2.875865,2.875865
6.047113,6.014148,1.889726,5.335999,2.875865,2.875865
2.267671,2.915260,2.267673,25.586565,11.905574,11.905574
2.267673,2.915260,2.267671,25.586565,11.905574,11.905574
2.267671,3.040183,2.456643,24.042143,11.113919,11.113919
2.456643,3.040183,2.267671,24.042143,11.113919,11.113919
2.267671,3.171440,2.645616,21.832674,10.023485,10.023485
2.645616,3.171440,2.267671,21.832674,10.023485,10.023485
2.267671,3.308298,2.834585,18.092841,7.512183,7.512183
2.834585,3.308298,2.267671,18.092841,7.512183,7.512183
2.267671,3.596198,3.212528,12.368123,4.079566,4.079566
3.212528,3.596198,2.267671,12.368123,4.079566,4.079566
2.267671,4.055874,3.779462,7.567070,1.469783,1.469783
3.779462,4.055874,2.267671,7.567070,1.469783,1.469783
2.267671,4.376315,4.157404,6.218892,0.698162,0.698162
4.157404,4.376315,2.267671,6.218892,0.698162,0.698162
2.267671,5.211245,5.102259,5.349355,0.078619,0.078619
5.102259,5.211245,2.267671,5.349355,0.078619,0.078619
2.267671,6.078446,6.047113,5.235347,-0.000564,-0.000564
6.047113,6.078446,2.267671,5.235347,-0.000564,-0.000564
2.645616,3.401135,2.645617,15.536338,5.368131,5.368131
2.645617,3.401135,2.645616,15.536338,5.368131,5.368131
2.645617,3.525582,2.834585,14.329551,5.256295,5.256295
2.834585,3.525582,2.645617,14.329551,5.256295,5.256295
2.645617,3.790504,3.212528,11.329904,4.286109,4.286109
3.212528,3.790504,2.645617,11.329904,4.286109,4.286109
2.645617,4.220305,3.779462,7.305571,2.184944,2.184944
3.779462,4.220305,2.645617,7.305571,2.184944,2.184944
2.645617,4.523647,4.157404,6.105695,1.487172,1.487172
4.157404,4.523647,2.645617,6.105695,1.487172,1.487172
2.645617,5.323937,5.102259,5.290243,0.890352,0.890352
5.102259,5.323937,2.645617,5.290243,0.890352,0.890352
2.645617,6.165284,6.047113,5.170939,0.804448,0.804448
6.047113,6.165284,2.645617,5.170939,0.804448,0.804448
3.023562,4.011096,3.212528,9.108947,3.855070,3.855070
3.212528,4.011096,3.023562,9.108947,3.855070,3.855070
3.023562,4.411068,3.779462,7.013248,3.477889,3.477889
3.779462,4.411068,3.023562,7.013248,3.477889,3.477889
3.023562,4.696842,4.157404,5.995683,2.912854,2.912854
4.157404,4.696842,3.023562,5.995683,2.912854,2.912854
3.023562,5.460516,5.102259,5.261817,2.378739,2.378739
5.102259,5.460516,3.023562,5.261817,2.378739,2.378739
3.023562,6.273726,6.047113,5.145989,2.294699,2.294699
6.047113,6.273726,3.023562,5.145989,2.294699,2.294699
3.779452,4.858772,3.779462,5.916426,4.653837,4.653837
3.779462,4.858772,3.779452,5.916426,4.653837,4.653837
3.779452,5.109917,4.157404,5.710228,4.863112,4.863112
4.157404,5.109917,3.779452,5.710228,4.863112,4.863112
3.779452,5.798287,5.102259,5.263878,4.603274,4.603274
5.102259,5.798287,3.779452,5.263878,4.603274,4.603274
3.779452,6.550916,6.047113,5.179891,4.547335,4.547335
6.047113,6.550916,3.779452,5.179891,4.547335,4.547335
4.535343,6.210134,5.102259,5.272379,5.157164,5.157164
5.102259,6.210134,4.535343,5.272379,5.157164,5.157164
4.535343,6.900153,6.047113,5.220926,5.130105,5.130105
6.047113,6.900153,4.535343,5.220926,5.130105,5.130105
5.291233,7.311119,6.047113,5.217019,5.171908,5.171908
6.047113,7.311119,5.291233,5.217019,5.171908,5.171908
