R1,R2,R3,ETriat,E,ENew
1.511781,1.511776,2.476758,40.746753,64.830957,64.830957
2.476758,1.511776,1.511781,40.746753,64.830957,64.830957
1.700749,1.511781,2.551270,37.673775,50.455189,50.455189
2.551270,1.511781,1.700749,37.673775,50.455189,50.455189
1.511781,1.495353,2.456648,40.478457,65.952960,65.952960
2.456648,1.495353,1.511781,40.478457,65.952960,65.952960
1.511781,1.652946,2.645615,36.860104,52.152894,52.152894
2.645615,1.652946,1.511781,36.860104,52.152894,52.152894
1.511781,1.816526,2.834587,32.913494,42.974315,42.974315
2.834587,1.816526,1.511781,32.913494,42.974315,42.974315
1.511781,2.156200,3.212537,26.501434,33.869889,33.869889
3.212537,2.156200,1.511781,26.501434,33.869889,33.869889
1.511781,2.684941,3.779443,17.694928,27.387344,27.387344
3.779443,2.684941,1.511781,17.694928,27.387344,27.387344
1.511781,3.045087,4.157393,13.007048,24.554930,24.554930
4.157393,3.045087,1.511781,13.007048,24.554930,24.554930
1.511781,3.959990,5.102264,6.629106,20.722497,20.722497
5.102264,3.959990,1.511781,6.629106,20.722497,20.722497
1.511781,4.886299,6.047124,5.557806,19.998533,19.998533
6.047124,4.886299,1.511781,5.557806,19.998533,19.998533
1.889726,1.889721,3.095943,29.127868,21.719307,21.719307
3.095943,1.889721,1.889726,29.127868,21.719307,21.719307
1.889726,1.301077,2.267666,41.354701,74.834538,74.834538
2.267666,1.301077,1.889726,41.354701,74.834538,74.834538
1.889726,1.414402,2.456648,37.256532,54.309912,54.309912
2.456648,1.414402,1.889726,37.256532,54.309912,54.309912
1.889726,1.542621,2.645615,34.446477,39.680030,39.680030
2.645615,1.542621,1.889726,34.446477,39.680030,39.680030
1.889726,1.682320,2.834587,32.249113,29.978827,29.978827
2.834587,1.682320,1.889726,32.249113,29.978827,29.978827
1.889726,1.986357,3.212537,28.237957,19.854997,19.854997
3.212537,1.986357,1.889726,28.237957,19.854997,19.854997
1.889726,2.480787,3.779443,21.257933,13.321716,13.321716
3.779443,2.480787,1.889726,21.257933,13.321716,13.321716
1.889726,2.825585,4.157393,15.274217,9.009025,9.009025
4.157393,2.825585,1.889726,15.274217,9.009025,9.009025
1.889726,4.157397,5.563714,6.053233,3.394673,3.394673
5.563714,4.157397,1.889726,6.053233,3.394673,3.394673
1.889726,3.715890,5.102264,7.318805,4.132644,4.132644
5.102264,3.715890,1.889726,7.318805,4.132644,4.132644
1.889726,4.627870,6.047124,5.569524,3.064846,3.064846
6.047124,4.627870,1.889726,5.569524,3.064846,3.064846
2.267666,1.363802,2.267671,36.840105,57.539021,57.539021
2.267671,1.363802,2.267666,36.840105,57.539021,57.539021
2.267671,2.267667,3.715128,22.640539,11.499426,11.499426
3.715128,2.267667,2.267671,22.640539,11.499426,11.499426
2.267671,1.432016,2.456648,33.445392,45.658814,45.658814
2.456648,1.432016,2.267671,33.445392,45.658814,45.658814
2.267671,1.520794,2.645615,30.684255,34.871991,34.871991
2.645615,1.520794,2.267671,30.684255,34.871991,34.871991
2.267671,1.626751,2.834587,28.830423,26.546948,26.546948
2.834587,1.626751,2.267671,28.830423,26.546948,26.546948
2.267671,1.878221,3.212537,27.204872,17.669793,17.669793
3.212537,1.878221,2.267671,27.204872,17.669793,17.669793
2.267671,2.320642,3.779443,22.003981,10.987556,10.987556
3.779443,2.320642,2.267671,22.003981,10.987556,10.987556
2.267671,3.779443,5.409088,6.828738,0.983758,0.983758
5.409088,3.779443,2.267671,6.828738,0.983758,0.983758
2.267671,2.642156,4.157393,16.206324,6.439224,6.439224
4.157393,2.642156,2.267671,16.206324,6.439224,6.439224
2.267671,3.495689,5.102264,8.133214,1.673334,1.673334
5.102264,3.495689,2.267671,8.133214,1.673334,1.673334
2.267671,4.386813,6.047124,5.601957,0.274928,0.274928
6.047124,4.386813,2.267671,5.601957,0.274928,0.274928
2.645615,1.591112,2.645617,26.465983,26.415294,26.415294
2.645617,1.591112,2.645615,26.465983,26.415294,26.415294
2.645618,2.645617,4.334328,14.191271,5.388815,5.388815
4.334328,2.645617,2.645618,14.191271,5.388815,5.388815
2.645617,1.657746,2.834587,26.495862,23.465233,23.465233
2.834587,1.657746,2.645617,26.495862,23.465233,23.465233
2.645617,1.842688,3.212537,21.425613,13.503932,13.503932
3.212537,1.842688,2.645617,21.425613,13.503932,13.503932
2.645617,2.214078,3.779443,17.145408,7.035264,7.035264
3.779443,2.214078,2.645617,17.145408,7.035264,7.035264
3.779452,2.645617,4.613409,6.875095,1.863096,1.863096
4.613409,2.645617,3.779452,6.875095,1.863096,1.863096
2.645617,2.502745,4.157393,15.487103,6.112606,6.112606
4.157393,2.502745,2.645617,15.487103,6.112606,6.112606
2.645617,3.304169,5.102264,8.818863,2.652453,2.652453
5.102264,3.304169,2.645617,8.818863,2.652453,2.652453
2.645617,4.166145,6.047124,5.757642,1.204265,1.204265
6.047124,4.166145,2.645617,5.757642,1.204265,1.204265
3.023562,1.883871,3.212537,16.805712,9.545136,9.545136
3.212537,1.883871,3.023562,16.805712,9.545136,9.545136
3.023562,2.169007,3.779443,13.054630,4.560777,4.560777
3.779443,2.169007,3.023562,13.054630,4.560777,4.560777
3.023562,2.414988,4.157393,11.716323,3.628753,3.628753
4.157393,2.414988,3.023562,11.716323,3.628753,3.628753
3.023562,3.146571,5.102264,8.967770,3.756980,3.756980
5.102264,3.146571,3.023562,8.967770,3.756980,3.756980
4.962088,3.023562,5.102258,5.339402,2.443741,2.443741
5.102258,3.023562,4.962088,5.339402,2.443741,2.443741
3.023562,5.102264,7.271327,5.193605,2.330518,2.330518
7.271327,5.102264,3.023562,5.193605,2.330518,2.330518
3.023562,3.969268,6.047124,5.987556,2.788486,2.788486
6.047124,3.969268,3.023562,5.987556,2.788486,2.788486
3.779443,2.273004,3.779452,8.331743,1.899652,1.899652
3.779452,2.273004,3.779443,8.331743,1.899652,1.899652
3.779461,3.779452,6.191897,5.924874,4.691477,4.691477
6.191897,3.779452,3.779461,5.924874,4.691477,4.691477
3.779452,2.413727,4.157393,7.392211,1.518004,1.518004
4.157393,2.413727,3.779452,7.392211,1.518004,1.518004
3.779452,2.953763,5.102264,6.577813,2.828121,2.828121
5.102264,2.953763,3.779452,6.577813,2.828121,2.828121
3.779452,5.102263,7.720175,5.220644,4.574914,4.574914
7.720175,5.102263,3.779452,5.220644,4.574914,4.574914
3.779452,3.661800,6.047124,6.058856,4.607264,4.607264
6.047124,3.661800,3.779452,6.058856,4.607264,4.607264
4.535343,2.948094,5.102264,5.498273,2.264994,2.264994
5.102264,2.948094,4.535343,5.498273,2.264994,2.264994
5.102260,4.535343,7.653808,5.228840,5.122299,5.122299
7.653808,4.535343,5.102260,5.228840,5.122299,5.122299
4.535343,3.493597,6.047124,5.349683,4.040365,4.040365
6.047124,3.493597,4.535343,5.349683,4.040365,4.040365
6.047118,4.535343,7.868775,5.213737,5.126246,5.126246
7.868775,4.535343,6.047118,5.213737,5.126246,5.126246
5.291233,3.484881,6.047124,5.185308,3.896439,3.896439
6.047124,3.484881,5.291233,5.185308,3.896439,3.896439
5.291233,6.047116,9.571291,5.216501,5.174597,5.174597
9.571291,6.047116,5.291233,5.216501,5.174597,5.174597
2.282033,4.200020,5.858092,5.814407,0.406972,0.406972
5.858092,4.200020,2.282033,5.814407,0.406972,0.406972
