R1,R2,R3,ETriat,E,ENew
1.511788,1.511781,1.943512,49.414422,75.102094,75.102094
1.943512,1.511781,1.511788,49.414422,75.102094,75.102094
1.511781,1.477776,1.889723,50.677739,80.321833,80.321833
1.889723,1.477776,1.511781,50.677739,80.321833,80.321833
1.511781,1.602032,2.078705,45.923504,63.727297,63.727297
2.078705,1.602032,1.511781,45.923504,63.727297,63.727297
1.511781,1.737974,2.267672,41.220889,52.041839,52.041839
2.267672,1.737974,1.511781,41.220889,52.041839,52.041839
1.511781,1.883106,2.456642,36.950048,44.176715,44.176715
2.456642,1.883106,1.511781,36.950048,44.176715,44.176715
1.511781,2.035429,2.645610,33.069609,38.900560,38.900560
2.645610,2.035429,1.511781,33.069609,38.900560,38.900560
1.511781,2.193480,2.834592,29.397899,35.180916,35.180916
2.834592,2.193480,1.511781,29.397899,35.180916,35.180916
1.511781,2.522363,3.212542,21.983250,29.597830,29.597830
3.212542,2.522363,1.511781,21.983250,29.597830,29.597830
1.511781,3.037165,3.779460,13.250500,24.360616,24.360616
3.779460,3.037165,1.511781,13.250500,24.360616,24.360616
1.511781,3.389619,4.157397,9.427843,22.196139,22.196139
4.157397,3.389619,1.511781,9.427843,22.196139,22.196139
1.511781,4.289788,5.102265,5.939968,20.264225,20.264225
5.102265,4.289788,1.511781,5.939968,20.264225,20.264225
1.511781,5.205815,6.047120,5.484105,19.934874,19.934874
6.047120,5.205815,1.511781,5.484105,19.934874,19.934874
1.889723,1.597256,1.889726,47.980309,51.361239,51.361239
1.889726,1.597256,1.889723,47.980309,51.361239,51.361239
1.889731,1.889726,2.429386,35.453262,25.563883,25.563883
2.429386,1.889726,1.889731,35.453262,25.563883,25.563883
1.889726,1.685851,2.078705,44.006164,40.529230,40.529230
2.078705,1.685851,1.889726,44.006164,40.529230,40.529230
1.889726,1.790062,2.267672,39.076799,31.308328,31.308328
2.267672,1.790062,1.889726,39.076799,31.308328,31.308328
1.414402,1.889726,2.456648,37.256532,54.309912,54.309912
2.456648,1.889726,1.414402,37.256532,54.309912,54.309912
1.743803,1.889726,2.456647,35.773794,29.714913,29.714913
2.456647,1.889726,1.743803,35.773794,29.714913,29.714913
1.889726,1.907367,2.456642,34.900132,24.767631,24.767631
2.456642,1.907367,1.889726,34.900132,24.767631,24.767631
1.889726,2.035464,2.645610,31.454786,20.359062,20.359062
2.645610,2.035464,1.889726,31.454786,20.359062,20.359062
1.889726,2.172482,2.834592,28.402759,17.312342,17.312342
2.834592,2.172482,1.889726,28.402759,17.312342,17.312342
1.889726,2.467185,3.212542,24.237000,14.764397,14.764397
3.212542,2.467185,1.889726,24.237000,14.764397,14.764397
1.889726,2.945098,3.779460,14.106194,7.921280,7.921280
3.779460,2.945098,1.889726,14.106194,7.921280,7.921280
1.889726,3.279500,4.157397,10.151487,5.638593,5.638593
4.157397,3.279500,1.889726,10.151487,5.638593,5.638593
1.889726,4.148348,5.102265,6.054241,3.379712,3.379712
5.102265,4.148348,1.889726,6.054241,3.379712,3.379712
1.889726,5.044595,6.047120,5.424299,2.944423,2.944423
6.047120,5.044595,1.889726,5.424299,2.944423,2.944423
2.267671,1.916709,2.267672,36.145125,22.831163,22.831163
2.267672,1.916709,2.267671,36.145125,22.831163,22.831163
2.267673,2.267671,2.915260,25.586565,11.905574,11.905574
2.915260,2.267671,2.267673,25.586565,11.905574,11.905574
2.267671,2.003921,2.456642,32.208793,18.012976,18.012976
2.456642,2.003921,2.267671,32.208793,18.012976,18.012976
2.267671,2.456638,3.194739,23.121881,10.780666,10.780666
3.194739,2.456638,2.267671,23.121881,10.780666,10.780666
2.267671,2.104505,2.645610,28.782624,14.439730,14.439730
2.645610,2.104505,2.267671,28.782624,14.439730,14.439730
2.267671,2.216684,2.834592,26.104019,12.140478,12.140478
2.834592,2.216684,2.267671,26.104019,12.140478,12.140478
2.267671,2.469286,3.212542,23.002145,10.758507,10.758507
3.212542,2.469286,2.267671,23.002145,10.758507,10.758507
2.267671,2.899744,3.779460,14.153327,5.007384,5.007384
3.779460,2.899744,2.267671,14.153327,5.007384,5.007384
2.267671,3.210359,4.157397,10.401688,2.870574,2.870574
4.157397,3.210359,2.267671,10.401688,2.870574,2.870574
2.267671,4.037448,5.102265,6.130121,0.595736,0.595736
5.102265,4.037448,2.267671,6.130121,0.595736,0.595736
2.267671,5.102258,6.252187,5.301424,0.049132,0.049132
6.252187,5.102258,2.267671,5.301424,0.049132,0.049132
2.267671,4.907244,6.047120,5.341906,0.080484,0.080484
6.047120,4.907244,2.267671,5.341906,0.080484,0.080484
2.645610,2.236170,2.645617,26.761246,12.891718,12.891718
2.645617,2.236170,2.645610,26.761246,12.891718,12.891718
2.645617,2.645616,3.401135,15.536338,5.368131,5.368131
3.401135,2.645616,2.645617,15.536338,5.368131,5.368131
2.645617,2.322366,2.834592,24.267148,11.139331,11.139331
2.834592,2.322366,2.645617,24.267148,11.139331,11.139331
2.834592,2.645617,3.339505,15.053397,5.442717,5.442717
3.339505,2.645617,2.834592,15.053397,5.442717,5.442717
2.645617,2.528523,3.212542,17.875716,6.674908,6.674908
3.212542,2.528523,2.645617,17.875716,6.674908,6.674908
2.645617,2.903293,3.779460,13.820660,5.557458,5.557458
3.779460,2.903293,2.645617,13.820660,5.557458,5.557458
2.645617,3.184867,4.157397,10.322437,3.567306,3.567306
4.157397,3.184867,2.645617,10.322437,3.567306,3.567306
2.645617,3.959654,5.102265,6.208937,1.467181,1.467181
5.102265,3.959654,2.645617,6.208937,1.467181,1.467181
2.645617,4.795815,6.047120,5.312319,0.913508,0.913508
6.047120,4.795815,2.645617,5.312319,0.913508,0.913508
3.023562,2.641054,3.212542,15.428256,6.133551,6.133551
3.212542,2.641054,3.023562,15.428256,6.133551,6.133551
3.023562,2.955570,3.779460,10.171776,3.634737,3.634737
3.779460,2.955570,3.023562,10.171776,3.634737,3.634737
3.023562,3.204066,4.157397,9.071944,3.900385,3.900385
4.157397,3.204066,3.023562,9.071944,3.900385,3.900385
3.023562,3.916941,5.102265,6.227064,2.950755,2.950755
5.102265,3.916941,3.023562,6.227064,2.950755,2.950755
3.023562,4.712146,6.047120,5.304012,2.413126,2.413126
6.047120,4.712146,3.023562,5.304012,2.413126,2.413126
3.779452,3.194529,3.779460,8.375454,4.978894,4.978894
3.779460,3.194529,3.779452,8.375454,4.978894,4.978894
3.779462,3.779452,4.858772,5.916426,4.653837,4.653837
4.858772,3.779452,3.779462,5.916426,4.653837,4.653837
3.779452,3.371708,4.157397,7.233467,4.841907,4.841907
4.157397,3.371708,3.779452,7.233467,4.841907,4.841907
3.779452,3.940381,5.102265,5.930492,4.897456,4.897456
5.102265,3.940381,3.779452,5.930492,4.897456,4.897456
3.779452,4.633610,6.047120,5.330423,4.647939,4.647939
6.047120,4.633610,3.779452,5.330423,4.647939,4.647939
4.535343,4.105305,5.102265,5.532171,5.189384,5.189384
5.102265,4.105305,4.535343,5.532171,5.189384,5.189384
4.535343,4.677510,6.047120,5.292106,5.153522,5.153522
6.047120,4.677510,4.535343,5.292106,5.153522,5.153522
4.535343,6.047118,7.868775,5.213737,5.126246,5.126246
7.868775,6.047118,4.535343,5.213737,5.126246,5.126246
5.291233,4.840516,6.047120,5.311653,5.228541,5.228541
6.047120,4.840516,5.291233,5.311653,5.228541,5.228541
