R1,R2,R3,ETriat,E,ENew
1.511781,2.793418,1.511793,34.362039,59.589753,59.589753
1.511793,2.793418,1.511781,34.362039,59.589753,59.589753
1.511781,2.968885,1.700764,31.791220,46.202687,46.202687
1.700764,2.968885,1.511781,31.791220,46.202687,46.202687
1.511781,3.145917,1.889735,29.122560,38.829877,38.829877
1.889735,3.145917,1.511781,29.122560,38.829877,38.829877
1.511781,3.324264,2.078706,26.516571,34.640686,34.640686
2.078706,3.324264,1.511781,26.516571,34.640686,34.640686
1.511781,3.503725,2.267676,24.370855,32.458474,32.458474
2.267676,3.503725,1.511781,24.370855,32.458474,32.458474
1.511781,3.684136,2.456647,20.303624,29.057383,29.057383
2.456647,3.684136,1.511781,20.303624,29.057383,29.057383
1.511781,3.865366,2.645618,17.934758,27.605119,27.605119
2.645618,3.865366,1.511781,17.934758,27.605119,27.605119
1.511781,4.047304,2.834589,15.786085,26.403629,26.403629
2.834589,4.047304,1.511781,15.786085,26.403629,26.403629
1.511781,4.412954,3.212530,11.133117,23.419961,23.419961
3.212530,4.412954,1.511781,11.133117,23.419961,23.419961
1.511781,4.964881,3.779443,7.244807,21.091482,21.091482
3.779443,4.964881,1.511781,7.244807,21.091482,21.091482
1.511781,5.334579,4.157384,6.185118,20.448175,20.448175
4.157384,5.334579,1.511781,6.185118,20.448175,20.448175
1.511781,6.263157,5.102265,5.503232,19.954128,19.954128
5.102265,6.263157,1.511781,5.503232,19.954128,19.954128
1.511781,7.195954,6.047119,5.414833,19.890903,19.890903
6.047119,7.195954,1.511781,5.414833,19.890903,19.890903
1.889726,3.491767,1.889735,26.380988,20.286991,20.286991
1.889735,3.491767,1.889726,26.380988,20.286991,20.286991
1.889726,3.667066,2.078706,24.916361,17.025055,17.025055
2.078706,3.667066,1.889726,24.916361,17.025055,17.025055
1.889726,3.843661,2.267676,23.356054,15.201681,15.201681
2.267676,3.843661,1.889726,23.356054,15.201681,15.201681
1.889726,4.021382,2.456647,20.594417,12.896575,12.896575
2.456647,4.021382,1.889726,20.594417,12.896575,12.896575
1.889726,4.200085,2.645618,18.257090,11.304331,11.304331
2.645618,4.200085,1.889726,18.257090,11.304331,11.304331
1.889726,4.379649,2.834589,15.162773,9.032138,9.032138
2.834589,4.379649,1.889726,15.162773,9.032138,9.032138
1.889726,4.740973,3.212530,10.761911,6.171451,6.171451
3.212530,4.740973,1.889726,10.761911,6.171451,6.171451
1.889726,5.287317,3.779443,7.070236,3.999299,3.999299
3.779443,5.287317,1.889726,7.070236,3.999299,3.999299
1.889726,5.653797,4.157384,6.054103,3.397275,3.397275
4.157384,5.653797,1.889726,6.054103,3.397275,3.397275
1.889726,6.575702,5.102265,5.416845,2.944380,2.944380
5.102265,6.575702,1.889726,5.416845,2.944380,2.944380
1.889726,7.503299,6.047119,5.337916,2.888657,2.888657
6.047119,7.503299,1.889726,5.337916,2.888657,2.888657
2.267671,4.190115,2.267676,20.842206,10.239005,10.239005
2.267676,4.190115,2.267671,20.842206,10.239005,10.239005
2.267671,4.365300,2.456647,19.347926,9.070125,9.070125
2.456647,4.365300,2.267671,19.347926,9.070125,9.070125
2.267671,4.541591,2.645618,16.477010,6.856691,6.856691
2.645618,4.541591,2.267671,16.477010,6.856691,6.856691
2.267671,4.718863,2.834589,14.037163,5.186435,5.186435
2.834589,4.718863,2.267671,14.037163,5.186435,5.186435
2.267671,5.075941,3.212530,10.197810,2.845813,2.845813
3.212530,5.075941,2.267671,10.197810,2.845813,2.845813
2.267671,5.616679,3.779443,6.834395,0.993602,0.993602
3.779443,5.616679,2.267671,6.834395,0.993602,0.993602
2.267671,5.979865,4.157384,5.882164,0.454196,0.454196
4.157384,5.979865,2.267671,5.882164,0.454196,0.454196
2.267671,6.894800,5.102265,5.298295,0.051300,0.051300
5.102265,6.894800,2.267671,5.298295,0.051300,0.051300
2.267671,7.816836,6.047119,5.228987,0.003816,0.003816
6.047119,7.816836,2.267671,5.228987,0.003816,0.003816
2.645617,4.888463,2.645618,13.800385,5.079282,5.079282
2.645618,4.888463,2.645617,13.800385,5.079282,5.079282
2.645617,5.063566,2.834589,12.273551,4.307618,4.307618
2.834589,5.063566,2.645617,12.273551,4.307618,4.307618
2.645617,5.416568,3.212530,9.497899,3.022219,3.022219
3.212530,5.416568,2.645617,9.497899,3.022219,3.022219
2.645617,5.951818,3.779443,6.622719,1.656032,1.656032
3.779443,5.951818,2.645617,6.622719,1.656032,1.656032
2.645617,6.311723,4.157384,5.757648,1.202227,1.202227
4.157384,6.311723,2.645617,5.757648,1.202227,1.202227
2.645617,7.219581,5.102265,5.230425,0.853232,0.853232
5.102265,7.219581,2.645617,5.230425,0.853232,0.853232
2.645617,8.135849,6.047119,5.168224,0.811906,0.811906
6.047119,8.135849,2.645617,5.168224,0.811906,0.811906
3.023562,5.761852,3.212530,8.493483,3.538425,3.538425
3.212530,5.761852,3.023562,8.493483,3.538425,3.538425
3.023562,6.291810,3.779443,6.409290,2.960989,2.960989
3.779443,6.291810,3.023562,6.409290,2.960989,2.960989
3.023562,6.648503,4.157384,5.656928,2.618455,2.618455
4.157384,6.648503,3.023562,5.656928,2.618455,2.618455
3.023562,7.549313,5.102265,5.188121,2.325921,2.325921
5.102265,7.549313,3.023562,5.188121,2.325921,2.325921
3.023562,8.459718,6.047119,5.131647,2.289669,2.289669
6.047119,8.459718,3.023562,5.131647,2.289669,2.289669
3.779443,6.983508,3.779452,5.833552,4.606613,4.606613
3.779452,6.983508,3.779443,5.833552,4.606613,4.606613
3.779452,7.334107,4.157384,5.515273,4.696377,4.696377
4.157384,7.334107,3.779452,5.515273,4.696377,4.696377
3.779452,8.221237,5.102265,5.212530,4.567716,4.567716
5.102265,8.221237,3.779452,5.212530,4.567716,4.567716
3.779452,9.119949,6.047119,5.165895,4.540526,4.540526
6.047119,9.119949,3.779452,5.165895,4.540526,4.540526
4.535343,8.906631,5.102265,5.223659,5.118917,5.118917
5.102265,8.906631,4.535343,5.223659,5.118917,5.118917
4.535343,9.794022,6.047119,5.210460,5.124771,5.124771
6.047119,9.794022,4.535343,5.210460,5.124771,5.124771
5.291233,10.479265,6.047119,5.216515,5.174900,5.174900
6.047119,10.479265,5.291233,5.216515,5.174900,5.174900
