R1,R2,R3,ETriat,E,ENew
1.511781,2.841227,1.511787,33.924503,59.347174,59.347174
1.511787,2.841227,1.511781,33.924503,59.347174,59.347174
1.511781,3.019487,1.700755,31.457694,46.072074,46.072074
1.700755,3.019487,1.511781,31.457694,46.072074,46.072074
1.511781,3.198978,1.889723,28.890067,38.792974,38.792974
1.889723,3.198978,1.511781,28.890067,38.792974,38.792974
1.511781,3.379519,2.078705,26.372605,34.671735,34.671735
2.078705,3.379519,1.511781,26.372605,34.671735,34.671735
1.511781,3.560919,2.267672,24.273818,32.506088,32.506088
2.267672,3.560919,1.511781,24.273818,32.506088,32.506088
1.511781,3.743077,2.456642,20.253150,29.116662,29.116662
2.456642,3.743077,1.511781,20.253150,29.116662,29.116662
1.511781,3.925870,2.645610,17.918562,27.665091,27.665091
2.645610,3.925870,1.511781,17.918562,27.665091,27.665091
1.511781,4.109238,2.834592,15.776843,26.442744,26.442744
2.834592,4.109238,1.511781,15.776843,26.442744,26.442744
1.511781,4.477360,3.212542,11.179336,23.481191,23.481191
3.212542,4.477360,1.511781,11.179336,23.481191,23.481191
1.511781,5.032266,3.779460,7.254899,21.103841,21.103841
3.779460,5.032266,1.511781,7.254899,21.103841,21.103841
1.511781,5.403586,4.157397,6.187011,20.451558,20.451558
4.157397,5.403586,1.511781,6.187011,20.451558,20.451558
1.511781,6.335326,5.102265,5.500663,19.952350,19.952350
5.102265,6.335326,1.511781,5.500663,19.952350,19.952350
1.511781,7.270445,6.047120,5.412595,19.888951,19.888951
6.047120,7.270445,1.511781,5.412595,19.888951,19.888951
1.889723,3.551517,1.889726,26.268792,20.328490,20.328490
1.889726,3.551517,1.889723,26.268792,20.328490,20.328490
1.889726,3.729664,2.078705,24.886685,17.115383,17.115383
2.078705,3.729664,1.889726,24.886685,17.115383,17.115383
1.889726,3.908811,2.267672,23.088681,15.020202,15.020202
2.267672,3.908811,1.889726,23.088681,15.020202,15.020202
1.889726,4.088853,2.456642,20.633771,12.992149,12.992149
2.456642,4.088853,1.889726,20.633771,12.992149,12.992149
1.889726,4.269656,2.645610,18.403706,11.484596,11.484596
2.645610,4.269656,1.889726,18.403706,11.484596,11.484596
1.889726,4.451155,2.834592,15.275473,9.163401,9.163401
2.834592,4.451155,1.889726,15.275473,9.163401,9.163401
1.889726,4.815864,3.212542,10.803767,6.218241,6.218241
3.212542,4.815864,1.889726,10.803767,6.218241,6.218241
1.889726,5.366355,3.779460,7.075153,4.005977,4.005977
3.779460,5.366355,1.889726,7.075153,4.005977,4.005977
1.889726,5.735124,4.157397,6.053550,3.398229,3.398229
4.157397,5.735124,1.889726,6.053550,3.398229,3.398229
1.889726,6.661560,5.102265,5.416273,2.944467,2.944467
5.102265,6.661560,1.889726,5.416273,2.944467,2.944467
1.889726,7.592530,6.047120,5.337627,2.888614,2.888614
6.047120,7.592530,1.889726,5.337627,2.888614,2.888614
2.267671,4.261825,2.267672,20.904433,10.336964,10.336964
2.267672,4.261825,2.267671,20.904433,10.336964,10.336964
2.267671,4.439876,2.456642,19.386684,9.129144,9.129144
2.456642,4.439876,2.267671,19.386684,9.129144,9.129144
2.267671,4.618784,2.645610,16.573487,6.963887,6.963887
2.645610,4.618784,2.267671,16.573487,6.963887,6.963887
2.267671,4.798481,2.834592,14.144518,5.299398,5.299398
2.834592,4.798481,2.267671,14.144518,5.299398,5.299398
2.267671,5.159847,3.212542,10.242328,2.892603,2.892603
3.212542,5.159847,2.267671,10.242328,2.892603,2.892603
2.267671,5.705919,3.779460,6.836203,0.997114,0.997114
3.779460,5.705919,2.267671,6.836203,0.997114,0.997114
2.267671,6.072087,4.157397,5.879788,0.453155,0.453155
4.157397,6.072087,2.267671,5.879788,0.453155,0.453155
2.267671,6.993003,5.102265,5.297471,0.050996,0.050996
5.102265,6.993003,2.267671,5.297471,0.050996,0.050996
2.267671,7.919554,6.047120,5.228565,0.003599,0.003599
6.047120,7.919554,2.267671,5.228565,0.003599,0.003599
2.645610,4.972127,2.645617,13.822199,5.104390,5.104390
2.645617,4.972127,2.645610,13.822199,5.104390,5.104390
2.645617,5.150119,2.834592,12.303721,4.340141,4.340141
2.834592,5.150119,2.645617,12.303721,4.340141,4.340141
2.645617,5.508284,3.212542,9.533563,3.059815,3.059815
3.212542,5.508284,2.645617,9.533563,3.059815,3.059815
2.645617,6.050037,3.779460,6.620726,1.655512,1.655512
3.779460,6.050037,2.645617,6.620726,1.655512,1.655512
2.645617,6.413620,4.157397,5.752391,1.198020,1.198020
4.157397,6.413620,2.645617,5.752391,1.198020,1.198020
2.645617,7.328948,5.102265,5.228679,0.851888,0.851888
5.102265,7.328948,2.645617,5.228679,0.851888,0.851888
2.645617,8.250930,6.047120,5.167449,0.811299,0.811299
6.047120,8.250930,2.645617,5.167449,0.811299,0.811299
3.023562,5.860379,3.212542,8.502465,3.549136,3.549136
3.212542,5.860379,3.023562,8.502465,3.549136,3.549136
3.023562,6.397973,3.779460,6.402517,2.955351,2.955351
3.779460,6.397973,3.023562,6.402517,2.955351,2.955351
3.023562,6.759030,4.157397,5.648691,2.610997,2.610997
4.157397,6.759030,3.023562,5.648691,2.610997,2.610997
3.023562,7.668805,5.102265,5.185253,2.323363,2.323363
5.102265,7.668805,3.023562,5.185253,2.323363,2.323363
3.023562,8.586154,6.047120,5.130643,2.288801,2.288801
6.047120,8.586154,3.023562,5.130643,2.288801,2.288801
3.779452,7.103052,3.779460,5.839809,4.613465,4.613465
3.779460,7.103052,3.779452,5.839809,4.613465,4.613465
3.779452,7.459321,4.157397,5.516335,4.697851,4.697851
4.157397,7.459321,3.779452,5.516335,4.697851,4.697851
3.779452,8.358336,5.102265,5.209485,4.564854,4.564854
5.102265,8.358336,3.779452,5.209485,4.564854,4.564854
3.779452,9.266472,6.047120,5.165199,4.539919,4.539919
6.047120,9.266472,3.779452,5.165199,4.539919,4.539919
4.535343,9.058462,5.102265,5.223983,5.119351,5.119351
5.102265,9.058462,4.535343,5.223983,5.119351,5.119351
4.535343,9.957695,6.047120,5.210316,5.124684,5.124684
6.047120,9.957695,4.535343,5.210316,5.124684,5.124684
5.291233,10.657702,6.047120,5.216565,5.174987,5.174987
6.047120,10.657702,5.291233,5.216565,5.174987,5.174987
