120 3.00   3.00   -163.44359664   0.19528   122.48
120 3.00              3.25   -163.42038308   0.21849   137.04
120 3.00              3.50   -163.40723199   0.23164   145.29
120 3.00              3.75   -163.40399920   0.23487   147.32
120 3.00              4.00   -163.40640441   0.23247   145.81
120 3.00              4.50   -163.41486753   0.22401   140.50
120 3.00              5.00   -163.41973790   0.21914   137.44
120 3.00              5.50   -163.42182921   0.21704   136.13
120 3.00              6.00   -163.42261103   0.21626   135.64
120 3.00              7.00   -163.42290430   0.21597   135.46
120 3.00              8.00   -163.42287910   0.21599   135.47
120 3.00              9.00   -163.42284156   0.21603   135.50
120 3.00             10.00   -163.42281809   0.21606   135.51
120    3.25   3.25   -163.39002529   0.24885   156.08
120    3.25           3.50   -163.37094495   0.26793   168.05
120    3.25           3.75   -163.36153851   0.27733   173.95
120    3.25           4.00   -163.35945161   0.27942   175.26
120    3.25           4.50   -163.36402760   0.27485   172.39
120    3.25           5.00   -163.36816570   0.27071   169.79
120    3.25           5.50   -163.37009755   0.26878   168.58
120    3.25           6.00   -163.37083657   0.26804   168.12
120    3.25           7.00   -163.37111288   0.26776   167.94
120    3.25           8.00   -163.37108624   0.26779   167.96
120    3.25           9.00   -163.37104848   0.26782   167.98
120    3.25          10.00   -163.37102493   0.26785   168.00
120    3.50   3.50   -163.34721560   0.29166   182.93
120    3.50           3.75   -163.33384693   0.30503   191.32
120    3.50           4.00   -163.32805992   0.31081   194.95
120    3.50           4.50   -163.32810061   0.31077   194.92
120    3.50           5.00   -163.33116353   0.30771   193.00
120    3.50           5.50   -163.33289532   0.30598   191.91
120    3.50           6.00   -163.33359210   0.30528   191.48
120    3.50           7.00   -163.33385710   0.30502   191.31
120    3.50           8.00   -163.33383111   0.30504   191.33
120    3.50           9.00   -163.33379428   0.30508   191.35
120    3.50          10.00   -163.33377103   0.30510   191.36
120    3.75   3.75   -163.31764143   0.32123   201.48
120    3.75           4.00   -163.30951633   0.32936   206.58
120    3.75           4.50   -163.30589237   0.33298   208.85
120    3.75           5.00   -163.30749998   0.33137   207.84
120    3.75           5.50   -163.30893659   0.32994   206.94
120    3.75           6.00   -163.30958118   0.32929   206.54
120    3.75           7.00   -163.30983723   0.32904   206.37
120    3.75           8.00   -163.30981381   0.32906   206.39
120    3.75           9.00   -163.30977855   0.32909   206.41
120    3.75          10.00   -163.30975597   0.32912   206.43
120    4.00   4.00   -163.29975689   0.33912   212.70
120    4.00           4.50   -163.29378676   0.34509   216.44
120    4.00           5.00   -163.29401300   0.34486   216.30
120    4.00           5.50   -163.29504894   0.34382   215.65
120    4.00           6.00   -163.29562290   0.34325   215.29
120    4.00           7.00   -163.29586906   0.34300   215.14
120    4.00           8.00   -163.29584968   0.34302   215.15
120    4.00           9.00   -163.29581706   0.34306   215.17
120    4.00          10.00   -163.29579573   0.34308   215.18
120    4.50   4.50   -163.28498754   0.35389   221.96
120    4.50           5.00   -163.28351551   0.35536   222.88
120    4.50           5.50   -163.28369901   0.35517   222.77
120    4.50           6.00   -163.28405404   0.35482   222.55
120    4.50           7.00   -163.28426503   0.35461   222.41
120    4.50           8.00   -163.28425021   0.35462   222.42
120    4.50           9.00   -163.28421984   0.35465   222.44
120    4.50          10.00   -163.28419937   0.35467   222.45
120    5.50   5.00   -163.28111542   0.35776   224.39
120    5.50           5.50   -163.28070413   0.35817   224.65
120    5.50           6.00   -163.28075422   0.35812   224.62
120    5.50           7.00   -163.28087794   0.35800   224.54
120    5.50           8.00   -163.28086467   0.35801   224.55
120    5.50           9.00   -163.28083619   0.35804   224.56
120    5.50          10.00   -163.28081699   0.35806   224.58
120    5.50   5.50   -163.27992922   0.35894   225.13
120    5.50           6.00   -163.27973719   0.35914   225.25
120    5.50           7.00   -163.27970944   0.35916   225.27
120    5.50           8.00   -163.27969296   0.35918   225.28
120    5.50           9.00   -163.27966571   0.35921   225.30
120    5.50          10.00   -163.27964736   0.35923   225.31
120    6.00   6.00   -163.27939398   0.35948   225.47
120    6.00           7.00   -163.27921563   0.35966   225.58
120    6.00           8.00   -163.27918661   0.35969   225.60
120    6.00           9.00   -163.27915999   0.35971   225.62
120    6.00          10.00   -163.27914202   0.35973   225.63
120    7.00   7.00   -163.27886463   0.36001   225.80
120    7.00           8.00   -163.27878674   0.36009   225.85
120    7.00           9.00   -163.27875791   0.36012   225.87
120    7.00          10.00   -163.27874035   0.36013   225.88
120    8.00  10.00   -163.27862709   0.36025   225.95
150 3.00   3.00   -163.40432390   0.23455   147.11
150 3.00           3.25   -163.38578409   0.25309   158.74
150 3.00           3.50   -163.38277319   0.25610   160.63
150 3.00           3.75   -163.39099958   0.24787   155.47
150 3.00           4.00   -163.40047211   0.23840   149.53
150 3.00           4.50   -163.41343301   0.22544   141.40
150 3.00           5.00   -163.41931753   0.21956   137.71
150 3.00           5.50   -163.42168810   0.21719   136.22
150 3.00           6.00   -163.42255740   0.21632   135.68
150 3.00           7.00   -163.42289339   0.21598   135.46
150 3.00           8.00   -163.42287538   0.21600   135.48
150 3.00           9.00   -163.42283985   0.21603   135.50
150 3.00          10.00   -163.42281762   0.21606   135.51
150    3.25   3.25   -163.35777252   0.28110   176.31
150    3.25           3.50   -163.34550802   0.29337   184.00
150    3.25           3.75   -163.34581207   0.29306   183.81
150    3.25           4.00   -163.35165413   0.28722   180.15
150    3.25           4.50   -163.36237696   0.27650   173.42
150    3.25           5.00   -163.36775666   0.27112   170.05
150    3.25           5.50   -163.36997635   0.26890   168.65
150    3.25           6.00   -163.37079381   0.26808   168.14
150    3.25           7.00   -163.37110460   0.26777   167.95
150    3.25           8.00   -163.37108330   0.26779   167.96
150    3.25           9.00   -163.37104695   0.26783   167.98
150    3.25          10.00   -163.37102434   0.26785   168.00
150    3.50   3.50   -163.32520875   0.31366   196.73
150    3.50           3.75   -163.31823822   0.32064   201.11
150    3.50           4.00   -163.31897815   0.31990   200.64
150    3.50           4.50   -163.32604452   0.31283   196.21
150    3.50           5.00   -163.33072517   0.30815   193.27
150    3.50           5.50   -163.33278358   0.30609   191.98
150    3.50           6.00   -163.33355617   0.30532   191.50
150    3.50           7.00   -163.33385048   0.30502   191.31
150    3.50           8.00   -163.33382860   0.30504   191.33
150    3.50           9.00   -163.33379273   0.30508   191.35
150    3.50          10.00   -163.33377060   0.30510   191.36
150    3.75   3.75   -163.30531607   0.33356   209.21
150    3.75           4.00   -163.30136497   0.33751   211.69
150    3.75           4.50   -163.30349775   0.33538   210.35
150    3.75           5.00   -163.30699237   0.33188   208.16
150    3.75           5.50   -163.30882304   0.33005   207.01
150    3.75           6.00   -163.30954832   0.32933   206.56
150    3.75           7.00   -163.30983138   0.32904   206.38
150    3.75           8.00   -163.30981140   0.32906   206.39
150    3.75           9.00   -163.30977697   0.32910   206.41
150    3.75          10.00   -163.30975543   0.32912   206.43
150    4.00   4.00   -163.29383605   0.34504   216.41
150    4.00           4.50   -163.29160361   0.34727   217.81
150    4.00           5.00   -163.29346191   0.34541   216.65
150    4.00           5.50   -163.29493060   0.34394   215.72
150    4.00           6.00   -163.29559115   0.34328   215.31
150    4.00           7.00   -163.29586317   0.34301   215.14
150    4.00           8.00   -163.29584676   0.34303   215.15
150    4.00           9.00   -163.29581532   0.34306   215.17
150    4.00          10.00   -163.29579478   0.34308   215.18
150    4.50   4.50   -163.28390520   0.35497   222.64
150    4.50           5.00   -163.28311857   0.35575   223.13
150    4.50           5.50   -163.28358994   0.35528   222.84
150    4.50           6.00   -163.28402553   0.35485   222.56
150    4.50           7.00   -163.28425944   0.35461   222.42
150    4.50           8.00   -163.28424705   0.35463   222.43
150    4.50           9.00   -163.28421796   0.35466   222.44
150    4.50          10.00   -163.28419843   0.35467   222.46
150    5.00   5.00   -163.28092733   0.35795   224.51
150    5.00           5.50   -163.28063014   0.35824   224.69
150    5.00           6.00   -163.28072970   0.35814   224.63
150    5.00           7.00   -163.28087308   0.35800   224.54
150    5.00           8.00   -163.28086218   0.35801   224.55
150    5.00           9.00   -163.28083442   0.35804   224.57
150    5.00          10.00   -163.28081643   0.35806   224.58
150    5.50   5.50   -163.27989054   0.35898   225.16
150    5.50           6.00   -163.27971915   0.35915   225.27
150    5.50           7.00   -163.27970564   0.35917   225.27
150    5.50           8.00   -163.27969075   0.35918   225.28
150    5.50           9.00   -163.27966424   0.35921   225.30
150    5.50          10.00   -163.27964670   0.35923   225.31
150    6.00   6.00   -163.27938314   0.35949   225.48
150    6.00           7.00   -163.27921252   0.35966   225.58
150    6.00           8.00   -163.27918486   0.35969   225.60
150    6.00           9.00   -163.27915866   0.35971   225.62
150    6.00          10.00   -163.27914131   0.35973   225.63
150    7.00   7.00   -163.27886298   0.36001   225.80
150    7.00           8.00   -163.27878561   0.36009   225.85
150    7.00           9.00   -163.27875717   0.36012   225.87
150    7.00          10.00   -163.27873996   0.36013   225.88
150    8.00   9.00   -163.27864463   0.36023   225.94
175 3.00   3.00   -163.35778654   0.28109   176.30
175 3.00           3.25   -163.35375071   0.28512   178.83
175 3.00           3.50   -163.36928429   0.26959   169.09
175 3.00           3.75   -163.38551712   0.25336   158.91
175 3.00           4.00   -163.39805086   0.24082   151.05
175 3.00           4.50   -163.41276137   0.22611   141.82
175 3.00           5.00   -163.41909172   0.21978   137.85
175 3.00           5.50   -163.42160638   0.21727   136.27
175 3.00           6.00   -163.42253016   0.21634   135.69
175 3.00           7.00   -163.42289772   0.21598   135.46
175 3.00           8.00   -163.42288061   0.21599   135.47
175 3.00           9.00   -163.42284174   0.21603   135.50
175 3.00          10.00   -163.42281856   0.21605   135.51
175    3.25   3.25   -163.32959607   0.30928   193.98
175    3.25           3.50   -163.32916286   0.30971   194.25
175    3.25           3.75   -163.33881136   0.30006   188.20
175    3.25           4.00   -163.34875519   0.29012   181.96
175    3.25           4.50   -163.36173151   0.27714   173.83
175    3.25           5.00   -163.36756915   0.27130   170.16
175    3.25           5.50   -163.36991500   0.26896   168.69
175    3.25           6.00   -163.37077566   0.26810   168.15
175    3.25           7.00   -163.37110976   0.26776   167.94
175    3.25           8.00   -163.37108792   0.26779   167.96
175    3.25           9.00   -163.37104870   0.26782   167.98
175    3.25          10.00   -163.37102533   0.26785   168.00
175    3.50   3.50   -163.31144214   0.32743   205.37
175    3.50           3.75   -163.31025465   0.32862   206.11
175    3.50           4.00   -163.31527084   0.32360   202.97
175    3.50           4.50   -163.32533633   0.31354   196.65
175    3.50           5.00   -163.33056235   0.30831   193.38
175    3.50           5.50   -163.33273956   0.30613   192.01
175    3.50           6.00   -163.33354599   0.30533   191.50
175    3.50           7.00   -163.33385550   0.30502   191.31
175    3.50           8.00   -163.33383259   0.30504   191.32
175    3.50           9.00   -163.33379414   0.30508   191.35
175    3.50          10.00   -163.33377143   0.30510   191.36
175    3.75   3.75   -163.29902742   0.33985   213.15
175    3.75           4.00   -163.29763670   0.34124   214.03
175    3.75           4.50   -163.30262131   0.33625   210.90
175    3.75           5.00   -163.30682135   0.33205   208.27
175    3.75           5.50   -163.30878756   0.33009   207.03
175    3.75           6.00   -163.30954245   0.32933   206.56
175    3.75           7.00   -163.30983543   0.32904   206.38
175    3.75           8.00   -163.30981427   0.32906   206.39
175    3.75           9.00   -163.30977806   0.32910   206.41
175    3.75          10.00   -163.30975602   0.32912   206.43
175    4.00   4.00   -163.29110217   0.34777   218.13
175    4.00           4.50   -163.29070184   0.34817   218.38
175    4.00           5.00   -163.29326448   0.34561   216.77
175    4.00           5.50   -163.29489499   0.34398   215.75
175    4.00           6.00   -163.29558616   0.34329   215.31
175    4.00           7.00   -163.29586613   0.34301   215.14
175    4.00           8.00   -163.29584769   0.34303   215.15
175    4.00           9.00   -163.29581411   0.34306   215.17
175    4.00          10.00   -163.29579340   0.34308   215.18
175    4.50   4.50   -163.28342535   0.35545   222.94
175    4.50           5.00   -163.28296627   0.35591   223.23
175    4.50           5.50   -163.28355705   0.35532   222.86
175    4.50           6.00   -163.28402241   0.35485   222.57
175    4.50           7.00   -163.28426206   0.35461   222.42
175    4.50           8.00   -163.28424801   0.35463   222.42
175    4.50           9.00   -163.28421849   0.35465   222.44
175    4.50          10.00   -163.28419938   0.35467   222.45
175    5.00   5.00   -163.28085886   0.35801   224.55
175    5.00           5.50   -163.28060896   0.35826   224.71
175    5.00           6.00   -163.28072672   0.35815   224.63
175    5.00           7.00   -163.28087541   0.35800   224.54
175    5.00           8.00   -163.28086316   0.35801   224.55
175    5.00           9.00   -163.28083504   0.35804   224.57
175    5.00          10.00   -163.28081659   0.35806   224.58
175    5.50   5.50   -163.27988118   0.35899   225.16
175    5.50           6.00   -163.27971712   0.35916   225.27
175    5.50           7.00   -163.27970758   0.35917   225.27
175    5.50           8.00   -163.27969179   0.35918   225.28
175    5.50           9.00   -163.27966476   0.35921   225.30
175    5.50          10.00   -163.27964692   0.35923   225.31
175    6.00   6.00   -163.27938275   0.35949   225.48
175    6.00           7.00   -163.27921432   0.35966   225.58
175    6.00           9.00   -163.27915916   0.35971   225.62
175    6.00          10.00   -163.27914163   0.35973   225.63
175    7.00   8.00   -163.27878637   0.36009   225.85
175    7.00           9.00   -163.27875759   0.36012   225.87
65  3.00   3.00   -163.38199496   0.25688   161.12
65  3.00           3.10   -163.37762662   0.26125   163.86
65  3.00           3.20   -163.37237140   0.26650   167.15
65  3.00           3.30   -163.36658749   0.27229   170.78
65  3.00           3.40   -163.36062349   0.27825   174.52
65  3.00           3.50   -163.35497303   0.28390   178.07
65  3.00           3.60   -163.34895055   0.28992   181.84
65  3.00           3.80   -163.36080972   0.27806   174.40
65  3.00           4.00   -163.37456799   0.26431   165.77
65  3.00           4.50   -163.39848855   0.24038   150.77
65  3.00           5.00   -163.41155714   0.22732   142.57
65  3.00           5.50   -163.41805549   0.22082   138.50
65  3.00           6.00   -163.42103412   0.21784   136.63
65  3.00           7.00   -163.42275294   0.21612   135.55
65  3.00           8.00   -163.42292107   0.21595   135.45
65  3.00           9.00   -163.42288562   0.21599   135.47
65  3.00          10.00   -163.42284415   0.21603   135.50
65    3.25   3.25   -163.35630644   0.28257   177.23
65    3.25           3.50   -163.34086966   0.29800   186.91
65    3.25           3.75   -163.32743850   0.31143   195.33
65    3.25           4.00   -163.32958137   0.30929   193.99
65    3.25           4.50   -163.34966117   0.28921   181.40
65    3.25           5.00   -163.36095630   0.27792   174.31
65    3.25           5.50   -163.36669911   0.27217   170.71
65    3.25           6.00   -163.36938823   0.26949   169.02
65    3.25           7.00   -163.37097296   0.26790   168.03
65    3.25           8.00   -163.37113160   0.26774   167.93
65    3.25           9.00   -163.37109502   0.26778   167.95
65    3.25          10.00   -163.37105241   0.26782   167.98
65    3.50   3.50   -163.32553742   0.31334   196.53
65    3.50           3.75   -163.31187216   0.32700   205.10
65    3.50           4.00   -163.30185451   0.33702   211.38
65    3.50           4.50   -163.31530299   0.32357   202.95
65    3.50           5.00   -163.32504295   0.31383   196.84
65    3.50           5.50   -163.33000216   0.30887   193.73
65    3.50           6.00   -163.33234623   0.30653   192.26
65    3.50           7.00   -163.33374186   0.30513   191.38
65    3.50           8.00   -163.33387996   0.30499   191.29
65    3.50           9.00   -163.33384220   0.30503   191.32
65    3.50          10.00   -163.33379976   0.30507   191.35
65    3.75   3.75   -163.29887169   0.34000   213.25
65    3.75           4.00   -163.28926570   0.34961   219.28
65    3.75           4.50   -163.29388844   0.34498   216.38
65    3.75           5.00   -163.30232163   0.33655   211.09
65    3.75           5.50   -163.30658355   0.33229   208.42
65    3.75           6.00   -163.30857688   0.33030   207.17
65    3.75           7.00   -163.30975650   0.32912   206.43
65    3.75           8.00   -163.30986655   0.32901   206.36
65    3.75           9.00   -163.30982718   0.32905   206.38
65    3.75          10.00   -163.30978533   0.32909   206.41
65    4.00   4.00   -163.28083822   0.35804   224.56
65    4.00           4.50   -163.28265160   0.35622   223.43
65    4.00           5.00   -163.28930609   0.34957   219.25
65    4.00           5.50   -163.29309039   0.34578   216.88
65    4.00           6.00   -163.29481933   0.34405   215.79
65    4.00           7.00   -163.29581873   0.34305   215.17
65    4.00           8.00   -163.29590445   0.34297   215.11
65    4.00           9.00   -163.29586500   0.34301   215.14
65    4.00          10.00   -163.29582498   0.34305   215.16
65    4.50   4.50   -163.27732903   0.36154   226.76
65    4.50           5.00   -163.27933750   0.35954   225.50
65    4.50           5.50   -163.28210410   0.35677   223.77
65    4.50           6.00   -163.28349895   0.35537   222.89
65    4.50           7.00   -163.28425641   0.35462   222.42
65    4.50           8.00   -163.28430818   0.35457   222.39
65    4.50           9.00   -163.28426801   0.35461   222.41
65    4.50          10.00   -163.28422884   0.35464   222.44
65    5.00   5.50   -163.27929823   0.35958   225.53
65    5.00           6.00   -163.28029878   0.35857   224.90
65    5.00           7.00   -163.28089499   0.35798   224.53
65    5.00           8.00   -163.28092415   0.35795   224.51
65    5.00           9.00   -163.28088335   0.35799   224.53
65    5.00          10.00   -163.28084614   0.35803   224.56
65    5.50   6.00   -163.27933328   0.35954   225.51
65    5.50           7.00   -163.27973982   0.35913   225.25
65    5.50           8.00   -163.27975247   0.35912   225.24
65    5.50           9.00   -163.27971133   0.35916   225.27
65    5.50          10.00   -163.27967531   0.35920   225.29
65    6.00   7.00   -163.27924405   0.35963   225.56
65    6.00           8.00   -163.27924514   0.35963   225.56
65    6.00           9.00   -163.27920361   0.35967   225.59
65    6.00          10.00   -163.27916882   0.35970   225.61
65    7.00   8.00   -163.27883671   0.36004   225.82
65    7.00           9.00   -163.27879557   0.36008   225.84
65    7.00          10.00   -163.27876371   0.36011   225.86
65    8.00  10.00   -163.27864570   0.36023   225.94
90  3.00   3.00   -163.44169457   0.19718   123.67
90  3.00           3.25   -163.42180772   0.21707   136.15
90  3.00           3.50   -163.40919425   0.22968   144.06
90  3.00           3.75   -163.40406781   0.23481   147.27
90  3.00           4.00   -163.40488376   0.23399   146.76
90  3.00           4.50   -163.41319547   0.22568   141.55
90  3.00           5.00   -163.41885586   0.22002   138.00
90  3.00           5.50   -163.42144943   0.21742   136.37
90  3.00           6.00   -163.42247558   0.21640   135.73
90  3.00           7.00   -163.42291335   0.21596   135.45
90  3.00           8.00   -163.42290048   0.21597   135.46
90  3.00           9.00   -163.42285443   0.21602   135.49
90  3.00          10.00   -163.42282459   0.21605   135.51
90    3.25   3.25   -163.39417337   0.24470   153.48
90    3.25           3.50   -163.37569230   0.26318   165.07
90    3.25           3.75   -163.36494969   0.27392   171.81
90    3.25           4.00   -163.36065700   0.27822   174.50
90    3.25           4.50   -163.36320900   0.27566   172.90
90    3.25           5.00   -163.36755655   0.27132   170.17
90    3.25           5.50   -163.36981561   0.26906   168.76
90    3.25           6.00   -163.37073548   0.26814   168.18
90    3.25           7.00   -163.37112605   0.26775   167.93
90    3.25           8.00   -163.37110790   0.26777   167.95
90    3.25           9.00   -163.37106088   0.26781   167.97
90    3.25          10.00   -163.37103119   0.26784   167.99
90    3.50   3.50   -163.35268712   0.28619   179.50
90    3.50           3.75   -163.33845740   0.30042   188.42
90    3.50           4.00   -163.33093161   0.30794   193.14
90    3.50           4.50   -163.32824675   0.31063   194.83
90    3.50           5.00   -163.33087492   0.30800   193.18
90    3.50           5.50   -163.33273330   0.30614   192.01
90    3.50           6.00   -163.33353733   0.30534   191.51
90    3.50           7.00   -163.33387652   0.30500   191.30
90    3.50           8.00   -163.33385268   0.30502   191.31
90    3.50           9.00   -163.33380645   0.30507   191.34
90    3.50          10.00   -163.33377717   0.30510   191.36
90    3.75   3.75   -163.32185523   0.31702   198.84
90    3.75           4.00   -163.31254548   0.32633   204.68
90    3.75           4.50   -163.30667664   0.33220   208.36
90    3.75           5.00   -163.30749857   0.33137   207.84
90    3.75           5.50   -163.30888460   0.32999   206.97
90    3.75           6.00   -163.30957157   0.32930   206.54
90    3.75           7.00   -163.30986305   0.32901   206.36
90    3.75           8.00   -163.30983538   0.32904   206.38
90    3.75           9.00   -163.30979004   0.32908   206.40
90    3.75          10.00   -163.30976223   0.32911   206.42
90    4.00   4.00   -163.30212665   0.33675   211.21
90    4.00           4.50   -163.29465552   0.34422   215.90
90    4.00           5.00   -163.29417710   0.34470   216.20
90    4.00           5.50   -163.29507004   0.34380   215.64
90    4.00           6.00   -163.29564406   0.34323   215.28
90    4.00           7.00   -163.29589938   0.34297   215.12
90    4.00           8.00   -163.29587055   0.34300   215.13
90    4.00           9.00   -163.29582802   0.34305   215.16
90    4.00          10.00   -163.29579929   0.34307   215.18
90    4.50   4.50   -163.28545161   0.35342   221.67
90    4.50           5.00   -163.28369401   0.35518   222.77
90    4.50           5.50   -163.28376728   0.35511   222.73
90    4.50           6.00   -163.28409785   0.35478   222.52
90    4.50           7.00   -163.28429693   0.35458   222.39
90    4.50           8.00   -163.28426948   0.35460   222.41
90    4.50           9.00   -163.28422978   0.35464   222.44
90    4.50          10.00   -163.28420487   0.35467   222.45
90    5.00   5.00   -163.28121934   0.35765   224.32
90    5.00           5.50   -163.28076594   0.35811   224.61
90    5.00           6.00   -163.28079810   0.35808   224.59
90    5.00           7.00   -163.28090712   0.35797   224.52
90    5.00           8.00   -163.28088142   0.35799   224.54
90    5.00           9.00   -163.28084528   0.35803   224.56
90    5.00          10.00   -163.28082200   0.35805   224.57
90    5.50   5.50   -163.27997727   0.35890   225.10
90    5.50           6.00   -163.27977516   0.35910   225.23
90    5.50           7.00   -163.27973436   0.35914   225.26
90    5.50           8.00   -163.27970722   0.35917   225.27
90    5.50           9.00   -163.27967372   0.35920   225.29
90    5.50          10.00   -163.27965190   0.35922   225.31
90    6.00   6.00   -163.27942528   0.35945   225.45
90    6.00           7.00   -163.27923597   0.35964   225.57
90    6.00           8.00   -163.27919863   0.35967   225.59
90    6.00           9.00   -163.27916684   0.35971   225.61
90    6.00          10.00   -163.27914606   0.35973   225.62
