   120.20000002     2.37500000     2.37510000     0.08566578  -163.54913590
   120.19999999     2.38500000     2.37510000     0.08558442  -163.54921726
   120.20000000     2.36500000     2.37510000     0.08578478  -163.54901690
   120.20000001     2.37500000     2.38510000     0.08558451  -163.54921717
   120.20000002     2.37500000     2.36510000     0.08578466  -163.54901702
   121.20000003     2.37500000     2.37510000     0.08595055  -163.54885113
   119.19999997     2.37500000     2.37510000     0.08547484  -163.54932684
   117.52501957     2.40252827     2.40261372     0.08510553  -163.54969615
   117.52501956     2.41252827     2.40261372     0.08515665  -163.54964503
   117.52501957     2.39252827     2.40261372     0.08508664  -163.54971504
   117.52501958     2.40252827     2.41261372     0.08515669  -163.54964499
   117.52501959     2.40252827     2.39261372     0.08508659  -163.54971509
   118.52501957     2.40252827     2.40261372     0.08520735  -163.54959433
   116.52501959     2.40252827     2.40261372     0.08510339  -163.54969829
   116.81507697     2.39566816     2.39573318     0.08508688  -163.54971480
   116.81507697     2.40566816     2.39573318     0.08508750  -163.54971418
   116.81507697     2.38566816     2.39573318     0.08512008  -163.54968160
   116.81507697     2.39566816     2.40573318     0.08508754  -163.54971414
   116.81507699     2.39566816     2.38573318     0.08512003  -163.54968165
   117.81507699     2.39566816     2.39573318     0.08509907  -163.54970261
   115.81507696     2.39566816     2.39573318     0.08517825  -163.54962343
   117.15138857     2.39758784     2.39764691     0.08507761  -163.54972407
   117.15138858     2.40758784     2.39764691     0.08509446  -163.54970722
   117.15138857     2.38758784     2.39764691     0.08509409  -163.54970759
   117.15138858     2.39758784     2.40764691     0.08509449  -163.54970719
   117.15138856     2.39758784     2.38764691     0.08509405  -163.54970763
   118.15138858     2.39758784     2.39764691     0.08512903  -163.54967265
   116.15138857     2.39758784     2.39764691     0.08512808  -163.54967360
   117.14742311     2.39756992     2.39761751     0.08507760  -163.54972408
   116.57000003     2.21700000     2.83800000     0.08795174  -163.54684994
   116.57000003     2.21700000     2.83800000     0.08795174  -163.54684994
   116.57000001     2.22700000     2.83800000     0.08801296  -163.54678872
   116.57000001     2.20700000     2.83800000     0.08797198  -163.54682970
   116.57000000     2.21700000     2.84800000     0.08790975  -163.54689193
   116.57000002     2.21700000     2.82800000     0.08798628  -163.54681540
   117.57000001     2.21700000     2.83800000     0.08813964  -163.54666204
   115.57000002     2.21700000     2.83800000     0.08784330  -163.54695838
   116.56999998     2.22700000     2.84800000     0.08799362  -163.54680806
   116.56999999     2.20700000     2.82800000     0.08802933  -163.54677235
   117.57000000     2.22700000     2.83800000     0.08821364  -163.54658804
   115.57000001     2.20700000     2.83800000     0.08787686  -163.54692482
   117.57000000     2.21700000     2.84800000     0.08810243  -163.54669925
   115.56999999     2.21700000     2.82800000     0.08788370  -163.54691798
   114.77088419     2.22687461     2.80394500     0.08790625  -163.54689543
   114.77088419     2.23687461     2.80394500     0.08794416  -163.54685752
   114.77088418     2.21687461     2.80394500     0.08794730  -163.54685438
   114.77088418     2.22687462     2.81394500     0.08789721  -163.54690447
   114.77088420     2.22687462     2.79394500     0.08791042  -163.54689126
   115.77088418     2.22687461     2.80394500     0.08793945  -163.54686223
   113.77088417     2.22687462     2.80394500     0.08796033  -163.54684135
   114.77088418     2.23687462     2.81394500     0.08795751  -163.54684417
   114.77088417     2.21687462     2.79394500     0.08797402  -163.54682766
   115.77088419     2.23687461     2.80394500     0.08799108  -163.54681060
   113.77088420     2.21687461     2.80394500     0.08801570  -163.54678598
   115.77088417     2.22687462     2.81394500     0.08793752  -163.54686416
   113.77088420     2.22687462     2.79394500     0.08797275  -163.54682893
   114.90693020     2.22819206     2.79913403     0.08790716  -163.54689452
   114.90693022     2.23819206     2.79913403     0.08794638  -163.54685530
   114.90693020     2.21819206     2.79913403     0.08794654  -163.54685514
   114.90693020     2.22819206     2.80913403     0.08790453  -163.54689715
   114.90693022     2.22819206     2.78913403     0.08790519  -163.54689649
   115.90693020     2.22819206     2.79913403     0.08795034  -163.54685134
    60.00000000     3.03660000     3.03660000     0.25020190  -163.38459978
    59.83686394     3.04660000     3.04161233     0.25054753  -163.38425415
    60.16367419     3.02660000     3.03161237     0.24986920  -163.38493248
    60.16313607     3.03660000     3.04161233     0.25054753  -163.38425415
    59.83632580     3.03660000     3.03161237     0.24986920  -163.38493248
    59.74999999     3.03660000     3.05952012     0.25074377  -163.38405791
    60.25000000     3.03660000     3.01362207     0.24970750  -163.38509418
    59.77230060     2.78434495     2.80348264     0.24699549  -163.38780619
    59.59603248     2.79434495     2.80853031     0.24671504  -163.38808664
    59.94920295     2.77434495     2.79846160     0.24730652  -163.38749516
    59.94856892     2.78434495     2.80853029     0.24671503  -163.38808665
    59.59539810     2.78434495     2.79846162     0.24730653  -163.38749515
    59.52230112     2.78434495     2.82445012     0.24669618  -163.38810550
    60.02230010     2.78434495     2.78246179     0.24739816  -163.38740352
    60.26747115     2.91288470     2.88929992     0.24462988  -163.39017180
    60.09557004     2.92288470     2.89427246     0.24470460  -163.39009708
    60.43996344     2.90288470     2.88435347     0.24457555  -163.39022613
    60.43937230     2.91288470     2.89427246     0.24470460  -163.39009708
    60.09497885     2.91288470     2.88435347     0.24457555  -163.39022613
    60.01747119     2.91288470     2.91134556     0.24471129  -163.39009039
    60.51747109     2.91288470     2.86719927     0.24463054  -163.39017114
    59.98427118     2.88481888     2.88619076     0.24444697  -163.39035471
    59.81267561     2.89481888     2.89120611     0.24447030  -163.39033138
    60.15646256     2.87481888     2.88120140     0.24444581  -163.39035587
    60.15586669     2.88481888     2.89120611     0.24447030  -163.39033138
    59.81207978     2.88481888     2.88120140     0.24444581  -163.39035587
    59.73427114     2.88481888     2.90796177     0.24450774  -163.39029394
    60.23427118     2.88481888     2.86436480     0.24446759  -163.39033409
    60.01320273     2.88064531     2.87949570     0.24444155  -163.39036013
    59.84115849     2.89064531     2.88450670     0.24445104  -163.39035064
    60.18584524     2.87064531     2.87451074     0.24445457  -163.39034711
    60.18524697     2.88064531     2.88450670     0.24445104  -163.39035064
    59.84056025     2.88064531     2.87451074     0.24445457  -163.39034711
    59.76320271     2.88064531     2.90124158     0.24447680  -163.39032488
    60.26320276     2.88064531     2.85769499     0.24448961  -163.39031207
    59.99158842     2.88061765     2.88135022     0.24444141  -163.39036027
    59.81969236     2.89061765     2.88636448     0.24445258  -163.39034910
    60.16408225     2.87061765     2.87636198     0.24445273  -163.39034895
    60.16348448     2.88061765     2.88636448     0.24445258  -163.39034910
    59.81909461     2.88061765     2.87636198     0.24445273  -163.39034895
    59.74158842     2.88061765     2.90309113     0.24448342  -163.39031826
    60.24158844     2.88061765     2.85955444     0.24448210  -163.39031958
    59.99541126     2.88076735     2.88116718     0.24444139  -163.39036029
        61.60402000         2.22233500         2.87063000         0.29752270  -163.337278980000
        61.60402000         2.23233500         2.87063000         0.29779292  -163.337008760000
        61.60402000         2.21233500         2.87063000         0.29733816  -163.337463520000
        61.60402000         2.22233500         2.88063000         0.29379710  -163.341004580000
        61.60402000         2.22233500         2.86063000         0.30130417  -163.333497510000
        62.10402000         2.22233500         2.87063000         0.29810405  -163.336697630000
        61.10402000         2.22233500         2.87063000         0.29695470  -163.337846980000
        30.76730210         2.24065017         3.38706711         0.26240550  -163.372396180000
        30.76730210         2.25065017         3.38706711         0.26341385  -163.371387830000
        30.76730210         2.23065017         3.38706711         0.26147543  -163.373326250000
        30.76730210         2.24065017         3.39706711         0.25547286  -163.379328820000
        30.76730210         2.24065017         3.37706711         0.26955346  -163.365248220000
        31.26730210         2.24065017         3.38706711         0.24966059  -163.385141090000
        30.26730210         2.24065017         3.38706711         0.27620125  -163.358600430000
        37.28353726         2.17617637         3.31824211         0.18910462  -163.445697060000
        37.28353726         2.18617637         3.31824211         0.18813983  -163.446661850000
        37.28353726         2.16617637         3.31824211         0.19015191  -163.444649770000
        37.28353726         2.17617637         3.32824211         0.18541616  -163.449385520000
        37.28353726         2.17617637         3.30824211         0.19290366  -163.441898020000
        37.78353726         2.17617637         3.31824211         0.18463371  -163.450167970000
        36.78353726         2.17617637         3.31824211         0.19407449  -163.440727190000
        40.53658184         2.27968875         3.30029999         0.16562009  -163.469181590000
        40.53658184         2.28968875         3.30029999         0.16523352  -163.469568160000
        40.53658184         2.26968875         3.30029999         0.16605571  -163.468745970000
        40.53658184         2.27968875         3.31029999         0.16278292  -163.472018760000
        40.53658184         2.27968875         3.29029999         0.16854203  -163.466259650000
        41.03658184         2.27968875         3.30029999         0.16341969  -163.471381990000
        40.03658184         2.27968875         3.30029999         0.16822377  -163.466577910000
        41.78506225         2.32603713         3.37170041         0.14336696  -163.491434720000
        41.78506225         2.33603712         3.37170041         0.14330329  -163.491498390000
        41.78506225         2.31603712         3.37170041         0.14347085  -163.491330830000
        41.78506225         2.32603713         3.38170041         0.14136199  -163.493439690000
        41.78506225         2.32603713         3.36170041         0.14543590  -163.489365780000
        42.28506225         2.32603713         3.37170041         0.14282477  -163.491976910000
        41.28506225         2.32603713         3.37170041         0.14417791  -163.490623770000
        40.59007809         2.32269090         3.61920923         0.10805102  -163.526750660000
        40.59007809         2.33269090         3.61920923         0.10810911  -163.526692570000
        40.59007809         2.31269090         3.61920923         0.10803431  -163.526767370000
        40.59007809         2.32269090         3.62920923         0.10715213  -163.527649550000
        40.59007809         2.32269090         3.60920923         0.10898914  -163.525812540000
        41.09007809         2.32269090         3.61920923         0.10846973  -163.526331950000
        40.09007809         2.32269090         3.61920923         0.10776361  -163.527038070000
        37.88726300         2.29477148         3.88291515         0.09077036  -163.544031320000
        37.88726300         2.30477148         3.88291515         0.09074276  -163.544058920000
        37.88726300         2.28477148         3.88291515         0.09084441  -163.543957270000
        37.88726300         2.29477148         3.89291515         0.09050298  -163.544298700000
        37.88726300         2.29477148         3.87291515         0.09106035  -163.543741330000
        38.38726300         2.29477148         3.88291515         0.09122114  -163.543580540000
        80.00000000         2.30000000        10.00000000         0.02456242  -163.610239258301
        63.43000000         2.21700000         2.83800000         0.31739462  -163.317407060000
        63.43000000         2.22700000         2.83800000         0.31205664  -163.322745040000
        63.43000000         2.20700000         2.83800000         0.31170606  -163.323095620000
        63.43000000         2.21700000         2.84800000         0.30802300  -163.326778680000
        63.43000000         2.21700000         2.82800000         0.31570556  -163.319096120000
        63.93000000         2.21700000         2.83800000         0.31238431  -163.322417370000
        62.93000000         2.21700000         2.83800000         0.31131142  -163.323490260000
        62.10402235         2.22335150         2.87063048         0.29812890  -163.336672780000
        62.10402235         2.23335150         2.87063048         0.29842069  -163.336380990000
        62.10402235         2.21335150         2.87063048         0.29792111  -163.336880570000
        62.10402235         2.22335150         2.88063048         0.29442695  -163.340374730000
        62.10402235         2.22335150         2.86063048         0.30188428  -163.332917400000
        62.60402235         2.22335150         2.87063048         0.29872285  -163.336078830000
        61.60402235         2.22335150         2.87063048         0.29754614  -163.337255540000
        80.00000000         2.15000000        10.00000000         0.00006967  -163.634732005646
        80.00000000         2.00000000        10.00000000         0.00146965  -163.633332031747
        70.00000000         2.50000000        10.00000000         0.07611438  -163.558687295835
        70.00000000         1.60000000        10.00000000         0.32939927  -163.305402408892
        80.00000000         2.15000000         8.00000000         0.00000462  -163.634797061418
        90.00000000         1.70000000        10.00000000         0.17529654  -163.459505136319
        70.00000000         2.30000000         8.00000000         0.02448852  -163.610313158303
        80.00000000         2.00000000         8.00000000         0.00140861  -163.633393070969
        70.00000000         1.90000000         8.00000000         0.02632548  -163.608476199946
        70.00000000         2.00000000         3.50000000         0.12293281  -163.511868866739
        70.00000000         2.50000000         5.00000000         0.08589013  -163.548911544041
        80.00000000         1.90000000         4.00000000         0.06762555  -163.567176123886
        80.00000000         1.90000000         8.00000000         0.02632902  -163.608472654070
        80.00000000         2.00000000         2.80000000         0.22985110  -163.404950581931
        80.00000000         2.00000000         4.00000000         0.04232188  -163.592479799406
        80.00000000         2.30000000         3.00000000         0.15925886  -163.475542821412
        80.00000000         2.50000000         4.00000000         0.11226094  -163.522540737258
        80.00000000         2.80000000         3.00000000         0.20139871  -163.433402968637
        70.00000000         2.00000000         2.50000000         0.44609723  -163.188704450430
        70.00000000         1.80000000         3.00000000         0.34571938  -163.289082297478
        70.00000000         2.50000000         3.00000000         0.24437113  -163.390430550276
        70.00000000         1.80000000         2.80000000         0.43420023  -163.200601451111
        70.00000000         2.30000000         4.00000000         0.07790025  -163.556901427727
        70.00000000         1.60000000         5.00000000         0.33786940  -163.296932272651
        70.00000000         2.00000000        10.00000000         0.00146577  -163.633335907245
        70.00000000         1.70000000         5.00000000         0.18420603  -163.450595649790
        70.00000000         2.30000000         5.00000000         0.03440659  -163.600395084325
        70.00000000         1.90000000         6.00000000         0.02753190  -163.607269772588
        70.00000000         2.00000000         6.00000000         0.00265479  -163.632146882621
        70.00000000         2.50000000         3.50000000         0.17998365  -163.454818026562
        70.00000000         1.80000000         6.00000000         0.08143535  -163.553366330405
        70.00000000         2.15000000         2.30000000         0.44986360  -163.184938074562
        70.00000000         1.70000000         3.00000000         0.44623881  -163.188562864944
        70.00000000         2.15000000         6.00000000         0.00130551  -163.633496168879
        70.00000000         2.80000000         3.50000000         0.24369559  -163.391106092003
        70.00000000         1.60000000         4.00000000         0.38231041  -163.252491265934
        70.00000000         3.00000000         3.50000000         0.27252320  -163.362278480450
        70.00000000         1.70000000         8.00000000         0.17523799  -163.459563687823
        70.00000000         2.15000000         5.00000000         0.00984635  -163.624955323590
        80.00000000         1.90000000         3.50000000         0.12099342  -163.513808255765
        80.00000000         2.00000000         2.15000000         0.43776440  -163.197037276857
        80.00000000         2.00000000         3.50000000         0.09371374  -163.541087937324
        80.00000000         2.00000000         6.00000000         0.00214948  -163.632652193843
        80.00000000         2.15000000         2.50000000         0.24608926  -163.388712421942
        80.00000000         2.15000000         6.00000000         0.00076497  -163.634036703971
        80.00000000         2.30000000         2.80000000         0.17826328  -163.456538392763
        80.00000000         2.30000000         5.00000000         0.03111740  -163.603684275449
        80.00000000         2.50000000         2.80000000         0.17977777  -163.455023903849
        80.00000000         2.50000000         5.00000000         0.08252404  -163.552277641680
        70.00000000         1.60000000         3.50000000         0.45396974  -163.180831936293
        70.00000000         2.30000000         3.50000000         0.13693669  -163.497864989682
        70.00000000         1.70000000         6.00000000         0.17633962  -163.458462054801
        70.00000000         2.30000000         3.00000000         0.23699668  -163.397804993332
        70.00000000         1.70000000         3.50000000         0.30314436  -163.331657322041
        70.00000000         2.30000000         2.50000000         0.33263259  -163.302169087833
        70.00000000         1.60000000         6.00000000         0.33034530  -163.304456375307
        70.00000000         2.15000000         2.50000000         0.39645478  -163.238346895115
        70.00000000         1.80000000         4.00000000         0.13572515  -163.499076527939
        70.00000000         2.30000000         2.80000000         0.28848075  -163.346320930921
        70.00000000         1.90000000         5.00000000         0.03581010  -163.598991579103
        70.00000000         2.00000000         8.00000000         0.00140464  -163.633397033806
        70.00000000         2.50000000         4.00000000         0.12702261  -163.507779066838
        70.00000000         1.80000000         5.00000000         0.08953075  -163.545270922303
        70.00000000         2.30000000         6.00000000         0.02583645  -163.608965223911
        70.00000000         1.70000000         4.00000000         0.23022168  -163.404579992557
        70.00000000         2.15000000        10.00000000         0.00006496  -163.634736713379
        70.00000000         2.80000000         3.00000000         0.25575445  -163.379047230705
        70.00000000         1.80000000        10.00000000         0.08033422  -163.554467453605
        70.00000000         2.00000000         3.00000000         0.25668084  -163.378120832987
        70.00000000         2.80000000         4.00000000         0.20745622  -163.427345455953
        70.00000000         1.90000000         2.80000000         0.37135867  -163.263443010314
        70.00000000         2.50000000         2.80000000         0.26667423  -163.368127447187
        70.00000000         1.80000000         8.00000000         0.08027824  -163.554523435914
        70.00000000         2.00000000         4.00000000         0.05683592  -163.577965752340
        70.00000000         3.00000000         5.00000000         0.22146546  -163.413336215740
        80.00000000         1.90000000         5.00000000         0.03288887  -163.601912810329
        80.00000000         2.00000000         2.30000000         0.36786651  -163.266935162164
        80.00000000         2.00000000         3.00000000         0.18600465  -163.448797025576
        80.00000000         2.15000000         2.80000000         0.19189385  -163.442907824513
        80.00000000         2.30000000         2.50000000         0.21623751  -163.418564163724
        80.00000000         2.30000000         3.50000000         0.10607498  -163.528726693169
        80.00000000         2.30000000         8.00000000         0.02449382  -163.610307856961
        80.00000000         2.50000000         3.00000000         0.17214808  -163.462653595192
        80.00000000         2.50000000         8.00000000         0.32712042  -163.307681255228
        70.00000000         1.60000000         8.00000000         0.32931449  -163.305487185591
        70.00000000         2.15000000         3.00000000         0.23563813  -163.399163546640
        70.00000000         1.90000000         3.50000000         0.14988264  -163.484919041839
        70.00000000         2.15000000         2.80000000         0.29434505  -163.340456625661
        70.00000000         1.90000000         4.00000000         0.08191323  -163.552888449769
        70.00000000         2.00000000         5.00000000         0.01107085  -163.623730832015
        80.00000000         1.90000000         6.00000000         0.02705230  -163.607749373986
        80.00000000         1.90000000        10.00000000         0.02638721  -163.608414466656
        80.00000000         2.00000000         2.50000000         0.30175543  -163.333046247149
        80.00000000         2.00000000         5.00000000         0.00803246  -163.626769212660
        80.00000000         2.15000000         2.30000000         0.30050278  -163.334298897136
        80.00000000         2.30000000         4.00000000         0.06313309  -163.571668585600
        80.00000000         2.30000000         6.00000000         0.02526543  -163.609536251728
        80.00000000         2.50000000         3.50000000         0.14648869  -163.488312990632
        80.00000000         2.50000000        10.00000000         0.07612072  -163.558680952874
        70.00000000         1.90000000         3.00000000         0.28689502  -163.347906657134
        70.00000000         2.30000000        10.00000000         0.02455697  -163.610244710481
        70.00000000         1.70000000        10.00000000         0.17529187  -163.459509810321
        70.00000000         2.15000000         3.50000000         0.11750544  -163.517296237249
        70.00000000         3.00000000         4.00000000         0.25388754  -163.380914132217
        70.00000000         1.90000000        10.00000000         0.02638397  -163.608417704416
        70.00000000         2.15000000         4.00000000         0.05469115  -163.580110526266
        70.00000000         2.80000000         5.00000000         0.17093573  -163.463865943994
        70.00000000         1.80000000         3.50000000         0.20526147  -163.429540206865
        70.00000000         2.15000000         8.00000000         0.00000000  -163.634801677045
        70.00000000         2.00000000         2.80000000         0.33486353  -163.299938145398
        70.00000000         1.90000000         2.50000000         0.50711584  -163.127685838482
        80.00000000         1.60000000         5.00000000         0.33530178  -163.299499900544
        80.00000000         1.70000000         3.00000000         0.39115174  -163.243649938147
        80.00000000         1.70000000         5.00000000         0.18156358  -163.453238092062
        80.00000000         1.80000000         2.50000000         0.45079059  -163.184011087391
        80.00000000         1.80000000         5.00000000         0.08674190  -163.548059777896
        80.00000000         1.60000000         4.00000000         0.36981076  -163.264990916461
        80.00000000         1.60000000        10.00000000         0.32939700  -163.305404674204
        80.00000000         1.70000000         3.50000000         0.27297777  -163.361823905123
        80.00000000         1.70000000         8.00000000         0.17524059  -163.459561087605
        80.00000000         1.80000000         3.00000000         0.28713947  -163.347662207253
        80.00000000         1.80000000         8.00000000         0.08028135  -163.554520325337
        80.00000000         1.60000000         3.50000000         0.42624730  -163.208554377559
        80.00000000         1.60000000         8.00000000         0.32932895  -163.305472722999
        80.00000000         1.70000000         4.00000000         0.21666798  -163.418133697360
        80.00000000         1.70000000        10.00000000         0.17529342  -163.459508259847
        80.00000000         1.80000000         3.50000000         0.17675855  -163.458043127301
        80.00000000         1.80000000         6.00000000         0.08098300  -163.553818680398
        80.00000000         1.60000000         6.00000000         0.32991926  -163.304882415150
        80.00000000         1.70000000         2.80000000         0.46047869  -163.174322989268
        80.00000000         1.70000000         6.00000000         0.17591587  -163.458885804315
        80.00000000         1.80000000         2.80000000         0.35188946  -163.282912220830
        80.00000000         1.80000000         4.00000000         0.12175516  -163.513046517436
       116.50000000         1.70000000         2.80000000         0.33926708  -163.295534595735
        90.00000000         1.80000000         6.00000000         0.08076889  -163.554032787331
        90.00000000         1.80000000        10.00000000         0.08033993  -163.554461749015
       120.00000000         1.70000000         2.80000000         0.33793802  -163.296863657413
       110.00000000         1.80000000         5.00000000         0.08430802  -163.550493654424
       150.00000000         1.80000000         5.00000000         0.08133450  -163.553467174929
       130.00000000         1.80000000         5.00000000         0.08080021  -163.554001468588
       120.00000000         1.80000000         5.00000000         0.08059395  -163.554207726966
       175.00000000         2.80000000         4.00000000         0.18819045  -163.446611226067
       116.50000000         1.80000000         5.00000000         0.08055146  -163.554250220436
       165.00000000         1.80000000         5.00000000         0.08164259  -163.553159083109
       150.00000000         3.00000000         5.00000000         0.21622887  -163.418572810073
       175.00000000         1.80000000         5.00000000         0.08174421  -163.553057462604
       150.00000000         3.00000000         4.00000000         0.23513476  -163.399666919890
       100.00000000         3.00000000         5.00000000         0.21603000  -163.418771680806
       175.00000000         3.00000000         4.00000000         0.23757769  -163.397223988551
       165.00000000         3.00000000         5.00000000         0.21640139  -163.418400286734
       116.50000000         1.80000000         2.15000000         0.33371863  -163.301083048934
       120.00000000         1.80000000         2.30000000         0.28421559  -163.350586084063
       100.00000000         1.60000000         8.00000000         0.32933645  -163.305465225375
       100.00000000         1.80000000         2.30000000         0.34395696  -163.290844717128
       100.00000000         1.80000000         2.15000000         0.40035637  -163.234445307581
        90.00000000         1.80000000         3.00000000         0.24309895  -163.391702724056
       110.00000000         1.80000000         2.15000000         0.35150945  -163.283292229930
       116.50000000         1.80000000         2.30000000         0.28881081  -163.345990862504
        90.00000000         1.80000000         2.30000000         0.41680354  -163.217998136914
       110.00000000         1.80000000         3.00000000         0.20042710  -163.434374580710
       120.00000000         1.80000000         2.15000000         0.32769630  -163.307105372208
       100.00000000         1.80000000         3.00000000         0.21512474  -163.419676934997
        90.00000000         1.60000000         8.00000000         0.32933491  -163.305466768822
       110.00000000         1.80000000         2.30000000         0.30313878  -163.331662893868
        90.00000000         1.80000000         2.15000000         0.48543587  -163.149365807256
       116.50000000         1.80000000         3.00000000         0.19600870  -163.438792979623
       110.00000000         1.60000000         3.50000000         0.39056508  -163.244236597563
       130.00000000         1.60000000         3.50000000         0.38870992  -163.246091753779
        90.00000000         2.00000000         2.50000000         0.21308953  -163.421712149176
       120.00000000         1.60000000         3.50000000         0.38833685  -163.246464827254
       110.00000000         1.70000000         3.00000000         0.30185570  -163.332945978872
        90.00000000         1.60000000         3.50000000         0.40776760  -163.227034076839
       100.00000000         1.70000000         3.00000000         0.31736345  -163.317438226236
       116.50000000         2.00000000         2.50000000         0.13033289  -163.504468789725
       116.50000000         1.60000000         3.50000000         0.38876893  -163.246032748513
       150.00000000         1.60000000         3.50000000         0.39367437  -163.241127305554
       110.00000000         1.60000000         3.00000000         0.45964816  -163.175153512421
       175.00000000         1.80000000         2.00000000         0.46083256  -163.173969120258
       100.00000000         1.60000000         3.00000000         0.47572490  -163.159076781287
       165.00000000         1.80000000         2.00000000         0.44308795  -163.191713727561
       116.50000000         1.60000000         3.00000000         0.45410521  -163.180696463315
       100.00000000         2.00000000         2.50000000         0.16299709  -163.471804585987
       100.00000000         1.60000000         3.50000000         0.39653341  -163.238268271450
        90.00000000         1.70000000         3.00000000         0.34531939  -163.289482286140
       110.00000000         2.00000000         2.50000000         0.13768981  -163.497111866935
       120.00000000         1.60000000        10.00000000         0.32941749  -163.305384185500
       110.00000000         1.60000000         6.00000000         0.31935247  -163.315449207413
       175.00000000         1.70000000        10.00000000         0.17530562  -163.459496052798
       120.00000000         1.60000000         6.00000000         0.31939322  -163.315408456012
       165.00000000         1.70000000        10.00000000         0.17530596  -163.459495712925
       130.00000000         1.60000000         6.00000000         0.31948805  -163.315313627876
       175.00000000         1.60000000         6.00000000         0.31961244  -163.315189233852
        90.00000000         1.60000000         6.00000000         0.31937545  -163.315426223776
       110.00000000         1.70000000         5.00000000         0.17927922  -163.455522458366
       116.50000000         1.60000000         6.00000000         0.31937077  -163.315430910917
       165.00000000         1.60000000         6.00000000         0.31963101  -163.315170670053
        90.00000000         1.60000000        10.00000000         0.32940069  -163.305400983603
       116.50000000         1.60000000        10.00000000         0.32941573  -163.305385943483
       130.00000000         1.60000000        10.00000000         0.32942864  -163.305373035212
        90.00000000         1.70000000         5.00000000         0.18016044  -163.454641236498
       100.00000000         1.70000000        10.00000000         0.17530129  -163.459500386458
       150.00000000         1.60000000         6.00000000         0.31957611  -163.315225563960
       100.00000000         1.60000000        10.00000000         0.32940554  -163.305396133573
       175.00000000         1.60000000         8.00000000         0.32932323  -163.305478446519
       165.00000000         1.70000000         3.50000000         0.24980208  -163.384999592834
       165.00000000         2.00000000         2.50000000         0.19781733  -163.436984343964
       150.00000000         1.90000000        10.00000000         0.02639951  -163.608402165979
       130.00000000         1.80000000         2.15000000         0.32150059  -163.313301082950
       120.00000000         1.80000000         3.50000000         0.14131312  -163.493488556366
       116.50000000         1.70000000         4.00000000         0.20209398  -163.432707695879
       110.00000000         1.70000000         2.50000000         0.38279630  -163.252005377299
       110.00000000         2.30000000         2.50000000         0.08861939  -163.546182291088
       175.00000000         1.90000000         8.00000000         0.02635436  -163.608447315524
       165.00000000         2.15000000         2.50000000         0.16507252  -163.469729155001
       150.00000000         2.15000000         2.50000000         0.13180916  -163.502992521223
       130.00000000         2.00000000         6.00000000         0.00186373  -163.632937951390
       120.00000000         1.90000000         4.00000000         0.05250776  -163.582293914136
       110.00000000         2.30000000         2.80000000         0.09034637  -163.544455305450
       100.00000000         1.80000000         4.00000000         0.10900023  -163.525801445303
       100.00000000         1.90000000         3.50000000         0.09129176  -163.543509914486
        90.00000000         2.15000000         2.50000000         0.16499740  -163.469804275100
       175.00000000         1.70000000         6.00000000         0.17583570  -163.458965975495
       165.00000000         1.60000000         5.00000000         0.33358625  -163.301215424997
       165.00000000         2.15000000         2.30000000         0.17512876  -163.459672921243
       130.00000000         1.60000000         2.80000000         0.48396596  -163.150835715546
       130.00000000         2.30000000         8.00000000         0.02452346  -163.610278220981
       120.00000000         1.90000000         3.50000000         0.08568184  -163.549119839670
       116.50000000         1.80000000         1.90000000         0.49364225  -163.141159422170
       110.00000000         2.30000000         3.50000000         0.07341856  -163.561383114843
       175.00000000         1.90000000         2.80000000         0.23891708  -163.395884598180
       150.00000000         3.00000000         3.50000000         0.25298418  -163.381817493832
       130.00000000         2.30000000         2.50000000         0.09291848  -163.541883194318
       120.00000000         2.00000000         8.00000000         0.00143265  -163.633369030732
       110.00000000         1.70000000         4.00000000         0.20238114  -163.432420533991
       110.00000000         2.30000000         5.00000000         0.02826995  -163.606531723576
       100.00000000         1.90000000         2.50000000         0.21869607  -163.416105610297
       100.00000000         2.50000000         3.00000000         0.11964897  -163.515152708377
        90.00000000         1.90000000         2.00000000         0.49053715  -163.144264529217
       175.00000000         1.60000000         3.00000000         0.48458796  -163.150213721182
       165.00000000         1.80000000         2.15000000         0.38075093  -163.254050750085
       150.00000000         1.80000000         6.00000000         0.08083131  -163.553970367744
       130.00000000         1.70000000         2.80000000         0.33188527  -163.302916406513
       130.00000000         2.50000000         3.00000000         0.12862960  -163.506172080478
       120.00000000         2.15000000         2.80000000         0.09111805  -163.543683622559
       116.50000000         2.00000000         2.30000000         0.15323045  -163.481571226883
       110.00000000         2.00000000         2.15000000         0.20348411  -163.431317564635
       175.00000000         2.00000000         2.15000000         0.26799580  -163.366805878609
       165.00000000         2.50000000         2.80000000         0.18110085  -163.453700831519
       150.00000000         2.00000000         2.80000000         0.14839527  -163.486406404895
       130.00000000         1.90000000         2.50000000         0.17603879  -163.458762884337
       120.00000000         1.90000000         5.00000000         0.03034305  -163.604458623252
       116.50000000         1.80000000         2.80000000         0.21887902  -163.415922660039
       110.00000000         3.00000000         5.00000000         0.21580879  -163.418992886679
       100.00000000         1.90000000         4.00000000         0.05463346  -163.580168220092
        90.00000000         1.90000000         5.00000000         0.03134279  -163.603458891000
        90.00000000         2.50000000         3.00000000         0.13565543  -163.499146249001
       175.00000000         1.70000000         8.00000000         0.17525934  -163.459542339776
       165.00000000         1.60000000         3.00000000         0.47851047  -163.156291207498
       150.00000000         1.60000000         4.00000000         0.35697362  -163.277828052507
       150.00000000         2.30000000         3.50000000         0.08669831  -163.548103369069
       130.00000000         2.30000000         5.00000000         0.02838369  -163.606417989857
       120.00000000         1.90000000         6.00000000         0.02675358  -163.608048095044
       110.00000000         1.60000000         5.00000000         0.33339336  -163.301408320435
       175.00000000         2.00000000         4.00000000         0.03309355  -163.601708131769
       165.00000000         1.90000000         2.15000000         0.30296816  -163.331833519286
       150.00000000         2.00000000         2.15000000         0.21024611  -163.424555570982
       130.00000000         2.00000000         2.30000000         0.15047626  -163.484325418002
       120.00000000         2.00000000         2.30000000         0.15032381  -163.484477862164
       116.50000000         2.00000000         2.80000000         0.11618949  -163.518612189576
       110.00000000         1.90000000         5.00000000         0.03032758  -163.604474092468
       100.00000000         1.90000000         2.00000000         0.38730528  -163.247496396633
        90.00000000         1.80000000         8.00000000         0.08028683  -163.554514850052
        90.00000000         2.15000000         3.00000000         0.11745424  -163.517347437217
       175.00000000         1.60000000         5.00000000         0.33366231  -163.301139367173
       165.00000000         1.60000000         8.00000000         0.32932850  -163.305473177963
       165.00000000         2.50000000         3.50000000         0.14051154  -163.494290139612
       150.00000000         1.90000000         4.00000000         0.05608379  -163.578717885589
       130.00000000         1.80000000         2.00000000         0.40229124  -163.232510440368
       120.00000000         2.50000000         2.80000000         0.10990136  -163.524900313928
       116.50000000         2.00000000        10.00000000         0.00148082  -163.633320856827
       110.00000000         1.80000000        10.00000000         0.08034814  -163.554453535326
       165.00000000         3.00000000         4.00000000         0.23701556  -163.397786120926
       130.00000000         1.80000000         6.00000000         0.08075971  -163.554041966914
       120.00000000         1.80000000         3.00000000         0.19498233  -163.439819349873
       116.50000000         1.80000000         4.00000000         0.10680933  -163.527992345451
       110.00000000         1.80000000         6.00000000         0.08067859  -163.554123090150
       100.00000000         1.80000000         3.50000000         0.14732965  -163.487472029980
       100.00000000         2.00000000         2.80000000         0.13496450  -163.499837179697
        90.00000000         1.80000000         3.50000000         0.15803195  -163.476769723054
        90.00000000         1.90000000         3.50000000         0.10197880  -163.532822874079
        90.00000000         2.80000000         3.50000000         0.19144873  -163.443352945198
       175.00000000         1.90000000         2.00000000         0.38690373  -163.247897945587
       130.00000000         2.00000000         8.00000000         0.00143579  -163.633365883002
       120.00000000         1.90000000         2.50000000         0.17509789  -163.459703786549
       116.50000000         1.90000000         2.80000000         0.15221046  -163.482591214425
       110.00000000         1.90000000         3.50000000         0.08649573  -163.548305945248
       175.00000000         2.80000000         3.00000000         0.25557073  -163.379230944083
       150.00000000         1.80000000         8.00000000         0.08030814  -163.554493540391
       130.00000000         1.90000000         2.80000000         0.15924574  -163.475555933110
       110.00000000         1.70000000         2.15000000         0.48321840  -163.151583279366
       100.00000000         1.70000000         5.00000000         0.17949491  -163.455306769093
        90.00000000         1.80000000         2.50000000         0.36451135  -163.270290331685
       175.00000000         1.70000000         3.50000000         0.25138978  -163.383411901427
       165.00000000         1.70000000         2.80000000         0.36972152  -163.265080160097
       150.00000000         1.80000000         2.30000000         0.30635122  -163.328450459950
       130.00000000         1.60000000         8.00000000         0.32934796  -163.305453712494
       130.00000000         2.30000000         2.80000000         0.09927993  -163.535521749509
       120.00000000         2.00000000         6.00000000         0.00182491  -163.632976771179
       116.50000000         1.90000000         2.00000000         0.31406711  -163.320734566657
       110.00000000         1.80000000         4.00000000         0.10710477  -163.527696907386
       175.00000000         2.00000000         3.50000000         0.07512333  -163.559678346450
       165.00000000         2.15000000         2.80000000         0.16045648  -163.474345200348
       130.00000000         1.70000000         2.50000000         0.36404044  -163.270761239328
       120.00000000         1.70000000         2.30000000         0.40703082  -163.227770858547
       120.00000000         2.80000000         3.50000000         0.18950236  -163.445299320177
       110.00000000         2.30000000         3.00000000         0.09126593  -163.543535750664
       100.00000000         1.80000000         5.00000000         0.08070314  -163.554098537293
       100.00000000         1.90000000         2.30000000         0.25963900  -163.375162674914
        90.00000000         1.70000000         8.00000000         0.17524693  -163.459554748986
        90.00000000         1.90000000         4.00000000         0.05915070  -163.575650975409
        90.00000000         2.30000000         3.50000000         0.08650872  -163.548292955487
       175.00000000         1.80000000         8.00000000         0.08030343  -163.554498245446
       165.00000000         1.70000000         2.15000000         0.49868403  -163.136117642724
       150.00000000         1.70000000         2.50000000         0.38908819  -163.245713484133
       150.00000000         2.50000000         3.00000000         0.15767728  -163.477124400169
       130.00000000         2.00000000        10.00000000         0.00148217  -163.633319504701
       120.00000000         1.80000000         6.00000000         0.08071207  -163.554089605192
       116.50000000         1.70000000         5.00000000         0.17929164  -163.455510032146
       110.00000000         1.70000000         2.80000000         0.34507904  -163.289722633449
       175.00000000         2.50000000         2.80000000         0.20093071  -163.433870970519
       150.00000000         1.60000000         8.00000000         0.32934090  -163.305460774289
       150.00000000         2.30000000         2.80000000         0.12985532  -163.504946357274
       130.00000000         2.00000000         3.00000000         0.10784795  -163.526953724091
       120.00000000         1.90000000         2.30000000         0.20262549  -163.432176184208
       116.50000000         1.80000000        10.00000000         0.08035041  -163.554451267561
       110.00000000         1.80000000         2.00000000         0.43309296  -163.201708721994
       100.00000000         1.70000000         2.80000000         0.36449207  -163.270309609377
       100.00000000         1.90000000         8.00000000         0.02634119  -163.608460484137
        90.00000000         1.60000000         4.00000000         0.36172836  -163.273073315083
        90.00000000         2.30000000         2.50000000         0.14264336  -163.492158314419
       175.00000000         1.70000000         2.30000000         0.48027046  -163.154531216834
       165.00000000         2.00000000         5.00000000         0.00624544  -163.628556233288
       150.00000000         1.90000000         2.30000000         0.23448456  -163.400317120189
       120.00000000         1.70000000        10.00000000         0.17531026  -163.459491417557
       116.50000000         1.60000000         2.80000000         0.48804999  -163.146751687133
       175.00000000         2.15000000         2.50000000         0.18323369  -163.451567985933
       130.00000000         1.60000000         5.00000000         0.33298284  -163.301818834649
       130.00000000         2.15000000         3.00000000         0.09222738  -163.542574295589
       120.00000000         2.00000000         2.50000000         0.12866465  -163.506137026503
       116.50000000         1.90000000         4.00000000         0.05243893  -163.582362751058
       110.00000000         1.80000000         2.80000000         0.22532291  -163.409478765456
       100.00000000         1.60000000         6.00000000         0.31932102  -163.315480660538
       100.00000000         1.90000000         3.00000000         0.15262712  -163.482174561362
        90.00000000         1.80000000         2.80000000         0.28676209  -163.348039585212
        90.00000000         2.30000000         2.80000000         0.12553524  -163.509266433912
       175.00000000         1.90000000         2.15000000         0.33290497  -163.301896703216
       165.00000000         2.00000000         2.30000000         0.21856354  -163.416238140046
       130.00000000         1.70000000         2.30000000         0.40140971  -163.233391967938
       120.00000000         1.70000000         3.50000000         0.23767204  -163.397129637317
       120.00000000         3.00000000         5.00000000         0.21581148  -163.418990198992
       116.50000000         2.30000000         2.80000000         0.09000465  -163.544797025577
       110.00000000         2.00000000         3.00000000         0.10506551  -163.529736162763
       175.00000000         2.00000000         3.00000000         0.16018818  -163.474613494638
       165.00000000         1.80000000        10.00000000         0.08034812  -163.554453556749
       165.00000000         2.80000000         3.00000000         0.23453229  -163.400269386545
       150.00000000         2.15000000         2.80000000         0.12710034  -163.507701336500
       120.00000000         1.70000000         4.00000000         0.20215976  -163.432641921408
       120.00000000         2.50000000         3.50000000         0.11854525  -163.516256425762
       110.00000000         1.60000000         2.80000000         0.49638820  -163.138413474768
       100.00000000         1.90000000         2.15000000         0.30889426  -163.325907418352
        90.00000000         2.15000000         2.30000000         0.20109453  -163.433707147676
       175.00000000         1.70000000         2.80000000         0.38417606  -163.250625612075
       165.00000000         1.80000000         3.50000000         0.15412161  -163.480680069755
       165.00000000         2.30000000         2.80000000         0.16197199  -163.472829688680
       150.00000000         1.90000000         6.00000000         0.02686586  -163.607935817429
       130.00000000         1.80000000         2.50000000         0.24978162  -163.385020054315
       120.00000000         2.15000000         2.50000000         0.09623292  -163.538568753931
       116.50000000         1.90000000         8.00000000         0.02635101  -163.608450668260
       110.00000000         1.80000000         2.50000000         0.27033993  -163.364461745890
       175.00000000         2.00000000         8.00000000         0.00143667  -163.633365005238
       165.00000000         1.80000000         2.30000000         0.34407784  -163.290723833444
       130.00000000         1.90000000         3.00000000         0.14104857  -163.493753107013
       120.00000000         1.80000000        10.00000000         0.08035136  -163.554450314031
       116.50000000         1.70000000         8.00000000         0.17525711  -163.459544565605
       116.50000000         2.80000000         3.50000000         0.18783017  -163.446971504958
       110.00000000         2.15000000         2.50000000         0.10135686  -163.533444816304
       100.00000000         2.00000000         3.50000000         0.06387967  -163.570922009288
        90.00000000         1.90000000         2.30000000         0.32741675  -163.307384922898
        90.00000000         2.50000000         3.50000000         0.12734627  -163.507455411992
       175.00000000         1.70000000         2.50000000         0.45352927  -163.181272411103
       150.00000000         2.00000000         2.50000000         0.16450563  -163.470296046470
       130.00000000         1.90000000         6.00000000         0.02679651  -163.608005164862
       120.00000000         1.80000000         2.80000000         0.21722467  -163.417577004643
       116.50000000         1.70000000         6.00000000         0.17565823  -163.459143448105
       110.00000000         1.60000000         8.00000000         0.32936624  -163.305435437221
       110.00000000         2.50000000         2.80000000         0.10677484  -163.528026834916
       175.00000000         2.30000000         2.80000000         0.18533771  -163.449463969702
       165.00000000         1.90000000         2.30000000         0.27184802  -163.362953653451
       150.00000000         2.00000000         8.00000000         0.00143753  -163.633364149183
       130.00000000         1.90000000         2.15000000         0.24077159  -163.394030087659
       116.50000000         1.70000000         2.15000000         0.46297707  -163.171824610317
       116.50000000         2.50000000         2.80000000         0.10796745  -163.526834227772
       100.00000000         1.90000000        10.00000000         0.02639417  -163.608407503876
        90.00000000         1.70000000         6.00000000         0.17571470  -163.459086974968
        90.00000000         2.00000000         2.30000000         0.26207625  -163.372725430046
       175.00000000         1.60000000         3.50000000         0.39935339  -163.235448285221
       165.00000000         2.00000000         2.80000000         0.18191228  -163.452889400420
       130.00000000         1.70000000         8.00000000         0.17526871  -163.459532962943
       130.00000000         2.30000000         3.00000000         0.10063525  -163.534166423372
       120.00000000         2.00000000        10.00000000         0.00148138  -163.633320293910
       116.50000000         1.90000000         2.50000000         0.17745475  -163.457346930533
       175.00000000         1.90000000         2.50000000         0.27050524  -163.364296438247
       150.00000000         1.90000000         8.00000000         0.02635665  -163.608445027147
       130.00000000         1.90000000         8.00000000         0.02635586  -163.608445812807
       120.00000000         2.00000000         3.00000000         0.10324292  -163.531558756423
       116.50000000         2.15000000         2.50000000         0.09667540  -163.538126275659
       110.00000000         1.90000000        10.00000000         0.02639756  -163.608404118983
       100.00000000         2.00000000         2.30000000         0.19684284  -163.437958836916
        90.00000000         2.30000000         5.00000000         0.02940696  -163.605394712078
       165.00000000         1.70000000         2.30000000         0.46051879  -163.174282891187
       150.00000000         1.90000000         2.50000000         0.20413819  -163.430663482611
       130.00000000         1.80000000         4.00000000         0.10765941  -163.527142271594
       120.00000000         1.60000000         3.00000000         0.45243988  -163.182361798027
       116.50000000         1.60000000         4.00000000         0.35443378  -163.280367895346
       116.50000000         2.15000000         2.30000000         0.11107388  -163.523727800634
       110.00000000         2.15000000         2.30000000         0.11870129  -163.516100385580
       175.00000000         2.50000000         3.00000000         0.20839803  -163.426403642411
       150.00000000         1.70000000         3.00000000         0.31020915  -163.324592522047
       120.00000000         1.80000000         8.00000000         0.08030504  -163.554496637307
       110.00000000         1.70000000         3.50000000         0.23889776  -163.395903917656
       110.00000000         3.00000000         4.00000000         0.22792002  -163.406881656116
       100.00000000         2.30000000         4.00000000         0.04998869  -163.584812984558
        90.00000000         2.15000000         4.00000000         0.03128133  -163.603520350928
       120.00000000         1.70000000         2.50000000         0.36657567  -163.268226003988
       175.00000000         1.80000000         2.80000000         0.29707900  -163.337722679459
       165.00000000         1.80000000         2.50000000         0.32689404  -163.307907641926
       150.00000000         1.70000000         4.00000000         0.20571230  -163.429089372647
       150.00000000         2.80000000         3.00000000         0.20648943  -163.428312242295
       130.00000000         2.50000000         2.80000000         0.11936394  -163.515437737308
       120.00000000         2.15000000         2.30000000         0.10944954  -163.525352132408
       116.50000000         1.90000000         6.00000000         0.02674082  -163.608060859403
       175.00000000         2.15000000         3.00000000         0.15356516  -163.481236515922
       165.00000000         2.30000000         3.50000000         0.09251641  -163.542285263210
       150.00000000         2.30000000         8.00000000         0.02452608  -163.610275597312
       130.00000000         1.90000000         4.00000000         0.05330861  -163.581493067604
       120.00000000         1.80000000         4.00000000         0.10687321  -163.527928464840
       116.50000000         2.80000000         3.00000000         0.16370452  -163.471097153903
       110.00000000         2.15000000         3.00000000         0.08607050  -163.548731172299
       100.00000000         1.80000000         2.50000000         0.30144381  -163.333357866128
       100.00000000         2.00000000         5.00000000         0.00565190  -163.629149781170
       100.00000000         2.50000000         2.80000000         0.11296849  -163.521833183538
        90.00000000         1.90000000         6.00000000         0.02682624  -163.607975438790
       175.00000000         1.70000000         3.00000000         0.34074581  -163.294055863700
       165.00000000         1.80000000         1.90000000         0.51415518  -163.120646492350
       150.00000000         1.80000000        10.00000000         0.08035077  -163.554450907283
       130.00000000         1.60000000         3.00000000         0.45192924  -163.182872432418
       130.00000000         2.80000000         3.50000000         0.19568032  -163.439121357230
       120.00000000         2.30000000         2.80000000         0.09126296  -163.543538715297
       116.50000000         2.00000000         6.00000000         0.00181381  -163.632987866296
       110.00000000         1.90000000         3.00000000         0.14045334  -163.494348340991
       175.00000000         2.00000000         2.80000000         0.20825107  -163.426550606205
       165.00000000         1.90000000         6.00000000         0.02689493  -163.607906747597
       150.00000000         1.70000000         8.00000000         0.17526755  -163.459534131075
       130.00000000         1.70000000         4.00000000         0.20294766  -163.431854020418
       120.00000000         1.70000000         2.15000000         0.45582720  -163.178974477962
       116.50000000         1.90000000        10.00000000         0.02639930  -163.608402378799
       100.00000000         1.70000000         2.50000000         0.41766613  -163.217135547430
       100.00000000         2.30000000         3.00000000         0.09791669  -163.536884990713
        90.00000000         2.30000000         3.00000000         0.11769440  -163.517107276292
       175.00000000         1.80000000         4.00000000         0.11277359  -163.522028091015
       165.00000000         2.00000000         2.15000000         0.24571941  -163.389082271356
       150.00000000         2.50000000         2.80000000         0.15079220  -163.484009476868
       120.00000000         2.30000000         3.50000000         0.07412615  -163.560675525957
       116.50000000         2.00000000         4.00000000         0.02701863  -163.607783043344
       110.00000000         1.90000000         4.00000000         0.05272809  -163.582073584736
       175.00000000         2.00000000         5.00000000         0.00633536  -163.628466319249
       165.00000000         1.80000000         3.00000000         0.23716462  -163.397637061935
       165.00000000         2.80000000         3.50000000         0.21887782  -163.415923861303
       150.00000000         2.00000000         5.00000000         0.00597761  -163.628824067987
       130.00000000         2.00000000         3.50000000         0.06085494  -163.573946736342
       120.00000000         1.90000000        10.00000000         0.02640001  -163.608401670625
       116.50000000         1.90000000         2.30000000         0.20632860  -163.428473074301
       110.00000000         2.80000000         3.50000000         0.18565916  -163.449142516366
       100.00000000         1.80000000         6.00000000         0.08068585  -163.554115827811
       100.00000000         2.15000000         3.00000000         0.09494972  -163.539851961650
        90.00000000         1.70000000         2.80000000         0.40103627  -163.233765409325
        90.00000000         2.00000000         2.80000000         0.16828516  -163.466516520509
        90.00000000         3.00000000         5.00000000         0.21669856  -163.418103119949
       165.00000000         1.90000000         8.00000000         0.02635504  -163.608446636156
       150.00000000         1.70000000         6.00000000         0.17580344  -163.458998232752
       150.00000000         2.30000000         2.50000000         0.12407103  -163.510730647792
       120.00000000         1.60000000         4.00000000         0.35436323  -163.280438445858
       120.00000000         2.30000000         6.00000000         0.02487682  -163.609924860633
       116.50000000         2.00000000         8.00000000         0.00143111  -163.633370570292
       110.00000000         1.80000000         8.00000000         0.08029940  -163.554502273495
       175.00000000         2.50000000         3.50000000         0.14265542  -163.492146252888
       150.00000000         1.70000000         2.30000000         0.42439607  -163.210405607934
       130.00000000         2.30000000         3.50000000         0.07733852  -163.557463158176
       120.00000000         2.00000000         4.00000000         0.02709859  -163.607703089580
       116.50000000         1.80000000         8.00000000         0.08030325  -163.554498426315
       100.00000000         2.30000000         2.50000000         0.10477622  -163.530025461972
        90.00000000         1.70000000         3.50000000         0.25597566  -163.378826014558
        90.00000000         1.90000000         3.00000000         0.17826590  -163.456535772115
        90.00000000         2.50000000         2.80000000         0.13389908  -163.500902600614
       175.00000000         1.80000000         3.00000000         0.24399564  -163.390806039754
       150.00000000         1.80000000         2.80000000         0.24118478  -163.393616900073
       130.00000000         2.15000000         2.50000000         0.10130149  -163.533500191580
       120.00000000         2.80000000         4.00000000         0.18083385  -163.453967828510
       110.00000000         1.70000000         6.00000000         0.17563204  -163.459169638529
       165.00000000         1.70000000         6.00000000         0.17582802  -163.458973653889
       165.00000000         2.15000000         3.00000000         0.14189717  -163.492904507255
       150.00000000         1.90000000         3.50000000         0.09448017  -163.540321506925
       130.00000000         1.70000000        10.00000000         0.17531258  -163.459489097035
       130.00000000         2.50000000         3.50000000         0.12282224  -163.511979435513
       116.50000000         1.90000000         3.00000000         0.13767058  -163.497131099287
       110.00000000         1.80000000         3.50000000         0.14236010  -163.492441578484
       100.00000000         1.60000000         4.00000000         0.35716389  -163.277637792038
       100.00000000         2.15000000        10.00000000         0.00007667  -163.634725011105
       100.00000000         2.50000000         3.50000000         0.11880049  -163.516001184039
        90.00000000         1.90000000         2.15000000         0.38486054  -163.249941134119
        90.00000000         3.00000000         3.50000000         0.22662989  -163.408171787531
       175.00000000         1.80000000        10.00000000         0.08034715  -163.554454525209
       165.00000000         1.70000000         4.00000000         0.20748267  -163.427319002427
       165.00000000         2.00000000         4.00000000         0.03250154  -163.602300133544
       150.00000000         1.90000000         3.00000000         0.16113865  -163.473663022774
       130.00000000         1.80000000         3.00000000         0.19645050  -163.438351172160
       120.00000000         1.70000000         5.00000000         0.17933188  -163.455469793057
       116.50000000         1.70000000         3.50000000         0.23750583  -163.397295846066
       116.50000000         2.30000000         2.50000000         0.08580733  -163.548994346291
       175.00000000         2.15000000         2.30000000         0.19448675  -163.440314923389
       150.00000000         1.90000000         2.15000000         0.26199713  -163.372804542561
       130.00000000         2.00000000         2.50000000         0.13100397  -163.503797706614
       120.00000000         2.30000000         4.00000000         0.04831814  -163.586483538744
       116.50000000         2.00000000         3.00000000         0.10303866  -163.531763017925
       110.00000000         2.00000000         2.30000000         0.16374742  -163.471054259366
       100.00000000         1.80000000         2.00000000         0.49120597  -163.143595711382
       100.00000000         2.15000000         2.80000000         0.10462668  -163.530174993157
        90.00000000         1.80000000         4.00000000         0.11345293  -163.521348749625
        90.00000000         2.00000000         8.00000000         0.00141487  -163.633386806104
       175.00000000         2.80000000         3.50000000         0.22150531  -163.413296362373
       165.00000000         2.30000000         2.50000000         0.15572011  -163.479081571477
       150.00000000         2.15000000         2.30000000         0.14187675  -163.492924925307
       130.00000000         2.00000000         4.00000000         0.02792803  -163.606873642249
       120.00000000         1.90000000         2.00000000         0.30745366  -163.327348021356
       116.50000000         1.70000000        10.00000000         0.17530478  -163.459496893357
       110.00000000         1.70000000         2.30000000         0.42910350  -163.205698181092
       175.00000000         2.30000000         2.50000000         0.17380759  -163.460994087064
       165.00000000         2.00000000         3.50000000         0.07338907  -163.561412604781
       150.00000000         1.80000000         3.50000000         0.14946662  -163.485335053848
       130.00000000         1.60000000         4.00000000         0.35477702  -163.280024652189
       130.00000000         2.15000000         2.30000000         0.11233947  -163.522462210451
       120.00000000         2.00000000         5.00000000         0.00536844  -163.629433239304
       116.50000000         1.90000000         2.15000000         0.24993406  -163.384867618369
       110.00000000         2.15000000         2.80000000         0.09230070  -163.542500979351
       100.00000000         2.30000000         3.50000000         0.07677174  -163.558029938030
        90.00000000         1.90000000         8.00000000         0.02633488  -163.608466793478
       175.00000000         1.90000000         2.30000000         0.28973407  -163.345067611809
       165.00000000         2.50000000         3.00000000         0.18633892  -163.448462757034
       150.00000000         2.00000000         2.30000000         0.18256473  -163.452236951436
       130.00000000         2.00000000         2.15000000         0.18171293  -163.453088745196
       120.00000000         1.90000000         3.00000000         0.13748558  -163.497316099976
       116.50000000         1.80000000         3.50000000         0.14132559  -163.493476088434
       116.50000000         3.00000000         5.00000000         0.21579369  -163.419007987150
       110.00000000         2.50000000         3.00000000         0.11572836  -163.519073321625
       175.00000000         2.30000000         3.00000000         0.17100490  -163.463796782018
       150.00000000         1.70000000         2.15000000         0.46665847  -163.168143209505
       130.00000000         1.90000000         2.30000000         0.20116500  -163.433636673976
       120.00000000         1.90000000         2.80000000         0.15109148  -163.483710199118
       116.50000000         2.00000000         3.50000000         0.05862727  -163.576174403263
       110.00000000         1.90000000         2.00000000         0.33458839  -163.300213286952
       100.00000000         1.80000000         8.00000000         0.08029295  -163.554508728323
       100.00000000         1.90000000         6.00000000         0.02673715  -163.608064529277
        90.00000000         1.60000000         5.00000000         0.33389271  -163.300908971272
       175.00000000         1.80000000         3.50000000         0.15574889  -163.479052790219
       165.00000000         1.60000000         4.00000000         0.35852693  -163.276274745349
       165.00000000         2.00000000         6.00000000         0.00196386  -163.632837821716
       150.00000000         1.90000000         2.80000000         0.18509256  -163.449709115354
       130.00000000         1.80000000         2.80000000         0.21833932  -163.416462361533
       120.00000000         1.80000000         1.90000000         0.48448256  -163.150319121674
       116.50000000         2.30000000         4.00000000         0.04817199  -163.586629687067
       110.00000000         2.00000000         2.80000000         0.11958902  -163.515212657301
       175.00000000         2.00000000         2.50000000         0.22130980  -163.413491880244
       150.00000000         1.80000000         3.00000000         0.22027101  -163.414530665767
       130.00000000         1.70000000         6.00000000         0.17572798  -163.459073698893
       120.00000000         1.60000000         5.00000000         0.33286423  -163.301937451755
       120.00000000         2.30000000         2.50000000         0.08617941  -163.548622266765
       116.50000000         2.00000000         5.00000000         0.00534420  -163.629457472235
       110.00000000         1.90000000         2.50000000         0.18636550  -163.448436173798
       100.00000000         1.70000000         2.30000000         0.47403441  -163.160767271984
       100.00000000         1.80000000        10.00000000         0.08034397  -163.554457709516
       100.00000000         2.15000000         2.50000000         0.12147428  -163.513327394689
        90.00000000         1.90000000         2.80000000         0.21382832  -163.420973355668
       175.00000000         1.70000000         5.00000000         0.18040587  -163.454395809455
       165.00000000         1.70000000         3.00000000         0.32594833  -163.308853345699
       165.00000000         2.80000000         4.00000000         0.18762710  -163.447174581598
       150.00000000         2.00000000         3.00000000         0.12998277  -163.504818909567
       130.00000000         1.90000000         3.50000000         0.08744820  -163.547353476256
       116.50000000         1.60000000         8.00000000         0.32934332  -163.305458360651
       116.50000000         2.30000000         6.00000000         0.02487010  -163.609931576280
       110.00000000         1.90000000         8.00000000         0.02634746  -163.608454220492
       175.00000000         1.90000000         6.00000000         0.02690483  -163.607896844053
       165.00000000         1.80000000         6.00000000         0.08085769  -163.553943987282
       150.00000000         1.70000000         2.80000000         0.34345086  -163.291350812139
       150.00000000         2.30000000         6.00000000         0.02497003  -163.609831645390
       130.00000000         2.00000000         5.00000000         0.00552613  -163.629275550780
       120.00000000         2.00000000         2.80000000         0.11602879  -163.518772891155
       116.50000000         1.90000000         3.50000000         0.08560979  -163.549191890120
       110.00000000         1.90000000         2.30000000         0.21866844  -163.416133241457
       100.00000000         2.00000000         2.15000000         0.24322008  -163.391581596733
        90.00000000         1.80000000         5.00000000         0.08138023  -163.553421448684
        90.00000000         2.15000000        10.00000000         0.00007350  -163.634728173096
       175.00000000         1.80000000         6.00000000         0.08086649  -163.553935191916
       165.00000000         1.60000000         3.50000000         0.39781830  -163.236983374735
       165.00000000         2.30000000         3.00000000         0.15519647  -163.479605207910
       130.00000000         2.15000000         2.80000000         0.09766038  -163.537141300527
       120.00000000         2.00000000         2.15000000         0.18336576  -163.451435915707
       116.50000000         1.90000000         5.00000000         0.03031464  -163.604487035152
       110.00000000         1.90000000         6.00000000         0.02672515  -163.608076526643
       175.00000000         2.00000000         2.30000000         0.24140678  -163.393394897033
       150.00000000         1.70000000        10.00000000         0.17530536  -163.459496320932
       130.00000000         1.70000000         2.15000000         0.44706013  -163.187741544465
       116.50000000         1.70000000         2.50000000         0.37049496  -163.264306715715
       116.50000000         2.30000000         3.00000000         0.09165600  -163.543145681696
       110.00000000         2.00000000         6.00000000         0.00180124  -163.633000434117
       100.00000000         1.70000000         6.00000000         0.17563819  -163.459163484379
       100.00000000         2.15000000         4.00000000         0.02675674  -163.608044933457
       100.00000000         2.80000000         3.50000000         0.18554644  -163.449255235583
        90.00000000         2.00000000        10.00000000         0.00147319  -163.633328491848
       175.00000000         1.70000000         4.00000000         0.20807940  -163.426722272596
       165.00000000         1.70000000         5.00000000         0.18031209  -163.454489585914
       165.00000000         2.00000000         3.00000000         0.15119080  -163.483610876229
       150.00000000         1.90000000         2.00000000         0.32275535  -163.312046325606
       130.00000000         1.80000000        10.00000000         0.08035280  -163.554448881002
       120.00000000         1.70000000         8.00000000         0.17526506  -163.459536613986
       120.00000000         2.30000000         5.00000000         0.02824930  -163.606552375315
       116.50000000         2.00000000         2.15000000         0.19021658  -163.444585097169
       110.00000000         2.15000000         3.50000000         0.05387998  -163.580921695357
       175.00000000         2.15000000         2.80000000         0.18869580  -163.446105879643
       165.00000000         1.90000000         2.50000000         0.24217227  -163.392629408132
       150.00000000         2.30000000         4.00000000         0.05225744  -163.582544238988
       116.50000000         1.80000000         2.50000000         0.25359050  -163.381211173548
       110.00000000         1.90000000         2.15000000         0.26507270  -163.369728975893
       100.00000000         1.70000000         8.00000000         0.17524750  -163.459554172428
       100.00000000         2.15000000         3.50000000         0.05792665  -163.576875028820
        90.00000000         2.15000000         3.50000000         0.06820969  -163.566591991592
       165.00000000         1.70000000         8.00000000         0.17526174  -163.459539933322
       165.00000000         2.00000000         8.00000000         0.00143697  -163.633364702927
       150.00000000         1.80000000         2.15000000         0.34451693  -163.290284746824
       130.00000000         1.90000000         2.00000000         0.30180082  -163.333000854028
       120.00000000         1.90000000         2.15000000         0.24485104  -163.389950638250
       175.00000000         1.90000000         3.00000000         0.18782421  -163.446977464487
       165.00000000         1.90000000         3.00000000         0.18005344  -163.454748233563
       150.00000000         1.80000000         4.00000000         0.11041878  -163.524382898047
       130.00000000         2.30000000         6.00000000         0.02490535  -163.609896331518
       120.00000000         1.90000000         8.00000000         0.02635263  -163.608449049375
       116.50000000         1.80000000         2.00000000         0.42028477  -163.214516911367
       110.00000000         1.70000000         8.00000000         0.17525840  -163.459543276027
       110.00000000         2.80000000         3.00000000         0.16063489  -163.474166787124
       100.00000000         2.00000000         6.00000000         0.00181781  -163.632983870620
        90.00000000         1.70000000         2.50000000         0.47930301  -163.155498668635
        90.00000000         2.00000000         3.00000000         0.14070914  -163.494092532659
       175.00000000         1.80000000         2.50000000         0.34995456  -163.284847121260
       165.00000000         1.80000000         8.00000000         0.08030478  -163.554496894032
       150.00000000         1.60000000         3.00000000         0.46454018  -163.170261492968
       150.00000000         2.15000000         3.00000000         0.11711717  -163.517684508371
       130.00000000         1.90000000        10.00000000         0.02640101  -163.608400666167
       120.00000000         1.80000000         2.00000000         0.41238605  -163.222415627900
       116.50000000         1.70000000         3.00000000         0.29681023  -163.337991450811
       116.50000000         2.30000000         3.50000000         0.07352485  -163.561276822168
       110.00000000         2.00000000         3.50000000         0.05932701  -163.575474666430
       175.00000000         1.90000000         3.50000000         0.10098768  -163.533813997649
       165.00000000         1.80000000         4.00000000         0.11218077  -163.522620907015
       150.00000000         1.60000000        10.00000000         0.32941713  -163.305384546010
       150.00000000         2.00000000         3.50000000         0.06835563  -163.566446044383
       130.00000000         1.90000000         5.00000000         0.03051106  -163.604290617953
       116.50000000         1.80000000         6.00000000         0.08069751  -163.554104171439
       110.00000000         1.70000000        10.00000000         0.17530562  -163.459496061953
       110.00000000         2.30000000         4.00000000         0.04830705  -163.586494623003
       100.00000000         1.80000000         2.80000000         0.24964741  -163.385154264565
       100.00000000         2.00000000         3.00000000         0.11604086  -163.518760821320
        90.00000000         2.00000000         3.50000000         0.07447127  -163.560330406229
       140.00000000         1.70000000         2.50000000         0.37219760  -163.262604072771
       175.00000000         1.60000000         4.00000000         0.35906713  -163.275734544664
       165.00000000         1.70000000         2.50000000         0.42692695  -163.207874723210
       150.00000000         1.70000000         3.50000000         0.24529186  -163.389509814469
       130.00000000         1.70000000         3.00000000         0.29575953  -163.339042146719
       120.00000000         1.70000000         3.00000000         0.29542970  -163.339371973571
       120.00000000         2.50000000         3.00000000         0.11951824  -163.515283438458
       116.50000000         2.50000000         3.00000000         0.11749149  -163.517310182619
       110.00000000         2.00000000         8.00000000         0.00142769  -163.633373991298
       175.00000000         1.90000000         4.00000000         0.05843802  -163.576363658791
       165.00000000         1.90000000         2.00000000         0.35834033  -163.276461344170
       150.00000000         2.00000000         6.00000000         0.00193200  -163.632869674163
       130.00000000         1.80000000         8.00000000         0.08030857  -163.554493102469
       120.00000000         1.60000000         8.00000000         0.32934493  -163.305456746251
       120.00000000         2.15000000         3.00000000         0.08606761  -163.548734068040
       110.00000000         1.90000000         2.80000000         0.15756792  -163.477233761794
       100.00000000         1.70000000         4.00000000         0.20423875  -163.430562923879
       100.00000000         1.90000000         5.00000000         0.02956598  -163.605235694439
        90.00000000         2.15000000         2.80000000         0.13420973  -163.500591951603
       175.00000000         1.80000000         2.30000000         0.37670194  -163.258099741094
       165.00000000         1.90000000         2.80000000         0.21785613  -163.416945545295
       150.00000000         1.90000000         5.00000000         0.03097579  -163.603825883743
       130.00000000         1.80000000         2.30000000         0.28083691  -163.353964762698
       120.00000000         1.60000000         2.80000000         0.48541785  -163.149383830549
       116.50000000         2.30000000         5.00000000         0.02823323  -163.606568448369
       110.00000000         2.00000000         4.00000000         0.02728802  -163.607513652278
       165.00000000         1.60000000        10.00000000         0.32941130  -163.305390372368
       165.00000000         1.90000000         4.00000000         0.05784620  -163.576955477859
       150.00000000         1.70000000         5.00000000         0.18002843  -163.454773246707
       150.00000000         2.30000000         3.00000000         0.12771862  -163.507083054125
       130.00000000         2.00000000         2.80000000         0.12080143  -163.514000250369
       120.00000000         2.30000000         3.00000000         0.09304343  -163.541758243223
       116.50000000         2.15000000         3.00000000         0.08525895  -163.549542726648
       100.00000000         1.60000000         5.00000000         0.33317858  -163.301623098381
       100.00000000         2.30000000         2.80000000         0.09980692  -163.534994755454
        90.00000000         1.90000000         2.50000000         0.27214304  -163.362658638975
        90.00000000         2.80000000         3.00000000         0.17264568  -163.462155998417
       175.00000000         1.80000000         2.15000000         0.40729409  -163.227507586721
       165.00000000         1.90000000         5.00000000         0.03124779  -163.603553892003
       150.00000000         1.80000000         2.50000000         0.27674975  -163.358051924290
       130.00000000         1.80000000         1.90000000         0.47166968  -163.163131992866
       120.00000000         1.70000000         6.00000000         0.17567478  -163.459126898167
       116.50000000         1.60000000         5.00000000         0.33285213  -163.301949546297
       116.50000000         2.15000000         2.80000000         0.09051847  -163.544283202375
       175.00000000         1.90000000         5.00000000         0.03133874  -163.603462939175
       165.00000000         1.80000000         2.80000000         0.27056668  -163.364234996049
       150.00000000         1.60000000         5.00000000         0.33335878  -163.301442893666
       150.00000000         2.00000000        10.00000000         0.00148117  -163.633320510515
       130.00000000         1.80000000         3.50000000         0.14283777  -163.491963906673
       130.00000000         3.00000000         4.00000000         0.23119993  -163.403601742096
       116.50000000         1.70000000         2.30000000         0.41261938  -163.222182294837
       110.00000000         1.60000000         4.00000000         0.35496996  -163.279831713382
       100.00000000         1.90000000         2.80000000         0.17836419  -163.456437486740
        90.00000000         1.70000000         4.00000000         0.20859014  -163.426211539989
        90.00000000         1.90000000        10.00000000         0.02639058  -163.608411100352
        90.00000000         2.30000000         4.00000000         0.05441422  -163.580387456193
       175.00000000         1.60000000        10.00000000         0.32940895  -163.305392730912
       165.00000000         2.00000000        10.00000000         0.00148006  -163.633321621138
       150.00000000         1.80000000         2.00000000         0.41001874  -163.224782939641
       130.00000000         1.70000000         3.50000000         0.23899927  -163.395802405552
       120.00000000         1.80000000         2.50000000         0.25047917  -163.384322511183
       120.00000000         3.00000000         4.00000000         0.22923286  -163.405568812128
       116.50000000         3.00000000         4.00000000         0.22866584  -163.406135841614
       110.00000000         2.50000000         3.50000000         0.11668359  -163.518118089329
       175.00000000         1.90000000        10.00000000         0.02639715  -163.608404530096
       165.00000000         1.90000000         3.50000000         0.09931080  -163.535490873374
       150.00000000         1.80000000         1.90000000         0.47784714  -163.156954537479
       130.00000000         1.70000000         5.00000000         0.17952814  -163.455273533468
       130.00000000         2.80000000         3.00000000         0.17653174  -163.458269937202
       120.00000000         2.80000000         3.00000000         0.16628173  -163.468519943681
       116.50000000         2.50000000         3.50000000         0.11755033  -163.517251345163
       110.00000000         2.00000000        10.00000000         0.00147941  -163.633322270538
       100.00000000         1.70000000         3.50000000         0.24397346  -163.390828213884
       100.00000000         2.15000000         2.30000000         0.14590371  -163.488897968597
       100.00000000         2.80000000         3.00000000         0.16153561  -163.473266066208
        90.00000000         2.00000000         2.15000000         0.31690690  -163.317894773842
