# R1,R2,R3,ETriat,E
3.000000,5.000000,6.261745,9.804733,5.878475
5.000000,3.000000,6.261745,9.804733,5.878475
1.600000,8.000000,8.426470,9.104137,8.961701
8.000000,1.600000,8.426470,9.104137,8.961701
1.800000,2.300000,3.157183,27.921296,9.359545
2.300000,1.800000,3.157183,27.921296,9.359545
1.800000,2.150000,3.034228,30.738997,10.894251
2.150000,1.800000,3.034228,30.738997,10.894251
1.800000,3.000000,3.757047,17.499168,5.853842
3.000000,1.800000,3.757047,17.499168,5.853842
1.700000,3.000000,3.696108,17.785256,8.635899
3.000000,1.700000,3.696108,17.785256,8.635899
1.600000,3.000000,3.636897,18.053534,12.945133
3.000000,1.600000,3.636897,18.053534,12.945133
2.000000,2.500000,3.462150,22.619522,4.435376
2.500000,2.000000,3.462150,22.619522,4.435376
1.600000,3.500000,4.093270,12.851626,10.790223
3.500000,1.600000,4.093270,12.851626,10.790223
1.700000,10.000000,10.430438,9.087190,4.770191
10.000000,1.700000,10.430438,9.087190,4.770191
1.600000,10.000000,10.397920,9.101961,8.963581
10.000000,1.600000,10.397920,9.101961,8.963581
1.800000,4.000000,4.662675,10.532357,2.966047
4.000000,1.800000,4.662675,10.532357,2.966047
1.900000,3.500000,4.262572,12.729497,2.484175
3.500000,1.900000,4.262572,12.729497,2.484175
1.900000,2.500000,3.392589,23.660802,5.951023
2.500000,1.900000,3.392589,23.660802,5.951023
2.500000,3.000000,4.225485,14.771179,3.255814
3.000000,2.500000,4.225485,14.771179,3.255814
1.900000,4.000000,4.716933,10.552128,1.486652
4.000000,1.900000,4.716933,10.552128,1.486652
1.900000,2.000000,2.988265,32.068518,10.539113
2.000000,1.900000,2.988265,32.068518,10.539113
1.800000,3.500000,4.204517,12.781472,4.009044
3.500000,1.800000,4.204517,12.781472,4.009044
2.000000,2.800000,3.712797,18.971435,3.672571
2.800000,2.000000,3.712797,18.971435,3.672571
1.700000,5.000000,5.553559,9.307217,4.884305
5.000000,1.700000,5.553559,9.307217,4.884305
1.800000,5.000000,5.600506,9.238782,2.196044
5.000000,1.800000,5.600506,9.238782,2.196044
1.900000,2.300000,3.227644,26.785760,7.065137
2.300000,1.900000,3.227644,26.785760,7.065137
1.700000,2.800000,3.518967,20.860475,9.918334
2.800000,1.700000,3.518967,20.860475,9.918334
1.900000,8.000000,8.537500,9.170149,0.716780
8.000000,1.900000,8.537500,9.170149,0.716780
1.600000,6.000000,6.472561,8.860031,8.689167
6.000000,1.600000,6.472561,8.860031,8.689167
1.900000,3.000000,3.819632,17.195595,4.153195
3.000000,1.900000,3.819632,17.195595,4.153195
1.900000,2.150000,3.106639,29.345366,8.405440
2.150000,1.900000,3.106639,29.345366,8.405440
2.000000,3.500000,4.322161,12.672363,1.738254
3.500000,2.000000,4.322161,12.672363,1.738254
1.900000,10.000000,10.498030,9.167683,0.718222
10.000000,1.900000,10.498030,9.167683,0.718222
2.000000,2.300000,3.299631,25.471757,5.356366
2.300000,2.000000,3.299631,25.471757,5.356366
2.300000,4.000000,4.948245,10.621737,1.360261
4.000000,2.300000,4.948245,10.621737,1.360261
1.800000,2.500000,3.324580,24.671801,8.202703
2.500000,1.800000,3.324580,24.671801,8.202703
2.000000,5.000000,5.698505,9.426193,0.153796
5.000000,2.000000,5.698505,9.426193,0.153796
2.500000,2.800000,4.064612,16.050707,3.074029
2.800000,2.500000,4.064612,16.050707,3.074029
1.700000,2.500000,3.258222,25.503332,11.365273
2.500000,1.700000,3.258222,25.503332,11.365273
2.300000,3.000000,4.084892,15.598144,2.664449
3.000000,2.300000,4.084892,15.598144,2.664449
1.800000,6.000000,6.556737,9.165733,2.195574
6.000000,1.800000,6.556737,9.165733,2.195574
2.150000,3.000000,3.982783,16.221112,2.583713
3.000000,2.150000,3.982783,16.221112,2.583713
2.300000,2.500000,3.679260,19.937870,2.851106
2.500000,2.300000,3.679260,19.937870,2.851106
1.600000,4.000000,4.558804,10.511776,9.718924
4.000000,1.600000,4.558804,10.511776,9.718924
2.150000,10.000000,10.587227,9.279690,0.002086
10.000000,2.150000,10.587227,9.279690,0.002086
2.500000,3.500000,4.640996,12.253743,3.232726
3.500000,2.500000,4.640996,12.253743,3.232726
1.800000,2.000000,2.913806,33.862375,13.366394
2.000000,1.800000,2.913806,33.862375,13.366394
2.150000,2.800000,3.814869,18.056313,2.847037
2.800000,2.150000,3.814869,18.056313,2.847037
2.300000,3.500000,4.509516,12.454197,2.089065
3.500000,2.300000,4.509516,12.454197,2.089065
1.800000,8.000000,8.499475,9.127538,2.184882
8.000000,1.800000,8.499475,9.127538,2.184882
1.900000,6.000000,6.600695,9.207980,0.727555
6.000000,1.900000,6.600695,9.207980,0.727555
1.700000,2.300000,3.088354,29.212498,12.899132
2.300000,1.700000,3.088354,29.212498,12.899132
1.800000,10.000000,10.463811,9.124970,2.186271
10.000000,1.800000,10.463811,9.124970,2.186271
2.150000,2.500000,3.569204,21.266119,3.305483
2.500000,2.150000,3.569204,21.266119,3.305483
2.000000,2.150000,3.180546,27.889293,6.618355
2.150000,2.000000,3.180546,27.889293,6.618355
1.700000,6.000000,6.514017,9.128325,4.779358
6.000000,1.700000,6.514017,9.128325,4.779358
2.150000,4.000000,4.858935,10.597428,0.728088
4.000000,2.150000,4.858935,10.597428,0.728088
2.800000,3.500000,4.847010,11.826078,5.048975
3.500000,2.800000,4.847010,11.826078,5.048975
1.700000,8.000000,8.462460,9.089733,4.768727
8.000000,1.700000,8.462460,9.089733,4.768727
2.150000,3.500000,4.414284,12.572902,1.576264
3.500000,2.150000,4.414284,12.572902,1.576264
2.000000,6.000000,6.645868,9.251837,0.049465
6.000000,2.000000,6.645868,9.251837,0.049465
1.800000,2.800000,3.581951,20.175066,6.793252
2.800000,1.800000,3.581951,20.175066,6.793252
2.000000,3.000000,3.883784,16.820658,3.157632
3.000000,2.000000,3.883784,16.820658,3.157632
1.700000,4.000000,4.609947,10.515024,5.557619
4.000000,1.700000,4.609947,10.515024,5.557619
1.900000,5.000000,5.648833,9.356228,0.804531
5.000000,1.900000,5.648833,9.356228,0.804531
1.600000,5.000000,5.508028,9.312487,9.066250
5.000000,1.600000,5.508028,9.312487,9.066250
2.300000,2.800000,3.920024,17.167640,2.715884
2.800000,2.300000,3.920024,17.167640,2.715884
1.900000,2.800000,3.646590,19.579989,4.853536
2.800000,1.900000,3.646590,19.579989,4.853536
1.700000,3.500000,4.148061,12.831913,6.638855
3.500000,1.700000,4.148061,12.831913,6.638855
2.150000,2.300000,3.410261,23.749482,3.970242
2.300000,2.150000,3.410261,23.749482,3.970242
2.800000,3.000000,4.444917,13.593538,4.395608
3.000000,2.800000,4.444917,13.593538,4.395608
