R1,R2,R3,ETriat,E,ENew
2.200020,4.006940,2.282033,15.614712,4.949580,4.949580
2.282033,4.006940,2.200020,15.614712,4.949580,4.949580
2.282033,4.185889,2.400014,14.300187,3.814524,3.814524
2.400014,4.185889,2.282033,14.300187,3.814524,3.814524
2.282033,4.366682,2.600019,13.128803,3.299185,3.299185
2.600019,4.366682,2.282033,13.128803,3.299185,3.299185
2.282033,4.549067,2.800013,12.010721,2.997675,2.997675
2.800013,4.549067,2.282033,12.010721,2.997675,2.997675
2.282033,4.732875,3.000007,10.566396,2.385764,2.385764
3.000007,4.732875,2.282033,10.566396,2.385764,2.385764
2.282033,4.917962,3.200013,9.212504,1.807937,1.807937
3.200013,4.917962,2.282033,9.212504,1.807937,1.807937
2.282033,5.104169,3.400022,8.215365,1.481969,1.481969
3.400022,5.104169,2.282033,8.215365,1.481969,1.481969
2.282033,5.291389,3.600027,7.401023,1.201403,1.201403
3.600027,5.291389,2.282033,7.401023,1.201403,1.201403
2.282033,5.479497,3.800021,6.703153,0.890309,0.890309
3.800021,5.479497,2.282033,6.703153,0.890309,0.890309
2.282033,5.668435,4.000026,6.182369,0.623663,0.623663
4.000026,5.668435,2.282033,6.182369,0.623663,0.623663
2.282033,5.858092,4.200020,5.834702,0.427267,0.427267
4.200020,5.858092,2.282033,5.834702,0.427267,0.427267
2.282033,6.048414,4.400014,5.616394,0.290886,0.290886
4.400014,6.048414,2.282033,5.616394,0.290886,0.290886
2.282033,6.239357,4.600019,5.480828,0.196353,0.196353
4.600019,6.239357,2.282033,5.480828,0.196353,0.196353
2.282033,6.430848,4.800028,5.396921,0.132391,0.132391
4.800028,6.430848,2.282033,5.396921,0.132391,0.132391
2.282033,6.622845,5.000034,5.343440,0.089417,0.089417
5.000034,6.622845,2.282033,5.343440,0.089417,0.089417
2.282033,6.815288,5.200027,5.307839,0.060666,0.060666
5.200027,6.815288,2.282033,5.307839,0.060666,0.060666
2.282033,7.008169,5.400033,5.283135,0.041499,0.041499
5.400033,7.008169,2.282033,5.283135,0.041499,0.041499
2.282033,7.201423,5.600027,5.265602,0.028881,0.028881
5.600027,7.201423,2.282033,5.265602,0.028881,0.028881
2.282033,7.395036,5.800021,5.252735,0.020381,0.020381
5.800021,7.395036,2.282033,5.252735,0.020381,0.020381
2.282033,7.588995,6.000026,5.243415,0.014831,0.014831
6.000026,7.588995,2.282033,5.243415,0.014831,0.014831
2.282033,8.075173,6.500037,5.229997,0.008239,0.008239
6.500037,8.075173,2.282033,5.229997,0.008239,0.008239
2.282033,8.562932,7.000033,5.224318,0.006548,0.006548
7.000033,8.562932,2.282033,5.224318,0.006548,0.006548
2.282033,9.052038,7.500045,5.221948,0.006505,0.006505
7.500045,9.052038,2.282033,5.221948,0.006505,0.006505
2.282033,9.542263,8.000041,5.221016,0.006982,0.006982
8.000041,9.542263,2.282033,5.221016,0.006982,0.006982
2.282033,10.033452,8.500037,5.220609,0.007459,0.007459
8.500037,10.033452,2.282033,5.220609,0.007459,0.007459
2.282033,10.525483,9.000048,5.220470,0.007892,0.007892
9.000048,10.525483,2.282033,5.220470,0.007892,0.007892
2.282033,11.018220,9.500044,5.220438,0.008239,0.008239
9.500044,11.018220,2.282033,5.220438,0.008239,0.008239
2.282033,11.511582,10.000041,5.220441,0.008499,0.008499
10.000041,11.511582,2.282033,5.220441,0.008499,0.008499
