R1,R2,R3,ETriat,E,ENew
1.511777,2.883619,1.511781,22.037623,47.634136,47.634136
1.511781,2.883619,1.511777,22.037623,47.634136,47.634136
1.511781,3.064382,1.700760,21.358179,36.149194,36.149194
1.700760,3.064382,1.511781,21.358179,36.149194,36.149194
1.511781,3.246064,1.889727,20.454549,30.524781,30.524781
1.889727,3.246064,1.511781,20.454549,30.524781,30.524781
1.511781,3.428544,2.078699,21.347359,29.793185,29.793185
2.078699,3.428544,1.511781,21.347359,29.793185,29.793185
1.511781,3.611682,2.267666,18.343469,26.693952,26.693952
2.267666,3.611682,1.511781,18.343469,26.693952,26.693952
1.511781,3.795408,2.456648,15.542705,24.493483,24.493483
2.456648,3.795408,1.511781,15.542705,24.493483,24.493483
1.511781,3.979610,2.645615,12.935001,22.740359,22.740359
2.645615,3.979610,1.511781,12.935001,22.740359,22.740359
1.511781,4.164248,2.834587,10.675547,21.377598,21.377598
2.834587,4.164248,1.511781,10.675547,21.377598,21.377598
1.511781,4.534595,3.212537,7.645224,19.957640,19.957640
3.212537,4.534595,1.511781,7.645224,19.957640,19.957640
1.511781,5.092193,3.779443,5.851569,19.702226,19.702226
3.779443,5.092193,1.511781,5.851569,19.702226,19.702226
1.511781,5.465001,4.157393,5.583058,19.848883,19.848883
4.157393,5.465001,1.511781,5.583058,19.848883,19.848883
1.511781,6.399659,5.102264,5.569477,20.021819,20.021819
5.102264,6.399659,1.511781,5.569477,20.021819,20.021819
1.511781,7.336925,6.047124,5.500517,19.977111,19.977111
6.047124,7.336925,1.511781,5.500517,19.977111,19.977111
1.889726,3.604526,1.889727,20.534432,14.719125,14.719125
1.889727,3.604526,1.889726,20.534432,14.719125,14.719125
1.889726,3.785183,2.078699,18.786102,11.109670,11.109670
2.078699,3.785183,1.889726,18.786102,11.109670,11.109670
1.889726,3.966603,2.267666,18.634635,10.631840,10.631840
2.267666,3.966603,1.889726,18.634635,10.631840,10.631840
1.889726,4.148715,2.456648,16.046450,8.446376,8.446376
2.456648,4.148715,1.889726,16.046450,8.446376,8.446376
1.889726,4.331398,2.645615,13.583167,6.688091,6.688091
2.645615,4.331398,1.889726,13.583167,6.688091,6.688091
1.889726,4.514609,2.834587,11.647421,5.548135,5.548135
2.834587,4.514609,1.889726,11.647421,5.548135,5.548135
1.889726,4.882346,3.212537,9.066439,4.484283,4.484283
3.212537,4.882346,1.889726,9.066439,4.484283,4.484283
1.889726,5.436562,3.779443,6.864550,3.796832,3.796832
3.779443,5.436562,1.889726,6.864550,3.796832,3.796832
1.889726,5.807411,4.157393,6.005491,3.351439,3.351439
4.157393,5.807411,1.889726,6.005491,3.351439,3.351439
1.889726,6.737988,5.102264,5.432390,2.961119,2.961119
5.102264,6.737988,1.889726,5.432390,2.961119,2.961119
1.889726,7.672051,6.047124,5.349091,2.900279,2.900279
6.047124,7.672051,1.889726,5.349091,2.900279,2.900279
2.267666,4.325428,2.267671,15.822068,5.279928,5.279928
2.267671,4.325428,2.267666,15.822068,5.279928,5.279928
2.267671,4.506022,2.456648,14.663379,4.419714,4.419714
2.456648,4.506022,2.267671,14.663379,4.419714,4.419714
2.267671,4.687261,2.645615,13.380019,3.777622,3.777622
2.645615,4.687261,2.267671,13.380019,3.777622,3.777622
2.267671,4.869098,2.834587,11.379016,2.537668,2.537668
2.834587,4.869098,2.267671,11.379016,2.537668,2.537668
2.267671,5.234285,3.212537,9.057014,1.709067,1.709067
3.212537,5.234285,2.267671,9.057014,1.709067,1.709067
2.267671,5.785124,3.779443,6.739890,0.902190,0.902190
3.779443,5.785124,2.267671,6.739890,0.902190,0.902190
2.267671,6.153983,4.157393,5.874585,0.449035,0.449035
4.157393,6.153983,2.267671,5.874585,0.449035,0.449035
2.267671,7.080326,5.102264,5.318519,0.072461,0.072461
5.102264,7.080326,2.267671,5.318519,0.072461,0.072461
2.267671,8.010990,6.047124,5.242232,0.017432,0.017432
6.047124,8.010990,2.267671,5.242232,0.017432,0.017432
2.645615,5.046335,2.645617,11.818345,3.102963,3.102963
2.645617,5.046335,2.645615,11.818345,3.102963,3.102963
2.645617,5.226875,2.834587,10.692284,2.730552,2.730552
2.834587,5.226875,2.645617,10.692284,2.730552,2.730552
2.645617,5.589621,3.212537,8.595172,2.123020,2.123020
3.212537,5.589621,2.645617,8.595172,2.123020,2.123020
2.645617,6.137166,3.779443,6.549586,1.585522,1.585522
3.779443,6.137166,2.645617,6.549586,1.585522,1.585522
2.645617,6.504050,4.157393,5.748613,1.195072,1.195072
4.157393,6.504050,2.645617,5.748613,1.195072,1.195072
2.645617,7.426118,5.102264,5.235991,0.859520,0.859520
5.102264,7.426118,2.645617,5.235991,0.859520,0.859520
2.645617,8.353276,6.047124,5.168528,0.812513,0.812513
6.047124,8.353276,2.645617,5.168528,0.812513,0.812513
3.023562,5.947745,3.212537,7.949151,2.997198,2.997198
3.212537,5.947745,3.023562,7.949151,2.997198,2.997198
3.023562,6.492121,3.779443,6.370356,2.924042,2.924042
3.779443,6.492121,3.023562,6.370356,2.924042,2.924042
3.023562,6.857078,4.157393,5.642710,2.605620,2.605620
4.157393,6.857078,3.023562,5.642710,2.605620,2.605620
3.023562,7.774904,5.102264,5.180759,2.319113,2.319113
5.102264,7.774904,3.023562,5.180759,2.319113,2.319113
3.023562,8.698516,6.047124,5.121688,2.279955,2.279955
6.047124,8.698516,3.023562,5.121688,2.279955,2.279955
3.779443,7.209046,3.779452,5.703403,4.477475,4.477475
3.779452,7.209046,3.779443,5.703403,4.477475,4.477475
3.779452,7.570354,4.157393,5.436361,4.618192,4.618192
4.157393,7.570354,3.779452,5.436361,4.618192,4.618192
3.779452,8.479976,5.102264,5.267362,4.622875,4.622875
5.102264,8.479976,3.779452,5.267362,4.622875,4.622875
3.779452,9.396550,6.047124,5.242621,4.617411,4.617411
6.047124,9.396550,3.779452,5.242621,4.617411,4.617411
4.535343,9.193128,5.102264,5.207462,5.102916,5.102916
5.102264,9.193128,4.535343,5.207462,5.102916,5.102916
4.535343,10.102914,6.047124,5.203680,5.118093,5.118093
6.047124,10.102914,4.535343,5.203680,5.118093,5.118093
5.291233,10.815975,6.047124,5.177508,5.135959,5.135959
6.047124,10.815975,5.291233,5.177508,5.135959,5.135959
