R1,R2,R3,ETriat,E,ENew
1.511788,1.511781,2.316189,34.238943,58.026650,58.026650
2.316189,1.511781,1.511788,34.238943,58.026650,58.026650
1.511781,1.700749,2.551270,30.130717,42.912131,42.912131
2.551270,1.700749,1.511781,30.130717,42.912131,42.912131
1.511781,1.474957,2.267672,38.211402,65.352237,65.352237
2.267672,1.474957,1.511781,38.211402,65.352237,65.352237
2.128418,1.511781,2.267671,37.786372,42.163016,42.163016
2.267671,1.511781,2.128418,37.786372,42.163016,42.163016
1.511781,1.621889,2.456642,32.617815,48.942779,48.942779
2.456642,1.621889,1.511781,32.617815,48.942779,48.942779
1.511781,1.776799,2.645610,28.643055,39.058796,39.058796
2.645610,1.776799,1.511781,28.643055,39.058796,39.058796
1.511781,1.937769,2.834592,24.673255,32.357782,32.357782
2.834592,1.937769,1.511781,24.673255,32.357782,32.357782
1.511781,2.834592,3.821737,11.459720,21.817050,21.817050
3.821737,2.834592,1.511781,11.459720,21.817050,21.817050
1.511781,2.272678,3.212542,19.723874,26.897590,26.897590
3.212542,2.272678,1.511781,19.723874,26.897590,26.897590
1.511781,2.795691,3.779460,11.972061,22.105205,22.105205
3.779460,2.795691,1.511781,11.972061,22.105205,22.105205
1.511781,3.779443,4.808757,5.783247,19.622783,19.622783
4.808757,3.779443,1.511781,5.783247,19.622783,19.622783
1.511781,3.152797,4.157397,8.335292,20.296574,20.296574
4.157397,3.152797,1.511781,8.335292,20.296574,20.296574
1.511781,4.062120,5.102265,5.953317,20.142848,20.142848
5.102265,4.062120,1.511781,5.953317,20.142848,20.142848
1.511781,4.984668,6.047120,5.605206,20.049789,20.049789
6.047120,4.984668,1.511781,5.605206,20.049789,20.049789
1.889731,1.889726,2.895234,25.156106,16.946826,16.946826
2.895234,1.889726,1.889731,25.156106,16.946826,16.946826
1.889726,1.368855,2.078705,41.084463,64.407506,64.407506
2.078705,1.368855,1.889726,41.084463,64.407506,64.407506
2.078691,1.889726,2.928606,23.716041,13.432598,13.432598
2.928606,1.889726,2.078691,23.716041,13.432598,13.432598
1.889726,1.465606,2.267672,38.322976,49.464709,49.464709
2.267672,1.465606,1.889726,38.322976,49.464709,49.464709
1.889726,1.579112,2.456642,32.079657,34.098982,34.098982
2.456642,1.579112,1.889726,32.079657,34.098982,34.098982
1.889726,1.706068,2.645610,28.116506,24.089547,24.089547
2.645610,1.706068,1.889726,28.116506,24.089547,24.089547
1.889726,1.843684,2.834592,25.799584,18.281877,18.281877
2.834592,1.843684,1.889726,25.799584,18.281877,18.281877
2.660516,1.889726,2.834588,20.667272,10.358560,10.358560
2.834588,1.889726,2.660516,20.667272,10.358560,10.358560
1.889726,2.142531,3.212542,20.815204,11.306673,11.306673
3.212542,2.142531,1.889726,20.815204,11.306673,11.306673
1.889726,2.629257,3.779460,15.187338,7.742403,7.742403
3.779460,2.629257,1.889726,15.187338,7.742403,7.742403
1.889726,2.969577,4.157397,11.053355,5.373898,5.373898
4.157397,2.969577,1.889726,11.053355,5.373898,5.373898
1.889726,3.851228,5.102265,6.692971,3.726105,3.726105
5.102265,3.851228,1.889726,6.692971,3.726105,3.726105
1.889726,4.757198,6.047120,5.532413,3.039478,3.039478
6.047120,4.757198,1.889726,5.532413,3.039478,3.039478
2.267671,1.551189,2.267672,35.460845,36.407384,36.407384
2.267672,1.551189,2.267671,35.460845,36.407384,36.407384
2.267673,2.267671,3.474278,16.326725,4.632111,4.632111
3.474278,2.267671,2.267673,16.326725,4.632111,4.632111
2.267671,1.625531,2.456642,31.461772,27.879787,27.879787
2.456642,1.625531,2.267671,31.461772,27.879787,27.879787
2.267671,1.717559,2.645610,27.846543,20.588848,20.588848
2.645610,1.717559,2.267671,27.846543,20.588848,20.588848
2.267671,1.824576,2.834592,24.323191,14.479452,14.479452
2.834592,1.824576,2.267671,24.323191,14.479452,14.479452
2.267671,2.074005,3.212542,19.001695,7.070649,7.070649
3.212542,2.074005,2.267671,19.001695,7.070649,7.070649
2.267671,2.509141,3.779460,14.000871,3.370779,3.370779
3.779460,2.509141,2.267671,14.000871,3.370779,3.370779
2.267671,2.825302,4.157397,11.848427,2.805398,2.805398
4.157397,2.825302,2.267671,11.848427,2.805398,2.805398
2.267671,3.667259,5.102265,7.180387,1.123131,1.123131
5.102265,3.667259,2.267671,7.180387,1.123131,1.123131
2.267671,4.549796,6.047120,5.516071,0.224192,0.224192
6.047120,4.549796,2.267671,5.516071,0.224192,0.224192
2.645610,1.809705,2.645617,23.660569,14.314017,14.314017
2.645617,1.809705,2.645610,23.660569,14.314017,14.314017
2.645617,2.645616,4.053322,11.107931,2.146827,2.146827
4.053322,2.645616,2.645617,11.107931,2.146827,2.146827
2.645617,1.882730,2.834592,20.811950,10.577115,10.577115
2.834592,1.882730,2.645617,20.811950,10.577115,10.577115
2.645617,2.073220,3.212542,17.156908,6.099336,6.099336
3.212542,2.073220,2.645617,17.156908,6.099336,6.099336
2.645617,2.442184,3.779460,12.516109,2.570234,2.570234
3.779460,2.442184,2.645617,12.516109,2.570234,2.570234
2.645617,2.726161,4.157397,10.675716,2.101512,2.101512
4.157397,2.726161,2.645617,10.675716,2.101512,2.101512
2.645617,3.514442,5.102265,7.534436,1.992147,1.992147
5.102265,3.514442,2.645617,7.534436,1.992147,1.992147
2.645617,4.365323,6.047120,5.565528,1.100364,1.100364
6.047120,4.365323,2.645617,5.565528,1.100364,1.100364
3.023562,2.140250,3.212542,13.985040,4.090884,4.090884
3.212542,2.140250,3.023562,13.985040,4.090884,4.090884
3.023562,2.432781,3.779460,11.056270,2.601890,2.601890
3.779460,2.432781,3.023562,11.056270,2.601890,2.601890
3.023562,2.677176,4.157397,9.498305,2.246435,2.246435
4.157397,2.677176,3.023562,9.498305,2.246435,2.246435
3.023562,3.396983,5.102265,7.203245,2.845033,2.845033
5.102265,3.396983,3.023562,7.203245,2.845033,2.845033
3.023562,4.206795,6.047120,5.666684,2.650155,2.650155
6.047120,4.206795,3.023562,5.666684,2.650155,2.650155
3.779452,2.585305,3.779460,7.723013,1.941238,1.941238
3.779460,2.585305,3.779452,7.723013,1.941238,1.941238
3.779462,3.779452,5.790468,5.492416,4.253066,4.253066
5.790468,3.779452,3.779462,5.492416,4.253066,4.253066
3.779452,2.737691,4.157397,7.000175,2.201726,2.201726
4.157397,2.737691,3.779452,7.000175,2.201726,2.201726
4.157400,3.779452,5.857226,5.346349,4.514681,4.514681
5.857226,3.779452,4.157400,5.346349,4.514681,4.514681
3.779452,3.282217,5.102265,6.094036,3.583957,3.583957
5.102265,3.282217,3.779452,6.094036,3.583957,3.583957
5.102259,3.779452,5.798287,5.299784,4.639180,4.639180
5.798287,3.779452,5.102259,5.299784,4.639180,4.639180
3.779452,3.979490,6.047120,5.394637,4.422186,4.422186
6.047120,3.979490,3.779452,5.394637,4.422186,4.422186
4.535343,3.339032,5.102265,5.538047,3.754769,3.754769
5.102265,3.339032,4.535343,5.538047,3.754769,3.754769
4.535343,5.102260,7.653808,5.219777,5.113236,5.113236
7.653808,5.102260,4.535343,5.219777,5.113236,5.113236
4.535343,3.888226,6.047120,5.274132,4.736229,4.736229
6.047120,3.888226,4.535343,5.274132,4.736229,4.736229
5.291233,3.942461,6.047120,5.218641,4.789740,4.789740
6.047120,3.942461,5.291233,5.218641,4.789740,4.789740
