R1,R2,R3,ETriat,E,ENew
1.511781,1.733438,1.700761,50.323939,69.479720,69.479720
1.700761,1.733438,1.511781,50.323939,69.479720,69.479720
1.511781,1.855220,1.889731,47.018752,57.332738,57.332738
1.889731,1.855220,1.511781,47.018752,57.332738,57.332738
1.511781,1.987534,2.078701,42.416680,48.414344,48.414344
2.078701,1.987534,1.511781,42.416680,48.414344,48.414344
1.511781,2.128418,2.267671,37.786372,42.163016,42.163016
2.267671,2.128418,1.511781,37.786372,42.163016,42.163016
1.511781,2.276281,2.456641,30.438634,34.763710,34.763710
2.456641,2.276281,1.511781,30.438634,34.763710,34.763710
1.511781,2.429846,2.645619,24.835815,29.965558,29.965558
2.645619,2.429846,1.511781,24.835815,29.965558,29.965558
1.511781,2.588104,2.834588,19.645401,25.997264,25.997264
2.834588,2.588104,1.511781,19.645401,25.997264,25.997264
1.511781,2.915614,3.212528,12.704835,21.827414,21.827414
3.212528,2.915614,1.511781,12.704835,21.827414,21.827414
1.511781,3.426422,3.779463,7.291464,19.762805,19.762805
3.779463,3.426422,1.511781,7.291464,19.762805,19.762805
1.511781,3.775858,4.157402,5.833394,19.506393,19.506393
4.157402,3.775858,1.511781,5.833394,19.506393,19.506393
1.511781,4.668918,5.102259,5.685867,20.093370,20.093370
5.102259,4.668918,1.511781,5.685867,20.093370,20.093370
1.511781,5.579068,6.047116,5.527203,19.985957,19.985957
6.047116,5.579068,1.511781,5.527203,19.985957,19.985957
1.597256,1.889723,1.889726,45.454609,48.835539,48.835539
1.889726,1.889723,1.597256,45.454609,48.835539,48.835539
1.889726,2.030700,1.889731,42.236792,33.090332,33.090332
1.889731,2.030700,1.889726,42.236792,33.090332,33.090332
1.889726,2.138184,2.078701,40.231399,28.207360,28.207360
2.078701,2.138184,1.889726,40.231399,28.207360,28.207360
1.889726,2.256399,2.267671,35.238403,22.392796,22.392796
2.267671,2.256399,1.889726,35.238403,22.392796,22.392796
1.889726,2.383750,2.456641,30.807865,18.300567,18.300567
2.456641,2.383750,1.889726,30.807865,18.300567,18.300567
1.889726,2.518845,2.645619,25.340517,13.786927,13.786927
2.645619,2.518845,1.889726,25.340517,13.786927,13.786927
1.889726,2.660516,2.834588,20.667272,10.358560,10.358560
2.834588,2.660516,1.889726,20.667272,10.358560,10.358560
1.889726,2.959753,3.212528,14.197900,6.573089,6.573089
3.212528,2.959753,1.889726,14.197900,6.573089,6.573089
1.889726,3.437817,3.779463,8.997109,4.575044,4.575044
3.779463,3.437817,1.889726,8.997109,4.575044,4.575044
1.889726,3.770224,4.157402,7.133940,3.871245,3.871245
4.157402,3.770224,1.889726,7.133940,3.871245,3.871245
1.889726,4.631894,5.102259,5.575103,3.052313,3.052313
5.102259,4.631894,1.889726,5.575103,3.052313,3.052313
1.889726,5.520852,6.047116,5.379942,2.911163,2.911163
6.047116,5.520852,1.889726,5.379942,2.911163,2.911163
1.916709,2.267671,2.267672,34.923558,21.609596,21.609596
2.267672,2.267671,1.916709,34.923558,21.609596,21.609596
2.267671,2.436841,2.267671,30.302647,14.877404,14.877404
2.267671,2.436841,2.267671,30.302647,14.877404,14.877404
2.267671,2.543375,2.456641,26.808337,11.939008,11.939008
2.456641,2.543375,2.267671,26.808337,11.939008,11.939008
2.267671,2.659077,2.645619,22.785943,8.946147,8.946147
2.645619,2.659077,2.267671,22.785943,8.946147,8.946147
2.267671,2.782821,2.834588,19.653876,7.050832,7.050832
2.834588,2.782821,2.267671,19.653876,7.050832,7.050832
2.267671,3.050435,3.212528,13.778953,3.739071,3.739071
3.212528,3.050435,2.267671,13.778953,3.739071,3.739071
2.267671,3.490343,3.779463,8.771956,1.719170,1.719170
3.779463,3.490343,2.267671,8.771956,1.719170,1.719170
2.267671,3.802337,4.157402,7.004427,1.016715,1.016715
4.157402,3.802337,2.267671,7.004427,1.016715,1.016715
2.267671,4.625557,5.102259,5.495082,0.194878,0.194878
5.102259,4.625557,2.267671,5.495082,0.194878,0.194878
2.267671,5.488106,6.047116,5.282250,0.036122,0.036122
6.047116,5.488106,2.267671,5.282250,0.036122,0.036122
2.236170,2.645610,2.645617,23.034577,9.165049,9.165049
2.645617,2.645610,2.236170,23.034577,9.165049,9.165049
2.645617,2.842972,2.645619,19.049267,6.810031,6.810031
2.645619,2.842972,2.645617,19.049267,6.810031,6.810031
2.645617,2.948817,2.834588,16.903468,5.844182,5.844182
2.834588,2.948817,2.645617,16.903468,5.844182,5.844182
2.645617,3.183686,3.212528,12.823444,4.158272,4.158272
3.212528,3.183686,2.645617,12.823444,4.158272,4.158272
2.645617,3.582190,3.779463,8.325719,2.372147,2.372147
3.779463,3.582190,2.645617,8.325719,2.372147,2.372147
2.645617,3.871257,4.157402,6.783497,1.763488,1.763488
4.157402,3.871257,2.645617,6.783497,1.763488,1.763488
2.645617,4.650032,5.102259,5.436038,1.006828,1.006828
5.102259,4.650032,2.645617,5.436038,1.006828,1.006828
2.645617,5.481285,6.047116,5.218603,0.840613,0.840613
6.047116,5.481285,2.645617,5.218603,0.840613,0.840613
3.023562,3.354436,3.212528,10.787678,4.220282,4.220282
3.212528,3.354436,3.023562,10.787678,4.220282,4.220282
3.023562,3.710440,3.779463,7.775328,3.605900,3.605900
3.779463,3.710440,3.023562,7.775328,3.605900,3.605900
3.023562,3.975069,4.157402,6.553232,3.169570,3.169570
4.157402,3.975069,3.023562,6.553232,3.169570,3.169570
3.023562,4.704838,5.102259,5.387943,2.477869,2.477869
5.102259,4.704838,3.023562,5.387943,2.477869,2.477869
3.023562,5.500486,6.047116,5.178206,2.314516,2.314516
6.047116,5.500486,3.023562,5.178206,2.314516,2.314516
3.194529,3.779452,3.779460,7.455398,4.058838,4.058838
3.779460,3.779452,3.194529,7.455398,4.058838,4.058838
3.779452,4.061400,3.779463,6.299248,4.804744,4.804744
3.779463,4.061400,3.779452,6.299248,4.804744,4.804744
3.779452,4.276368,4.157402,5.781084,4.822914,4.822914
4.157402,4.276368,3.779452,5.781084,4.822914,4.822914
3.779452,4.900813,5.102259,5.318273,4.636231,4.636231
5.102259,4.900813,3.779452,5.318273,4.636231,4.636231
3.779452,5.615526,6.047116,5.283385,4.638009,4.638009
6.047116,5.615526,3.779452,5.283385,4.638009,4.638009
4.535343,5.200305,5.102259,5.248915,5.115491,5.115491
5.102259,5.200305,4.535343,5.248915,5.115491,5.115491
4.535343,5.827148,6.047116,5.215688,5.113496,5.113496
6.047116,5.827148,4.535343,5.215688,5.113496,5.113496
5.291233,6.125351,6.047116,5.184676,5.130842,5.130842
6.047116,6.125351,5.291233,5.184676,5.130842,5.130842
