R1,R2,R3,ETriat,E,ENew
1.511788,1.511781,1.943512,45.598206,71.285879,71.285879
1.943512,1.511781,1.511788,45.598206,71.285879,71.285879
1.511781,1.477776,1.889723,47.306352,76.950447,76.950447
1.889723,1.477776,1.511781,47.306352,76.950447,76.950447
1.511781,1.602032,2.078705,41.663977,59.467770,59.467770
2.078705,1.602032,1.511781,41.663977,59.467770,59.467770
1.511781,1.737974,2.267672,38.301009,49.121959,49.121959
2.267672,1.737974,1.511781,38.301009,49.121959,49.121959
1.511781,1.883106,2.456642,32.150204,39.376872,39.376872
2.456642,1.883106,1.511781,32.150204,39.376872,39.376872
1.511781,2.035429,2.645610,26.863641,32.694592,32.694592
2.645610,2.035429,1.511781,26.863641,32.694592,32.694592
1.511781,2.193480,2.834592,23.428091,29.211109,29.211109
2.834592,2.193480,1.511781,23.428091,29.211109,29.211109
1.511781,2.522363,3.212542,17.854813,25.469393,25.469393
3.212542,2.522363,1.511781,17.854813,25.469393,25.469393
1.511781,3.037165,3.779460,9.647289,20.757405,20.757405
3.779460,3.037165,1.511781,9.647289,20.757405,20.757405
1.511781,3.389619,4.157397,7.093206,19.861502,19.861502
4.157397,3.389619,1.511781,7.093206,19.861502,19.861502
1.511781,4.289788,5.102265,5.884332,20.208588,20.208588
5.102265,4.289788,1.511781,5.884332,20.208588,20.208588
1.511781,5.205815,6.047120,5.571830,20.022600,20.022600
6.047120,5.205815,1.511781,5.571830,20.022600,20.022600
1.889723,1.597256,1.889726,45.454609,48.835539,48.835539
1.889726,1.597256,1.889723,45.454609,48.835539,48.835539
1.889731,1.889726,2.429386,32.950112,23.060733,23.060733
2.429386,1.889726,1.889731,32.950112,23.060733,23.060733
1.889726,1.790062,2.267672,37.691272,29.922801,29.922801
2.267672,1.790062,1.889726,37.691272,29.922801,29.922801
1.414402,1.889726,2.456648,32.197718,49.251098,49.251098
2.456648,1.889726,1.414402,32.197718,49.251098,49.251098
1.743803,1.889726,2.456647,31.960961,25.902080,25.902080
2.456647,1.889726,1.743803,31.960961,25.902080,25.902080
1.889726,1.907367,2.456642,32.259084,22.126583,22.126583
2.456642,1.907367,1.889726,32.259084,22.126583,22.126583
1.889726,2.035464,2.645610,27.950835,16.855111,16.855111
2.645610,2.035464,1.889726,27.950835,16.855111,16.855111
1.889726,2.172482,2.834592,24.409271,13.318854,13.318854
2.834592,2.172482,1.889726,24.409271,13.318854,13.318854
1.889726,2.467185,3.212542,18.975329,9.502726,9.502726
3.212542,2.467185,1.889726,18.975329,9.502726,9.502726
1.889726,2.945098,3.779460,11.826543,5.641628,5.641628
3.779460,2.945098,1.889726,11.826543,5.641628,5.641628
1.889726,3.279500,4.157397,9.039978,4.527084,4.527084
4.157397,3.279500,1.889726,9.039978,4.527084,4.527084
1.889726,4.148348,5.102265,6.048864,3.374335,3.374335
5.102265,4.148348,1.889726,6.048864,3.374335,3.374335
1.889726,5.044595,6.047120,5.450144,2.970268,2.970268
6.047120,5.044595,1.889726,5.450144,2.970268,2.970268
2.267671,1.916709,2.267672,34.923558,21.609596,21.609596
2.267672,1.916709,2.267671,34.923558,21.609596,21.609596
2.267673,2.267671,2.915260,21.003976,7.322985,7.322985
2.915260,2.267671,2.267673,21.003976,7.322985,7.322985
2.267671,2.003921,2.456642,30.932977,16.737161,16.737161
2.456642,2.003921,2.267671,30.932977,16.737161,16.737161
2.267671,2.456638,3.194739,17.253719,4.912504,4.912504
3.194739,2.456638,2.267671,17.253719,4.912504,4.912504
2.267671,2.104505,2.645610,25.856977,11.514083,11.514083
2.645610,2.104505,2.267671,25.856977,11.514083,11.514083
2.267671,2.216684,2.834592,22.312131,8.348590,8.348590
2.834592,2.216684,2.267671,22.312131,8.348590,8.348590
2.267671,2.469286,3.212542,17.050897,4.807259,4.807259
3.212542,2.469286,2.267671,17.050897,4.807259,4.807259
2.267671,2.899744,3.779460,12.121458,2.975516,2.975516
3.779460,2.899744,2.267671,12.121458,2.975516,2.975516
2.267671,3.210359,4.157397,9.505005,1.973891,1.973891
4.157397,3.210359,2.267671,9.505005,1.973891,1.973891
2.267671,4.037448,5.102265,6.139531,0.605146,0.605146
5.102265,4.037448,2.267671,6.139531,0.605146,0.605146
2.267671,5.102258,6.252187,5.331129,0.078836,0.078836
6.252187,5.102258,2.267671,5.331129,0.078836,0.078836
2.267671,4.907244,6.047120,5.374472,0.113050,0.113050
6.047120,4.907244,2.267671,5.374472,0.113050,0.113050
2.645610,2.236170,2.645617,23.034577,9.165049,9.165049
2.645617,2.236170,2.645610,23.034577,9.165049,9.165049
2.645617,2.645616,3.401135,13.374724,3.206516,3.206516
3.401135,2.645616,2.645617,13.374724,3.206516,3.206516
2.645617,2.322366,2.834592,20.378645,7.250827,7.250827
2.834592,2.322366,2.645617,20.378645,7.250827,7.250827
2.834592,2.645617,3.339505,13.145939,3.535260,3.535260
3.339505,2.645617,2.834592,13.145939,3.535260,3.535260
2.645617,2.528523,3.212542,15.203359,4.002551,4.002551
3.212542,2.528523,2.645617,15.203359,4.002551,4.002551
2.645617,2.903293,3.779460,10.764574,2.501372,2.501372
3.779460,2.903293,2.645617,10.764574,2.501372,2.501372
2.645617,3.184867,4.157397,9.080055,2.324924,2.324924
4.157397,3.184867,2.645617,9.080055,2.324924,2.324924
2.645617,3.959654,5.102265,6.208460,1.466704,1.466704
5.102265,3.959654,2.645617,6.208460,1.466704,1.466704
2.645617,4.795815,6.047120,5.335388,0.936578,0.936578
6.047120,4.795815,2.645617,5.335388,0.936578,0.936578
3.023562,2.641054,3.212542,13.472405,4.177699,4.177699
3.212542,2.641054,3.023562,13.472405,4.177699,4.177699
3.023562,2.955570,3.779460,9.452755,2.915716,2.915716
3.779460,2.955570,3.023562,9.452755,2.915716,2.915716
3.023562,3.204066,4.157397,8.006401,2.834842,2.834842
4.157397,3.204066,3.023562,8.006401,2.834842,2.834842
3.023562,3.916941,5.102265,6.235606,2.959297,2.959297
5.102265,3.916941,3.023562,6.235606,2.959297,2.959297
3.023562,4.712146,6.047120,5.321358,2.430472,2.430472
6.047120,4.712146,3.023562,5.321358,2.430472,2.430472
3.779452,3.194529,3.779460,7.455398,4.058838,4.058838
3.779460,3.194529,3.779452,7.455398,4.058838,4.058838
3.779462,3.779452,4.858772,5.578013,4.315423,4.315423
4.858772,3.779452,3.779462,5.578013,4.315423,4.315423
3.779452,3.371708,4.157397,6.474551,4.082992,4.082992
4.157397,3.371708,3.779452,6.474551,4.082992,4.082992
3.779452,3.940381,5.102265,5.455265,4.422229,4.422229
5.102265,3.940381,3.779452,5.455265,4.422229,4.422229
3.779452,4.633610,6.047120,5.303061,4.620577,4.620577
6.047120,4.633610,3.779452,5.303061,4.620577,4.620577
4.535343,4.105305,5.102265,5.289332,4.946545,4.946545
5.102265,4.105305,4.535343,5.289332,4.946545,4.946545
4.535343,4.677510,6.047120,5.260104,5.121519,5.121519
6.047120,4.677510,4.535343,5.260104,5.121519,5.121519
4.535343,6.047118,7.868775,5.208794,5.121302,5.121302
7.868775,6.047118,4.535343,5.208794,5.121302,5.121302
5.291233,4.840516,6.047120,5.213823,5.130712,5.130712
6.047120,4.840516,5.291233,5.213823,5.130712,5.130712
