R1,R2,R3,ETriat,E,ENew
1.511781,2.793418,1.511793,23.309263,48.536977,48.536977
1.511793,2.793418,1.511781,23.309263,48.536977,48.536977
1.511781,2.968885,1.700764,22.342049,36.753516,36.753516
1.700764,2.968885,1.511781,22.342049,36.753516,36.753516
1.511781,3.145917,1.889735,23.291995,32.999311,32.999311
1.889735,3.145917,1.511781,23.291995,32.999311,32.999311
1.511781,3.324264,2.078706,20.386099,28.510215,28.510215
2.078706,3.324264,1.511781,20.386099,28.510215,28.510215
1.511781,3.503725,2.267676,17.488883,25.576502,25.576502
2.267676,3.503725,1.511781,17.488883,25.576502,25.576502
1.511781,3.684136,2.456647,15.632138,24.385897,24.385897
2.456647,3.684136,1.511781,15.632138,24.385897,24.385897
1.511781,3.865366,2.645618,13.187038,22.857399,22.857399
2.645618,3.865366,1.511781,13.187038,22.857399,22.857399
1.511781,4.047304,2.834589,10.816341,21.433885,21.433885
2.834589,4.047304,1.511781,10.816341,21.433885,21.433885
1.511781,4.412954,3.212530,7.712165,19.999010,19.999010
3.212530,4.412954,1.511781,7.712165,19.999010,19.999010
1.511781,4.964881,3.779443,5.812490,19.659165,19.659165
3.779443,4.964881,1.511781,5.812490,19.659165,19.659165
1.511781,5.334579,4.157384,5.510069,19.773126,19.773126
4.157384,5.334579,1.511781,5.510069,19.773126,19.773126
1.511781,6.263157,5.102265,5.581027,20.031923,20.031923
5.102265,6.263157,1.511781,5.581027,20.031923,20.031923
1.511781,7.195954,6.047119,5.503729,19.979799,19.979799
6.047119,7.195954,1.511781,5.503729,19.979799,19.979799
1.889726,3.491767,1.889735,19.624772,13.530775,13.530775
1.889735,3.491767,1.889726,19.624772,13.530775,13.530775
1.889726,3.667066,2.078706,19.170399,11.279093,11.279093
2.078706,3.667066,1.889726,19.170399,11.279093,11.279093
1.889726,3.843661,2.267676,18.246460,10.092087,10.092087
2.267676,3.843661,1.889726,18.246460,10.092087,10.092087
1.889726,4.021382,2.456647,16.636878,8.939035,8.939035
2.456647,4.021382,1.889726,16.636878,8.939035,8.939035
1.889726,4.200085,2.645618,14.013391,7.060632,7.060632
2.645618,4.200085,1.889726,14.013391,7.060632,7.060632
1.889726,4.379649,2.834589,11.870222,5.739588,5.739588
2.834589,4.379649,1.889726,11.870222,5.739588,5.739588
1.889726,4.740973,3.212530,9.095211,4.504751,4.504751
3.212530,4.740973,1.889726,9.095211,4.504751,4.504751
1.889726,5.287317,3.779443,6.880301,3.809364,3.809364
3.779443,5.287317,1.889726,6.880301,3.809364,3.809364
1.889726,5.653797,4.157384,6.021624,3.364795,3.364795
4.157384,5.653797,1.889726,6.021624,3.364795,3.364795
1.889726,6.575702,5.102265,5.437226,2.964761,2.964761
5.102265,6.575702,1.889726,5.437226,2.964761,2.964761
1.889726,7.503299,6.047119,5.350362,2.901103,2.901103
6.047119,7.503299,1.889726,5.350362,2.901103,2.901103
2.267671,4.190115,2.267676,15.433747,4.830546,4.830546
2.267676,4.190115,2.267671,15.433747,4.830546,4.830546
2.267671,4.365300,2.456647,14.261402,3.983601,3.983601
2.456647,4.365300,2.267671,14.261402,3.983601,3.983601
2.267671,4.541591,2.645618,13.180817,3.560497,3.560497
2.645618,4.541591,2.267671,13.180817,3.560497,3.560497
2.267671,4.718863,2.834589,11.807034,2.956305,2.956305
2.834589,4.718863,2.267671,11.807034,2.956305,2.956305
2.267671,5.075941,3.212530,9.093586,1.741590,1.741590
3.212530,5.075941,2.267671,9.093586,1.741590,1.741590
2.267671,5.616679,3.779443,6.758551,0.917758,0.917758
3.779443,5.616679,2.267671,6.758551,0.917758,0.917758
2.267671,5.979865,4.157384,5.890620,0.462652,0.462652
4.157384,5.979865,2.267671,5.890620,0.462652,0.462652
2.267671,6.894800,5.102265,5.323576,0.076581,0.076581
5.102265,6.894800,2.267671,5.323576,0.076581,0.076581
2.267671,7.816836,6.047119,5.243774,0.018603,0.018603
6.047119,7.816836,2.267671,5.243774,0.018603,0.018603
2.645617,4.888463,2.645618,11.442547,2.721445,2.721445
2.645618,4.888463,2.645617,11.442547,2.721445,2.721445
2.645617,5.063566,2.834589,10.646312,2.680379,2.680379
2.834589,5.063566,2.645617,10.646312,2.680379,2.680379
2.645617,5.416568,3.212530,8.708932,2.233252,2.233252
3.212530,5.416568,2.645617,8.708932,2.233252,2.233252
2.645617,5.951818,3.779443,6.576840,1.610153,1.610153
3.779443,5.951818,2.645617,6.576840,1.610153,1.610153
2.645617,6.311723,4.157384,5.770787,1.215366,1.215366
4.157384,6.311723,2.645617,5.770787,1.215366,1.215366
2.645617,7.219581,5.102265,5.242871,0.865678,0.865678
5.102265,7.219581,2.645617,5.242871,0.865678,0.865678
2.645617,8.135849,6.047119,5.170653,0.814335,0.814335
6.047119,8.135849,2.645617,5.170653,0.814335,0.814335
3.023562,5.761852,3.212530,8.063051,3.107993,3.107993
3.212530,5.761852,3.023562,8.063051,3.107993,3.107993
3.023562,6.291810,3.779443,6.405300,2.956999,2.956999
3.779443,6.291810,3.023562,6.405300,2.956999,2.956999
3.023562,6.648503,4.157384,5.672235,2.633763,2.633763
4.157384,6.648503,3.023562,5.672235,2.633763,2.633763
3.023562,7.549313,5.102265,5.189465,2.327265,2.327265
5.102265,7.549313,3.023562,5.189465,2.327265,2.327265
3.023562,8.459718,6.047119,5.123972,2.281993,2.281993
6.047119,8.459718,3.023562,5.123972,2.281993,2.281993
3.779443,6.983508,3.779452,5.646263,4.419324,4.419324
3.779452,6.983508,3.779443,5.646263,4.419324,4.419324
3.779452,7.334107,4.157384,5.410895,4.592000,4.592000
4.157384,7.334107,3.779452,5.410895,4.592000,4.592000
3.779452,8.221237,5.102265,5.265868,4.621054,4.621054
5.102265,8.221237,3.779452,5.265868,4.621054,4.621054
3.779452,9.119949,6.047119,5.242649,4.617281,4.617281
6.047119,9.119949,3.779452,5.242649,4.617281,4.617281
4.535343,8.906631,5.102265,5.213382,5.108640,5.108640
5.102265,8.906631,4.535343,5.213382,5.108640,5.108640
4.535343,9.794022,6.047119,5.204953,5.119264,5.119264
6.047119,9.794022,4.535343,5.204953,5.119264,5.119264
5.291233,10.479265,6.047119,5.177618,5.136002,5.136002
6.047119,10.479265,5.291233,5.177618,5.136002,5.136002
