R1,R2,R3,ETriat,E,ENew
1.511781,1.614578,1.700749,51.187542,75.852250,75.852250
1.700749,1.614578,1.511781,51.187542,75.852250,75.852250
1.511781,1.731971,1.889734,47.893317,61.706659,61.706659
1.889734,1.731971,1.511781,47.893317,61.706659,61.706659
1.511781,1.861168,2.078702,42.644961,50.622965,50.622965
2.078702,1.861168,1.511781,42.644961,50.622965,50.622965
1.511781,1.999897,2.267671,39.142136,44.439806,44.439806
2.267671,1.999897,1.511781,39.142136,44.439806,44.439806
1.511781,2.146311,2.456639,31.854159,36.409639,36.409639
2.456639,2.146311,1.511781,31.854159,36.409639,36.409639
1.511781,2.298959,2.645624,25.785174,30.730067,30.730067
2.645624,2.298959,1.511781,25.785174,30.730067,30.730067
1.511781,2.456648,2.834592,21.779983,27.724153,27.724153
2.834592,2.456648,1.511781,21.779983,27.724153,27.724153
1.511781,2.783734,3.212529,14.022964,22.608532,22.608532
3.212529,2.783734,1.511781,14.022964,22.608532,22.608532
1.511781,3.294849,3.779451,7.931017,19.989686,19.989686
3.779451,3.294849,1.511781,7.931017,19.989686,19.989686
1.511781,3.644779,4.157404,6.153823,19.581023,19.581023
4.157404,3.644779,1.511781,6.153823,19.581023,19.581023
1.511781,4.539281,5.102263,5.745188,20.136127,20.136127
5.102263,4.539281,1.511781,5.745188,20.136127,20.136127
1.511781,5.450801,6.047121,5.539762,19.995931,19.995931
6.047121,5.450801,1.511781,5.539762,19.995931,19.995931
1.889734,1.889726,1.889734,43.754187,36.456775,36.456775
1.889734,1.889726,1.889734,43.754187,36.456775,36.456775
1.889726,2.104309,2.267671,37.135573,24.702151,24.702151
2.267671,2.104309,1.889726,37.135573,24.702151,24.702151
1.889726,2.227949,2.456639,31.365678,18.796826,18.796826
2.456639,2.227949,1.889726,31.365678,18.796826,18.796826
1.889726,2.360275,2.645624,26.542289,14.615441,14.615441
2.645624,2.360275,1.889726,26.542289,14.615441,14.615441
1.889726,2.499876,2.834592,22.735398,11.873225,11.873225
2.834592,2.499876,1.889726,22.735398,11.873225,11.873225
1.889726,2.796533,3.212529,15.609239,7.320253,7.320253
3.212529,2.796533,1.889726,15.609239,7.320253,7.320253
1.889726,3.273100,3.779451,9.693431,4.752187,4.752187
3.779451,3.273100,1.889726,9.693431,4.752187,4.752187
1.889726,3.605375,4.157404,7.738812,4.153545,4.153545
4.157404,3.605375,1.889726,7.738812,4.153545,4.153545
1.889726,4.467916,5.102263,5.680433,3.131670,3.131670
5.102263,4.467916,1.889726,5.680433,3.131670,3.131670
1.889726,5.358296,6.047121,5.397637,2.925473,2.925473
6.047121,5.358296,1.889726,5.397637,2.925473,2.925473
2.267671,2.267671,2.267671,32.225936,16.598743,16.598743
2.267671,2.267671,2.267671,32.225936,16.598743,16.598743
2.003921,2.267671,2.456642,30.932977,16.737161,16.737161
2.456642,2.267671,2.003921,30.932977,16.737161,16.737161
2.267671,2.367815,2.456639,29.229413,13.919577,13.919577
2.456639,2.367815,2.267671,29.229413,13.919577,13.919577
2.267671,2.478360,2.645624,24.657797,10.208216,10.208216
2.645624,2.478360,2.267671,24.657797,10.208216,10.208216
2.267671,2.597947,2.834592,20.686804,7.370469,7.370469
2.834592,2.597947,2.267671,20.686804,7.370469,7.370469
2.267671,2.859669,3.212529,15.279442,4.470840,4.470840
3.212529,2.859669,2.267671,15.279442,4.470840,4.470840
2.267671,3.294849,3.779451,9.653497,2.009103,2.009103
3.779451,3.294849,2.267671,9.653497,2.009103,2.009103
2.267671,3.605375,4.157404,7.697307,1.335355,1.335355
4.157404,3.605375,2.267671,7.697307,1.335355,1.335355
2.267671,4.427773,5.102263,5.621658,0.286984,0.286984
5.102263,4.427773,2.267671,5.621658,0.286984,0.286984
2.267671,5.291231,6.047121,5.303617,0.053294,0.053294
6.047121,5.291231,2.267671,5.303617,0.053294,0.053294
2.645624,2.645617,2.645624,21.439021,8.416715,8.416715
2.645624,2.645617,2.645624,21.439021,8.416715,8.416715
2.645617,2.744989,2.834592,18.679616,6.792772,6.792772
2.834592,2.744989,2.645617,18.679616,6.792772,6.792772
2.645617,2.969932,3.212529,13.688195,4.196042,4.196042
3.212529,2.969932,2.645617,13.688195,4.196042,4.196042
2.645617,3.359249,3.779451,9.021214,2.454235,2.454235
3.779451,3.359249,2.645617,9.021214,2.454235,2.454235
2.645617,3.644779,4.157404,7.401772,1.994186,1.994186
4.157404,3.644779,2.645617,7.401772,1.994186,1.994186
2.645617,4.419700,5.102263,5.572734,1.104311,1.104311
5.102263,4.419700,2.645617,5.572734,1.104311,1.104311
2.645617,5.250580,6.047121,5.243094,0.860127,0.860127
6.047121,5.250580,2.645617,5.243094,0.860127,0.860127
3.023562,3.122335,3.212529,12.203826,4.823911,4.823911
3.212529,3.122335,3.023562,12.203826,4.823911,4.823911
3.023562,3.463924,3.779451,8.293358,3.550567,3.550567
3.779451,3.463924,3.023562,8.293358,3.550567,3.550567
3.023562,3.722336,4.157404,6.940161,3.199318,3.199318
4.157404,3.722336,3.023562,6.940161,3.199318,3.199318
3.023562,4.443874,5.102263,5.523453,2.574831,2.574831
5.102263,4.443874,3.023562,5.523453,2.574831,2.574831
3.023562,5.236960,6.047121,5.205658,2.336285,2.336285
6.047121,5.236960,3.023562,5.205658,2.336285,2.336285
3.779451,3.779451,3.779452,6.857641,5.025120,5.025120
3.779452,3.779451,3.779451,6.857641,5.025120,5.025120
3.779452,3.981907,4.157404,5.974861,4.814241,4.814241
4.157404,3.981907,3.779452,5.974861,4.814241,4.814241
3.779452,4.586240,5.102263,5.339855,4.632935,4.632935
5.102263,4.586240,3.779452,5.339855,4.632935,4.632935
3.779452,5.102259,5.798287,5.299784,4.639180,4.639180
5.798287,5.102259,3.779452,5.299784,4.639180,4.639180
3.779452,5.291231,6.047121,5.287807,4.635711,4.635711
6.047121,5.291231,3.779452,5.287807,4.635711,4.635711
4.535343,4.843751,5.102263,5.272762,5.127373,5.127373
5.102263,4.843751,4.535343,5.272762,5.127373,5.127373
4.535343,5.450801,6.047121,5.227198,5.117876,5.117876
6.047121,5.450801,4.535343,5.227198,5.117876,5.117876
5.291233,5.706846,6.047121,5.192841,5.132403,5.132403
6.047121,5.706846,5.291233,5.192841,5.132403,5.132403
