R1,R2,R3,ETriat,E,ENew
1.511781,2.229203,1.511788,36.415198,60.222566,60.222566
1.511788,2.229203,1.511781,36.415198,60.222566,60.222566
1.511781,2.371973,1.700762,33.710423,46.031182,46.031182
1.700762,2.371973,1.511781,33.710423,46.031182,46.031182
1.511781,2.520818,1.889718,30.621524,37.908996,37.908996
1.889718,2.520818,1.511781,30.621524,37.908996,37.908996
1.511781,2.674735,2.078691,26.146253,31.767684,31.767684
2.078691,2.674735,1.511781,26.146253,31.767684,31.767684
1.511781,2.832911,2.267665,23.047250,28.733496,28.733496
2.267665,2.832911,1.511781,23.047250,28.733496,28.733496
1.511781,2.994647,2.456638,19.967772,26.561648,26.561648
2.456638,2.994647,1.511781,19.967772,26.561648,26.561648
1.511781,3.159419,2.645612,16.136122,23.985516,23.985516
2.645612,3.159419,1.511781,16.136122,23.985516,23.985516
1.511781,3.326756,2.834585,12.848227,22.031139,22.031139
2.834585,3.326756,1.511781,12.848227,22.031139,22.031139
1.511781,3.667749,3.212532,8.628459,20.197487,20.197487
3.212532,3.667749,1.511781,8.628459,20.197487,20.197487
1.511781,4.191146,3.779453,5.813800,19.512464,19.512464
3.779453,4.191146,1.511781,5.813800,19.512464,19.512464
1.511781,4.545878,4.157400,5.395648,19.615584,19.615584
4.157400,4.545878,1.511781,5.395648,19.615584,19.615584
1.511781,5.446391,5.102269,5.577201,20.014707,20.014707
5.102269,5.446391,1.511781,5.577201,20.014707,20.014707
1.511781,6.359770,6.047118,5.501611,19.972124,19.972124
6.047118,6.359770,1.511781,5.501611,19.972124,19.972124
1.889718,2.786504,1.889726,26.494050,17.842209,17.842209
1.889726,2.786504,1.889718,26.494050,17.842209,17.842209
1.889726,2.928606,2.078691,23.716041,13.432598,13.432598
2.078691,2.928606,1.889726,23.716041,13.432598,13.432598
1.889726,3.075771,2.267665,21.196967,10.933655,10.933655
2.267665,3.075771,1.889726,21.196967,10.933655,10.933655
1.414402,2.456648,1.889726,32.197718,49.251098,49.251098
1.889726,2.456648,1.414402,32.197718,49.251098,49.251098
1.889726,3.227280,2.456638,18.922637,9.474799,9.474799
2.456638,3.227280,1.889726,18.922637,9.474799,9.474799
1.889726,3.382575,2.645612,16.423734,8.107615,8.107615
2.645612,3.382575,1.889726,16.423734,8.107615,8.107615
1.889726,3.541133,2.834585,13.525253,6.399676,6.399676
2.834585,3.541133,1.889726,13.525253,6.399676,6.399676
1.889726,3.866472,3.212532,9.798507,4.774779,4.774779
3.212532,3.866472,1.889726,9.798507,4.774779,4.774779
1.889726,4.370386,3.779453,7.003780,3.851384,3.851384
3.779453,4.370386,1.889726,7.003780,3.851384,3.851384
1.889726,4.714284,4.157400,6.037023,3.350181,3.350181
4.157400,4.714284,1.889726,6.037023,3.350181,3.350181
1.889726,5.593290,5.102269,5.431815,2.945898,2.945898
5.102269,5.593290,1.889726,5.431815,2.945898,2.945898
1.889726,6.490812,6.047118,5.348950,2.894338,2.894338
6.047118,6.490812,1.889726,5.348950,2.894338,2.894338
2.267665,3.343805,2.267671,17.047611,4.965191,4.965191
2.267671,3.343805,2.267665,17.047611,4.965191,4.965191
2.267671,3.485462,2.456638,15.318670,3.905546,3.905546
2.456638,3.485462,2.267671,15.318670,3.905546,3.905546
2.267671,3.631443,2.645612,13.806901,3.366009,3.366009
2.645612,3.631443,2.267671,13.806901,3.366009,3.366009
2.267671,3.781221,2.834585,12.438435,3.029547,3.029547
2.834585,3.781221,2.267671,12.438435,3.029547,3.029547
2.267671,4.090539,3.212532,9.553313,1.984299,1.984299
3.212532,4.090539,2.267671,9.553313,1.984299,1.984299
2.267671,4.573897,3.779453,6.869112,0.983628,0.983628
3.779453,4.573897,2.267671,6.869112,0.983628,0.983628
2.267671,4.906081,4.157400,5.941684,0.489581,0.489581
4.157400,4.906081,2.267671,5.941684,0.489581,0.489581
2.267671,5.761276,5.102269,5.334193,0.074716,0.074716
5.102269,5.761276,2.267671,5.334193,0.074716,0.074716
2.267671,6.640806,6.047118,5.246032,0.015958,0.015958
6.047118,6.640806,2.267671,5.246032,0.015958,0.015958
2.645612,3.901106,2.645617,11.361164,2.243052,2.243052
2.645617,3.901106,2.645612,11.361164,2.243052,2.243052
2.645617,4.042440,2.834585,10.400472,2.179047,2.179047
2.834585,4.042440,2.645617,10.400472,2.179047,2.179047
2.645617,4.336023,3.212532,8.814518,2.243443,2.243443
3.212532,4.336023,2.645617,8.814518,2.243443,2.243443
2.645617,4.798591,3.779453,6.700004,1.704166,1.704166
3.779453,4.798591,2.645617,6.700004,1.704166,1.704166
2.645617,5.118639,4.157400,5.854254,1.277420,1.277420
4.157400,5.118639,2.645617,5.854254,1.277420,1.277420
2.645617,5.948562,5.102269,5.266912,0.878817,0.878817
5.102269,5.948562,2.645617,5.266912,0.878817,0.878817
2.645617,6.808498,6.047118,5.177288,0.816633,0.816633
6.047118,6.808498,2.645617,5.177288,0.816633,0.816633
3.023562,4.599497,3.212532,7.662187,2.663207,2.663207
3.212532,4.599497,3.023562,7.662187,2.663207,2.663207
3.023562,5.041637,3.779453,6.502205,3.030545,3.030545
3.779453,5.041637,3.023562,6.502205,3.030545,3.030545
3.023562,5.349485,4.157400,5.779711,2.722226,2.722226
4.157400,5.349485,3.023562,5.779711,2.722226,2.722226
3.023562,6.153387,5.102269,5.222333,2.351029,2.351029
5.102269,6.153387,3.023562,5.222333,2.351029,2.351029
3.023562,6.992615,6.047118,5.133393,2.287674,2.287674
6.047118,6.992615,3.023562,5.133393,2.287674,2.287674
3.779452,5.573008,3.779453,5.492518,4.249120,4.249120
3.779453,5.573008,3.779452,5.492518,4.249120,4.249120
3.779452,5.857226,4.157400,5.346349,4.514681,4.514681
4.157400,5.857226,3.779452,5.346349,4.514681,4.514681
3.779452,6.608992,5.102269,5.264820,4.614159,4.614159
5.102269,6.608992,3.779452,5.264820,4.614159,4.614159
3.779452,7.405118,6.047118,5.246426,4.618408,4.618408
6.047118,7.405118,3.779452,5.246426,4.618408,4.618408
4.535343,7.115906,5.102269,5.222039,5.113713,5.113713
5.102269,7.115906,4.535343,5.222039,5.113713,5.113713
4.535343,7.868775,6.047118,5.208794,5.121302,5.121302
6.047118,7.868775,4.535343,5.208794,5.121302,5.121302
5.291233,8.375095,6.047118,5.178082,5.135265,5.135265
6.047118,8.375095,5.291233,5.178082,5.135265,5.135265
