R1,R2,R3,ETriat,E,ENew
3.000000,5.000000,6.261745,10.110458,5.878475,5.878475
5.000000,3.000000,6.261745,10.110458,5.878475,5.878475
1.600000,8.000000,8.426470,9.955805,8.961701,8.961701
8.000000,1.600000,8.426470,9.955805,8.961701,8.961701
1.800000,2.300000,3.157183,29.380705,9.359545,9.359545
2.300000,1.800000,3.157183,29.380705,9.359545,9.359545
1.800000,2.150000,3.034228,32.284690,10.894251,10.894251
2.150000,1.800000,3.034228,32.284690,10.894251,10.894251
1.800000,3.000000,3.757047,18.700062,5.853842,5.853842
3.000000,1.800000,3.757047,18.700062,5.853842,5.853842
1.700000,3.000000,3.696108,19.058133,8.635899,8.635899
3.000000,1.700000,3.696108,19.058133,8.635899,8.635899
1.600000,3.000000,3.636897,19.350855,12.945133,12.945133
3.000000,1.600000,3.636897,19.350855,12.945133,12.945133
2.000000,2.500000,3.462150,23.810107,4.435376,4.435376
2.500000,2.000000,3.462150,23.810107,4.435376,4.435376
1.600000,3.500000,4.093270,14.027319,10.790223,10.790223
3.500000,1.600000,4.093270,14.027319,10.790223,10.790223
1.700000,10.000000,10.430438,9.920270,4.770191,4.770191
10.000000,1.700000,10.430438,9.920270,4.770191,4.770191
1.600000,10.000000,10.397920,9.953136,8.963581,8.963581
10.000000,1.600000,10.397920,9.953136,8.963581,8.963581
1.800000,4.000000,4.662675,11.503640,2.966047,2.966047
4.000000,1.800000,4.662675,11.503640,2.966047,2.966047
1.900000,3.500000,4.262572,13.719207,2.484175,2.484175
3.500000,1.900000,4.262572,13.719207,2.484175,2.484175
1.900000,2.500000,3.392589,24.936822,5.951023,5.951023
2.500000,1.900000,3.392589,24.936822,5.951023,5.951023
2.500000,3.000000,4.225485,15.533993,3.255814,3.255814
3.000000,2.500000,4.225485,15.533993,3.255814,3.255814
1.900000,4.000000,4.716933,11.435960,1.486652,1.486652
4.000000,1.900000,4.716933,11.435960,1.486652,1.486652
1.900000,2.000000,2.988265,33.630765,10.539113,10.539113
2.000000,1.900000,2.988265,33.630765,10.539113,10.539113
1.800000,3.500000,4.204517,13.860298,4.009044,4.009044
3.500000,1.800000,4.204517,13.860298,4.009044,4.009044
2.000000,2.800000,3.712797,20.056889,3.672571,3.672571
2.800000,2.000000,3.712797,20.056889,3.672571,3.672571
1.700000,5.000000,5.553559,10.187623,4.884305,4.884305
5.000000,1.700000,5.553559,10.187623,4.884305,4.884305
1.800000,5.000000,5.600506,10.052724,2.196044,2.196044
5.000000,1.800000,5.600506,10.052724,2.196044,2.196044
1.900000,2.300000,3.227644,28.152604,7.065137,7.065137
2.300000,1.900000,3.227644,28.152604,7.065137,7.065137
1.700000,2.800000,3.518967,22.191651,9.918334,9.918334
2.800000,1.700000,3.518967,22.191651,9.918334,9.918334
1.900000,8.000000,8.537500,9.856120,0.716780,0.716780
8.000000,1.900000,8.537500,9.856120,0.716780,0.716780
1.600000,6.000000,6.472561,9.720355,8.689167,8.689167
6.000000,1.600000,6.472561,9.720355,8.689167,8.689167
1.900000,3.000000,3.819632,18.307696,4.153195,4.153195
3.000000,1.900000,3.819632,18.307696,4.153195,4.153195
1.900000,2.150000,3.106639,30.796989,8.405440,8.405440
2.150000,1.900000,3.106639,30.796989,8.405440,8.405440
2.000000,3.500000,4.322161,13.577873,1.738254,1.738254
3.500000,2.000000,4.322161,13.577873,1.738254,1.738254
1.900000,10.000000,10.498030,9.853184,0.718222,0.718222
10.000000,1.900000,10.498030,9.853184,0.718222,0.718222
2.000000,2.300000,3.299631,26.751565,5.356366,5.356366
2.300000,2.000000,3.299631,26.751565,5.356366,5.356366
2.300000,4.000000,4.948245,11.252155,1.360261,1.360261
4.000000,2.300000,4.948245,11.252155,1.360261,1.360261
1.800000,2.500000,3.324580,26.038651,8.202703,8.202703
2.500000,1.800000,3.324580,26.038651,8.202703,8.202703
2.000000,5.000000,5.698505,10.079316,0.153796,0.153796
5.000000,2.000000,5.698505,10.079316,0.153796,0.153796
2.500000,2.800000,4.064612,16.871621,3.074029,3.074029
2.800000,2.500000,4.064612,16.871621,3.074029,3.074029
1.700000,2.500000,3.258222,26.944708,11.365273,11.365273
2.500000,1.700000,3.258222,26.944708,11.365273,11.365273
2.300000,3.000000,4.084892,16.446461,2.664449,2.664449
3.000000,2.300000,4.084892,16.446461,2.664449,2.664449
1.800000,6.000000,6.556737,9.942138,2.195574,2.195574
6.000000,1.800000,6.556737,9.942138,2.195574,2.195574
2.150000,3.000000,3.982783,17.147607,2.583713,2.583713
3.000000,2.150000,3.982783,17.147607,2.583713,2.583713
2.300000,2.500000,3.679260,20.947276,2.851106,2.851106
2.500000,2.300000,3.679260,20.947276,2.851106,2.851106
1.600000,4.000000,4.558804,11.577638,9.718924,9.718924
4.000000,1.600000,4.558804,11.577638,9.718924,9.718924
2.150000,10.000000,10.587227,9.797575,0.002086,0.002086
10.000000,2.150000,10.587227,9.797575,0.002086,0.002086
2.500000,3.500000,4.640996,12.897163,3.232726,3.232726
3.500000,2.500000,4.640996,12.897163,3.232726,3.232726
1.800000,2.000000,2.913806,35.520453,13.366394,13.366394
2.000000,1.800000,2.913806,35.520453,13.366394,13.366394
2.150000,2.800000,3.814869,19.040234,2.847037,2.847037
2.800000,2.150000,3.814869,19.040234,2.847037,2.847037
2.300000,3.500000,4.509516,13.180606,2.089065,2.089065
3.500000,2.300000,4.509516,13.180606,2.089065,2.089065
1.800000,8.000000,8.499475,9.895609,2.184882,2.184882
8.000000,1.800000,8.499475,9.895609,2.184882,2.184882
1.900000,6.000000,6.600695,9.902130,0.727555,0.727555
6.000000,1.900000,6.600695,9.902130,0.727555,0.727555
1.700000,2.300000,3.088354,30.748269,12.899132,12.899132
2.300000,1.700000,3.088354,30.748269,12.899132,12.899132
1.800000,10.000000,10.463811,9.892563,2.186271,2.186271
10.000000,1.800000,10.463811,9.892563,2.186271,2.186271
2.150000,2.500000,3.569204,22.353850,3.305483,3.305483
2.500000,2.150000,3.569204,22.353850,3.305483,3.305483
2.000000,2.150000,3.180546,29.252463,6.618355,6.618355
2.150000,2.000000,3.180546,29.252463,6.618355,6.618355
1.700000,6.000000,6.514017,9.970383,4.779358,4.779358
6.000000,1.700000,6.514017,9.970383,4.779358,4.779358
2.150000,4.000000,4.858935,11.301044,0.728088,0.728088
4.000000,2.150000,4.858935,11.301044,0.728088,0.728088
2.800000,3.500000,4.847010,12.372908,5.048975,5.048975
3.500000,2.800000,4.847010,12.372908,5.048975,5.048975
1.700000,8.000000,8.462460,9.923298,4.768727,4.768727
8.000000,1.700000,8.462460,9.923298,4.768727,4.768727
2.150000,3.500000,4.414284,13.376750,1.576264,1.576264
3.500000,2.150000,4.414284,13.376750,1.576264,1.576264
2.000000,6.000000,6.645868,9.868842,0.049465,0.049465
6.000000,2.000000,6.645868,9.868842,0.049465,0.049465
1.800000,2.800000,3.581951,21.433711,6.793252,6.793252
2.800000,1.800000,3.581951,21.433711,6.793252,6.793252
2.000000,3.000000,3.883784,17.848811,3.157632,3.157632
3.000000,2.000000,3.883784,17.848811,3.157632,3.157632
1.700000,4.000000,4.609947,11.557263,5.557619,5.557619
4.000000,1.700000,4.609947,11.557263,5.557619,5.557619
1.900000,5.000000,5.648833,10.087173,0.804531,0.804531
5.000000,1.900000,5.648833,10.087173,0.804531,0.804531
1.600000,5.000000,5.508028,10.212039,9.066250,9.066250
5.000000,1.600000,5.508028,10.212039,9.066250,9.066250
2.300000,2.800000,3.920024,18.073709,2.715884,2.715884
2.800000,2.300000,3.920024,18.073709,2.715884,2.715884
1.900000,2.800000,3.646590,20.749513,4.853536,4.853536
2.800000,1.900000,3.646590,20.749513,4.853536,4.853536
1.700000,3.500000,4.148061,13.983008,6.638855,6.638855
3.500000,1.700000,4.148061,13.983008,6.638855,6.638855
2.150000,2.300000,3.410261,24.924395,3.970242,3.970242
2.300000,2.150000,3.410261,24.924395,3.970242,3.970242
2.800000,3.000000,4.444917,14.252623,4.395608,4.395608
3.000000,2.800000,4.444917,14.252623,4.395608,4.395608
