R1,R2,R3,ETriat,E,ENew
1.511781,2.042701,1.511788,46.538150,71.143081,71.143081
1.511788,2.042701,1.511781,46.538150,71.143081,71.143081
1.511781,2.174831,1.700762,42.794004,55.178322,55.178322
1.700762,2.174831,1.511781,42.794004,55.178322,55.178322
1.511781,2.314845,1.889718,38.908148,45.769393,45.769393
1.889718,2.314845,1.511781,38.908148,45.769393,45.769393
1.511781,2.461435,2.078691,34.926925,39.832932,39.832932
2.078691,2.461435,1.511781,34.926925,39.832932,39.832932
1.511781,2.613463,2.267665,30.587365,35.412698,35.412698
2.267665,2.613463,1.511781,30.587365,35.412698,35.412698
1.511781,2.770052,2.456638,25.638495,31.320816,31.320816
2.456638,2.770052,1.511781,25.638495,31.320816,31.320816
1.511781,2.930454,2.645612,20.920018,27.872112,27.872112
2.645612,2.930454,1.511781,20.920018,27.872112,27.872112
1.511781,3.094091,2.834585,17.037317,25.388432,25.388432
2.834585,3.094091,1.511781,17.037317,25.388432,25.388432
1.511781,3.429184,3.212532,11.542504,22.522714,22.522714
3.212532,3.429184,1.511781,11.542504,22.522714,22.522714
1.511781,3.946364,3.779453,7.194475,20.694353,20.694353
3.779453,3.946364,1.511781,7.194475,20.694353,20.694353
1.511781,4.298129,4.157400,6.079229,20.234737,20.234737
4.157400,4.298129,1.511781,6.079229,20.234737,20.234737
1.511781,5.193657,5.102269,5.449110,19.881016,19.881016
5.102269,5.193657,1.511781,5.449110,19.881016,19.881016
1.511781,6.104062,6.047118,5.378826,19.846325,19.846325
6.047118,6.104062,1.511781,5.378826,19.846325,19.846325
1.889718,2.553349,1.889726,33.098022,23.564060,23.564060
1.889726,2.553349,1.889718,33.098022,23.564060,23.564060
1.889726,2.684642,2.078691,30.358471,19.091746,19.091746
2.078691,2.684642,1.889726,30.358471,19.091746,19.091746
1.889726,2.822477,2.267665,27.413998,16.131364,16.131364
2.267665,2.822477,1.889726,27.413998,16.131364,16.131364
1.743803,2.456647,1.889726,35.324151,29.265271,29.265271
1.889726,2.456647,1.743803,35.324151,29.265271,29.265271
1.889726,2.965962,2.456638,22.814395,12.366622,12.366622
2.456638,2.965962,1.889726,22.814395,12.366622,12.366622
1.889726,3.114297,2.645612,18.755588,9.508796,9.508796
2.645612,3.114297,1.889726,18.755588,9.508796,9.508796
1.889726,3.266840,2.834585,15.405793,7.462097,7.462097
2.834585,3.266840,1.889726,15.405793,7.462097,7.462097
1.889726,3.582352,3.212532,10.705101,5.161154,5.161154
3.212532,3.582352,1.889726,10.705101,5.161154,5.161154
1.889726,4.075584,3.779453,6.898616,3.593931,3.593931
3.779453,4.075584,1.889726,6.898616,3.593931,3.593931
1.889726,4.414251,4.157400,5.913239,3.179760,3.179760
4.157400,4.414251,1.889726,5.913239,3.179760,3.179760
1.889726,5.284271,5.102269,5.387178,2.894815,2.894815
5.102269,5.284271,1.889726,5.387178,2.894815,2.894815
1.889726,6.176307,6.047118,5.329300,2.871355,2.871355
6.047118,6.176307,1.889726,5.329300,2.871355,2.871355
2.267665,3.064024,2.267671,23.701796,10.616056,10.616056
2.267671,3.064024,2.267665,23.701796,10.616056,10.616056
2.267671,3.194739,2.456638,20.052265,7.711050,7.711050
2.456638,3.194739,2.267671,20.052265,7.711050,7.711050
2.267671,3.331038,2.645612,16.767954,5.512750,5.512750
2.645612,3.331038,2.267671,16.767954,5.512750,5.512750
2.267671,3.472287,2.834585,13.938863,3.855980,3.855980
2.834585,3.472287,2.267671,13.938863,3.855980,3.855980
2.267671,3.767344,3.212532,9.843611,1.893711,1.893711
3.212532,3.767344,2.267671,9.843611,1.893711,1.893711
2.267671,4.234698,3.779453,6.585335,0.603542,0.603542
3.779453,4.234698,2.267671,6.585335,0.603542,0.603542
2.267671,4.558837,4.157400,5.728863,0.247739,0.247739
4.157400,4.558837,2.267671,5.728863,0.247739,0.247739
2.267671,5.399875,5.102269,5.270044,0.003512,0.003512
5.102269,5.399875,2.267671,5.270044,0.003512,0.003512
2.267671,6.270538,6.047118,5.225403,-0.008109,-0.008109
6.047118,6.270538,2.267671,5.225403,-0.008109,-0.008109
2.645612,3.574699,2.645617,14.361819,4.660602,4.660602
2.645617,3.574699,2.645612,14.361819,4.660602,4.660602
2.645617,3.704995,2.834585,12.159677,3.485044,3.485044
2.834585,3.704995,2.645617,12.159677,3.485044,3.485044
2.645617,3.979723,3.212532,9.096283,2.297778,2.297778
3.212532,3.979723,2.645617,9.096283,2.297778,2.297778
2.645617,4.420479,3.779453,6.361954,1.315104,1.315104
3.779453,4.420479,2.645617,6.361954,1.315104,1.315104
2.645617,4.729277,4.157400,5.608852,1.014807,1.014807
4.157400,4.729277,2.645617,5.608852,1.014807,1.014807
2.645617,5.538905,5.102269,5.195768,0.800371,0.800371
5.102269,5.538905,2.645617,5.195768,0.800371,0.800371
2.645617,6.385782,6.047118,5.158224,0.794214,0.794214
6.047118,6.385782,2.645617,5.158224,0.794214,0.794214
3.023562,4.215353,3.212532,8.331446,3.223038,3.223038
3.212532,4.215353,3.023562,8.331446,3.223038,3.223038
3.023562,4.629717,3.779453,6.207243,2.711081,2.711081
3.779453,4.629717,3.023562,6.207243,2.711081,2.711081
3.023562,4.922886,4.157400,5.540065,2.470844,2.470844
4.157400,4.922886,3.023562,5.540065,2.470844,2.470844
3.023562,5.699647,5.102269,5.143137,2.264734,2.264734
5.102269,5.699647,3.023562,5.143137,2.264734,2.264734
3.023562,6.520925,6.047118,5.106819,2.257969,2.257969
6.047118,6.520925,3.023562,5.106819,2.257969,2.257969
3.779452,5.106725,3.779453,5.911855,4.658087,4.658087
3.779453,5.106725,3.779452,5.911855,4.658087,4.658087
3.779452,5.369299,4.157400,5.502141,4.661122,4.661122
4.157400,5.369299,3.779452,5.502141,4.661122,4.661122
3.779452,6.079147,5.102269,5.193651,4.537404,4.537404
5.102269,6.079147,3.779452,5.193651,4.537404,4.537404
3.779452,6.846022,6.047118,5.138439,4.507960,4.507960
6.047118,6.846022,3.779452,5.138439,4.507960,4.507960
4.535343,6.524479,5.102269,5.208327,5.096324,5.096324
5.102269,6.524479,4.535343,5.208327,5.096324,5.096324
4.535343,7.235766,6.047118,5.173966,5.084703,5.084703
6.047118,7.235766,4.535343,5.173966,5.084703,5.084703
5.291233,7.680323,6.047118,5.202668,5.158639,5.158639
6.047118,7.680323,5.291233,5.202668,5.158639,5.158639
