R1,R2,R3,ETriat,E,ENew
1.511777,2.681929,1.511781,34.865825,59.651764,59.651764
1.511781,2.681929,1.511777,34.865825,59.651764,59.651764
1.511781,2.850893,1.700760,32.083736,46.015614,46.015614
1.700760,2.850893,1.511781,32.083736,46.015614,46.015614
1.511781,3.022220,1.889727,29.191633,38.421040,38.421040
1.889727,3.022220,1.511781,29.191633,38.421040,38.421040
1.511781,3.195531,2.078699,26.405313,34.085539,34.085539
2.078699,3.195531,1.511781,26.405313,34.085539,34.085539
1.511781,3.370530,2.267666,23.435673,31.140508,31.140508
2.267666,3.370530,1.511781,23.435673,31.140508,31.140508
1.511781,3.546974,2.456648,20.620505,29.069698,29.069698
2.456648,3.546974,1.511781,20.620505,29.069698,29.069698
1.511781,3.724637,2.645615,16.978852,26.426569,26.426569
2.645615,3.724637,1.511781,16.978852,26.426569,26.426569
1.511781,3.903359,2.834587,13.930927,24.399340,24.399340
2.834587,3.903359,1.511781,13.930927,24.399340,24.399340
1.511781,4.263472,3.212537,9.830411,22.065830,22.065830
3.212537,4.263472,1.511781,9.830411,22.065830,22.065830
1.511781,4.808757,3.779443,6.735697,20.575232,20.575232
3.779443,4.808757,1.511781,6.735697,20.575232,20.575232
1.511781,5.174876,4.157393,5.922755,20.182136,20.182136
4.157393,5.174876,1.511781,5.922755,20.182136,20.182136
1.511781,6.096488,5.102264,5.451487,19.900313,19.900313
5.102264,6.096488,1.511781,5.451487,19.900313,19.900313
1.511781,7.024269,6.047124,5.395642,19.870955,19.870955
6.047124,7.024269,1.511781,5.395642,19.870955,19.870955
1.889726,3.352419,1.889727,26.282036,19.780368,19.780368
1.889727,3.352419,1.889726,26.282036,19.780368,19.780368
1.889726,3.521113,2.078699,24.628470,16.401523,16.401523
2.078699,3.521113,1.889726,24.628470,16.401523,16.401523
1.889726,3.691779,2.267666,22.851518,14.442766,14.442766
2.267666,3.691779,1.889726,22.851518,14.442766,14.442766
1.889726,3.864158,2.456648,19.771546,11.896685,11.896685
2.456648,3.864158,1.889726,19.771546,11.896685,11.896685
1.889726,4.038013,2.645615,16.184781,9.118996,9.118996
2.645615,4.038013,1.889726,16.184781,9.118996,9.118996
1.889726,4.213164,2.834587,13.331261,7.134351,7.134351
2.834587,4.213164,1.889726,13.331261,7.134351,7.134351
1.889726,4.566794,3.212537,9.573926,4.964974,4.964974
3.212537,4.566794,1.889726,9.573926,4.964974,4.964974
1.889726,5.103758,3.779443,6.590587,3.515182,3.515182
3.779443,5.103758,1.889726,6.590587,3.515182,3.515182
1.889726,5.465109,4.157393,5.799982,3.139432,3.139432
4.157393,5.465109,1.889726,5.799982,3.139432,3.139432
1.889726,6.376903,5.102264,5.361011,2.886749,2.886749
5.102264,6.376903,1.889726,5.361011,2.886749,2.886749
1.889726,7.297104,6.047124,5.322276,2.872352,2.872352
6.047124,7.297104,1.889726,5.322276,2.872352,2.872352
2.267666,4.022893,2.267671,21.007456,10.283236,10.283236
2.267671,4.022893,2.267666,21.007456,10.283236,10.283236
2.267671,4.191430,2.456648,18.248390,7.896996,7.896996
2.456648,4.191430,2.267671,18.248390,7.896996,7.896996
2.267671,4.361635,2.645615,15.333248,5.671506,5.671506
2.645615,4.361635,2.267671,15.333248,5.671506,5.671506
2.267671,4.533319,2.834587,12.877770,4.005023,4.005023
2.834587,4.533319,2.267671,12.877770,4.005023,4.005023
2.267671,4.880543,3.212537,9.286675,1.927752,1.927752
3.212537,4.880543,2.267671,9.286675,1.927752,1.927752
2.267671,5.409088,3.779443,6.427923,0.582944,0.582944
3.779443,5.409088,2.267671,6.427923,0.582944,0.582944
2.267671,5.765516,4.157393,5.663596,0.232128,0.232128
4.157393,5.765516,2.267671,5.663596,0.232128,0.232128
2.267671,6.666956,5.102264,5.250794,0.002342,0.002342
5.102264,6.666956,2.267671,5.250794,0.002342,0.002342
2.267671,7.578970,6.047124,5.217799,-0.007936,-0.007936
6.047124,7.578970,2.267671,5.217799,-0.007936,-0.007936
2.645615,4.693384,2.645617,13.325695,4.592130,4.592130
2.645617,4.693384,2.645615,13.325695,4.592130,4.592130
2.645617,4.861779,2.834587,11.862837,3.889414,3.889414
2.834587,4.861779,2.645617,11.862837,3.889414,3.889414
2.645617,5.202835,3.212537,8.985602,2.505188,2.505188
3.212537,5.202835,2.645617,8.985602,2.505188,2.505188
2.645617,5.723094,3.779443,6.314336,1.343811,1.343811
3.779443,5.723094,2.645617,6.314336,1.343811,1.343811
2.645617,6.074588,4.157393,5.567927,1.009603,1.009603
4.157393,6.074588,2.645617,5.567927,1.009603,1.009603
2.645617,6.965444,5.102264,5.177712,0.799374,0.799374
5.102264,6.965444,2.645617,5.177712,0.799374,0.799374
2.645617,7.868896,6.047124,5.146968,0.790181,0.790181
6.047124,7.868896,2.645617,5.146968,0.790181,0.790181
3.023562,5.532175,3.212537,8.410033,3.450656,3.450656
3.212537,5.532175,3.023562,8.410033,3.450656,3.450656
3.023562,6.044424,3.779443,6.219777,2.768365,2.768365
3.779443,6.044424,3.023562,6.219777,2.768365,2.768365
3.023562,6.391067,4.157393,5.503594,2.462908,2.462908
4.157393,6.391067,3.023562,5.503594,2.462908,2.462908
3.023562,7.271327,5.102264,5.132982,2.269895,2.269895
5.102264,7.271327,3.023562,5.132982,2.269895,2.269895
3.023562,8.166024,6.047124,5.101851,2.259487,2.259487
6.047124,8.166024,3.023562,5.101851,2.259487,2.259487
3.779443,6.704822,3.779452,5.841457,4.612858,4.612858
3.779452,6.704822,3.779443,5.841457,4.612858,4.612858
3.779452,7.042233,4.157393,5.506435,4.686360,4.686360
4.157393,7.042233,3.779452,5.506435,4.686360,4.686360
3.779452,7.901824,5.102264,5.177806,4.532461,4.532461
5.102264,7.901824,3.779452,5.177806,4.532461,4.532461
3.779452,8.778945,6.047124,5.134233,4.508610,4.508610
6.047124,8.778945,3.779452,5.134233,4.508610,4.508610
4.535343,8.552671,5.102264,5.222113,5.117052,5.117052
5.102264,8.552671,4.535343,5.222113,5.117052,5.117052
4.535343,9.412679,6.047124,5.173723,5.087868,5.087868
6.047124,9.412679,4.535343,5.173723,5.087868,5.087868
5.291233,10.063296,6.047124,5.201142,5.159419,5.159419
6.047124,10.063296,5.291233,5.201142,5.159419,5.159419
