R1,R2,R3,ETriat,E,ENew
1.511781,1.511781,2.137981,44.499042,68.538719,68.538719
2.137981,1.511781,1.511781,44.499042,68.538719,68.538719
1.511781,1.470464,2.078706,45.937716,74.086680,74.086680
2.078706,1.470464,1.511781,45.937716,74.086680,74.086680
1.511781,1.606110,2.267676,41.531349,58.522432,58.522432
2.267676,1.606110,1.511781,41.531349,58.522432,58.522432
1.511781,1.751665,2.456647,37.530231,48.129528,48.129528
2.456647,1.751665,1.511781,37.530231,48.129528,48.129528
1.511781,1.904861,2.645618,33.705294,41.158833,41.158833
2.645618,1.904861,1.511781,33.705294,41.158833,41.158833
1.511781,2.063996,2.834589,30.050395,36.408858,36.408858
2.834589,2.063996,1.511781,30.050395,36.408858,36.408858
1.511781,2.395309,3.212530,23.195383,30.483412,30.483412
3.212530,2.395309,1.511781,23.195383,30.483412,30.483412
1.511781,2.913639,3.779443,13.285797,23.899482,23.899482
3.779443,2.913639,1.511781,13.285797,23.899482,23.899482
1.511781,3.268167,4.157384,9.495225,21.870041,21.870041
4.157384,3.268167,1.511781,9.495225,21.870041,21.870041
1.511781,4.157404,5.084738,5.927575,20.184608,20.184608
5.084738,4.157404,1.511781,5.927575,20.184608,20.184608
1.511781,4.172535,5.102265,5.907432,20.174071,20.174071
5.102265,4.172535,1.511781,5.907432,20.174071,20.174071
1.511781,5.091611,6.047119,5.452850,19.900703,19.900703
6.047119,5.091611,1.511781,5.452850,19.900703,19.900703
1.889726,1.446337,1.889735,48.969240,64.898648,64.898648
1.889735,1.446337,1.889726,48.969240,64.898648,64.898648
1.889726,1.889726,2.672476,31.616717,22.513174,22.513174
2.672476,1.889726,1.889726,31.616717,22.513174,22.513174
1.889726,1.528656,2.078706,44.480888,50.503930,50.503930
2.078706,1.528656,1.889726,44.480888,50.503930,50.503930
1.889726,2.078691,2.928606,28.115591,17.832148,17.832148
2.928606,2.078691,1.889726,28.115591,17.832148,17.832148
1.889726,1.628837,2.267676,39.437560,38.198625,38.198625
2.267676,1.628837,1.889726,39.437560,38.198625,38.198625
1.889726,1.743803,2.456647,35.324151,29.265271,29.265271
2.456647,1.743803,1.889726,35.324151,29.265271,29.265271
1.889726,1.870831,2.645618,32.035596,23.191563,23.191563
2.645618,1.870831,1.889726,32.035596,23.191563,23.191563
1.889726,2.007632,2.834589,29.323305,19.232896,19.232896
2.834589,2.007632,1.889726,29.323305,19.232896,19.232896
1.889726,2.303477,3.212530,25.077282,15.328304,15.328304
3.212530,2.303477,1.889726,25.077282,15.328304,15.328304
1.889726,2.784741,3.779443,14.807317,7.969717,7.969717
3.779443,2.784741,1.889726,14.807317,7.969717,7.969717
1.889726,3.121602,4.157384,10.559937,5.477451,5.477451
4.157384,3.121602,1.889726,10.559937,5.477451,5.477451
1.889726,3.996059,5.102265,6.074243,3.278240,3.278240
5.102265,3.996059,1.889726,6.074243,3.278240,3.278240
1.889726,4.896727,6.047119,5.389890,2.904702,2.904702
6.047119,4.896727,1.889726,5.389890,2.904702,2.904702
2.267671,1.735602,2.267676,35.878929,27.081454,27.081454
2.267676,1.735602,2.267671,35.878929,27.081454,27.081454
2.267671,2.267671,3.206972,23.020550,10.472477,10.472477
3.206972,2.267671,2.267671,23.020550,10.472477,10.472477
2.267671,1.816329,2.456647,32.114529,21.111169,21.111169
2.456647,1.816329,2.267671,32.114529,21.111169,21.111169
2.456638,2.267671,3.194739,20.052265,7.711050,7.711050
3.194739,2.267671,2.456638,20.052265,7.711050,7.711050
2.267671,1.912382,2.645618,29.056523,16.681178,16.681178
2.645618,1.912382,2.267671,29.056523,16.681178,16.681178
2.267671,2.021579,2.834589,26.696031,13.695212,13.695212
2.834589,2.021579,2.267671,26.696031,13.695212,13.695212
2.271605,2.267671,3.212530,23.150900,10.621736,10.621736
3.212530,2.267671,2.271605,23.150900,10.621736,10.621736
2.267671,3.212526,4.385615,9.454263,2.030525,2.030525
4.385615,3.212526,2.267671,9.454263,2.030525,2.030525
2.267671,2.702953,3.779443,15.218436,5.277933,5.277933
3.779443,2.702953,2.267671,15.218436,5.277933,5.277933
2.267671,3.779461,5.028843,6.465356,0.611130,0.611130
5.028843,3.779461,2.267671,6.465356,0.611130,0.611130
2.267671,3.015554,4.157384,11.258431,2.986400,2.986400
4.157384,3.015554,2.267671,11.258431,2.986400,2.986400
2.267671,3.848717,5.102265,6.268650,0.521584,0.521584
5.102265,3.848717,2.267671,6.268650,0.521584,0.521584
2.267671,4.724092,6.047119,5.312255,0.040155,0.040155
6.047119,4.724092,2.267671,5.312255,0.040155,0.040155
2.645617,2.024868,2.645618,22.379916,9.468468,9.468468
2.645618,2.024868,2.645617,22.379916,9.468468,9.468468
2.645617,2.645617,3.741467,14.252178,4.895288,4.895288
3.741467,2.645617,2.645617,14.252178,4.895288,4.895288
2.645617,2.104438,2.834589,20.239130,7.513830,7.513830
2.834589,2.104438,2.645617,20.239130,7.513830,7.513830
2.645617,2.302186,3.212530,17.099555,5.441633,5.441633
3.212530,2.302186,2.645617,17.099555,5.441633,5.441633
2.645617,2.672604,3.779443,13.948452,4.758518,4.758518
3.779443,2.672604,2.645617,13.948452,4.758518,4.758518
2.645617,2.954389,4.157384,11.095714,3.446537,3.446537
4.157384,2.954389,2.645617,11.095714,3.446537,3.446537
2.645617,3.733958,5.102265,6.502775,1.441120,1.441120
5.102265,3.733958,2.645617,6.502775,1.441120,1.441120
2.645617,4.576226,6.047119,5.281325,0.861645,0.861645
6.047119,4.576226,2.645617,5.281325,0.861645,0.861645
3.023562,2.392827,3.212530,12.881873,2.844382,2.844382
3.212530,2.392827,3.023562,12.881873,2.844382,2.844382
3.023562,2.695433,3.779443,10.496214,2.908518,2.908518
3.779443,2.695433,3.023562,10.496214,2.908518,2.908518
3.023562,2.940910,4.157384,9.525667,3.335828,3.335828
4.157384,2.940910,3.023562,9.525667,3.335828,3.335828
3.023562,3.654852,5.102265,6.637540,2.937008,2.937008
5.102265,3.654852,3.023562,6.637540,2.937008,2.937008
3.023562,4.455595,6.047119,5.310323,2.382945,2.382945
6.047119,4.455595,3.023562,5.310323,2.382945,2.382945
3.779443,2.892664,3.779452,6.787959,2.211353,2.211353
3.779452,2.892664,3.779443,6.787959,2.211353,2.211353
3.779452,3.779452,5.344953,5.900082,4.651972,4.651972
5.344953,3.779452,3.779452,5.900082,4.651972,4.651972
3.779452,3.057300,4.157384,6.253064,2.744038,2.744038
4.157384,3.057300,3.779452,6.253064,2.744038,2.744038
3.779452,4.157400,5.857226,5.514342,4.682674,4.682674
5.857226,4.157400,3.779452,5.514342,4.682674,4.682674
3.779452,3.611925,5.102265,5.990820,4.413860,4.413860
5.102265,3.611925,3.779452,5.990820,4.413860,4.413860
3.779452,4.304689,6.047119,5.418060,4.661903,4.661903
6.047119,4.304689,3.779452,5.418060,4.661903,4.661903
4.535343,3.725158,5.102265,5.307966,4.499721,4.499721
5.102265,3.725158,4.535343,5.307966,4.499721,4.499721
4.535343,4.283819,6.047119,5.297869,5.072778,5.072778
6.047119,4.283819,4.535343,5.297869,5.072778,5.072778
5.291233,4.394839,6.047119,5.234864,5.091554,5.091554
6.047119,4.394839,5.291233,5.234864,5.091554,5.091554
2.282033,3.400013,4.608687,8.140501,1.378285,1.378285
4.608687,3.400013,2.282033,8.140501,1.378285,1.378285
