R1,R2,R3,ETriat,E,ENew
1.511781,2.645610,1.776799,34.991041,45.406782,45.406782
1.776799,2.645610,1.511781,34.991041,45.406782,45.406782
2.200012,3.597434,2.282033,23.023067,11.712214,11.712214
2.282033,3.597434,2.200012,23.023067,11.712214,11.712214
2.282033,3.758276,2.400020,20.298970,9.354594,9.354594
2.400020,3.758276,2.282033,20.298970,9.354594,9.354594
2.282033,3.922710,2.600010,16.770701,6.640997,6.640997
2.600010,3.922710,2.282033,16.770701,6.640997,6.640997
2.282033,4.090325,2.800019,13.773765,4.579901,4.579901
2.800019,4.090325,2.282033,13.773765,4.579901,4.579901
2.282033,4.260723,3.000009,11.374433,3.092685,3.092685
3.000009,4.260723,2.282033,11.374433,3.092685,3.092685
2.282033,4.433608,3.200017,9.536908,2.078659,2.078659
3.200017,4.433608,2.282033,9.536908,2.078659,2.078659
2.282033,4.608687,3.400013,8.140501,1.378285,1.378285
3.400013,4.608687,2.282033,8.140501,1.378285,1.378285
2.282033,4.785721,3.600021,7.117833,0.900803,0.900803
3.600021,4.785721,2.282033,7.117833,0.900803,0.900803
2.282033,4.964485,3.800012,6.402184,0.576439,0.576439
3.800012,4.964485,2.282033,6.402184,0.576439,0.576439
2.282033,5.144827,4.000020,5.927711,0.357797,0.357797
4.000020,5.144827,2.282033,5.927711,0.357797,0.357797
2.282033,5.326573,4.200028,5.630337,0.212614,0.212614
4.200028,5.326573,2.282033,5.630337,0.212614,0.212614
2.282033,5.509570,4.400018,5.453947,0.119078,0.119078
4.400018,5.509570,2.282033,5.453947,0.119078,0.119078
2.282033,5.693737,4.600032,5.352399,0.059669,0.059669
4.600032,5.693737,2.282033,5.352399,0.059669,0.059669
2.282033,5.878913,4.800022,5.295524,0.023937,0.023937
4.800022,5.878913,2.282033,5.295524,0.023937,0.023937
2.282033,6.065045,5.000031,5.263725,0.003816,0.003816
5.000031,6.065045,2.282033,5.263725,0.003816,0.003816
2.282033,6.252018,5.200021,5.245371,-0.006635,-0.006635
5.200021,6.252018,2.282033,5.245371,-0.006635,-0.006635
2.282033,6.439789,5.400029,5.234036,-0.011535,-0.011535
5.400029,6.439789,2.282033,5.234036,-0.011535,-0.011535
2.282033,6.628261,5.600019,5.226476,-0.013443,-0.013443
5.600019,6.628261,2.282033,5.226476,-0.013443,-0.013443
2.282033,6.817405,5.800028,5.221035,-0.013920,-0.013920
5.800028,6.817405,2.282033,5.221035,-0.013920,-0.013920
2.282033,7.007163,6.000042,5.216919,-0.013790,-0.013790
6.000042,7.007163,2.282033,5.216919,-0.013790,-0.013790
2.282033,7.483845,6.500035,5.210536,-0.012532,-0.012532
6.500035,7.483845,2.282033,5.210536,-0.012532,-0.012532
2.282033,7.963386,7.000029,5.207458,-0.011145,-0.011145
7.000029,7.963386,2.282033,5.207458,-0.011145,-0.011145
2.282033,8.445326,7.500046,5.206228,-0.009757,-0.009757
7.500046,8.445326,2.282033,5.206228,-0.009757,-0.009757
2.282033,8.929229,8.000040,5.205810,-0.008586,-0.008586
8.000040,8.929229,2.282033,5.205810,-0.008586,-0.008586
2.282033,9.414822,8.500039,5.205764,-0.007632,-0.007632
8.500039,9.414822,2.282033,5.205764,-0.007632,-0.007632
2.282033,9.901857,9.000050,5.205897,-0.006852,-0.006852
9.000050,9.901857,2.282033,5.205897,-0.006852,-0.006852
2.282033,10.390108,9.500044,5.205987,-0.006331,-0.006331
9.500044,10.390108,2.282033,5.205987,-0.006331,-0.006331
2.282033,10.879452,10.000061,5.206130,-0.005898,-0.005898
10.000061,10.879452,2.282033,5.206130,-0.005898,-0.005898
