R1,R2,R3,ETriat,E,ENew
1.511781,1.511776,2.476758,39.954795,64.038998,64.038998
2.476758,1.511776,1.511781,39.954795,64.038998,64.038998
1.700749,1.511781,2.551270,36.933072,49.714486,49.714486
2.551270,1.511781,1.700749,36.933072,49.714486,49.714486
1.511781,1.495353,2.456648,40.380758,65.855261,65.855261
2.456648,1.495353,1.511781,40.380758,65.855261,65.855261
1.511781,1.652946,2.645615,35.844690,51.137480,51.137480
2.645615,1.652946,1.511781,35.844690,51.137480,51.137480
1.511781,1.816526,2.834587,31.932164,41.992985,41.992985
2.834587,1.816526,1.511781,31.932164,41.992985,41.992985
1.511781,2.156200,3.212537,25.659910,33.028365,33.028365
3.212537,2.156200,1.511781,25.659910,33.028365,33.028365
1.511781,2.684941,3.779443,16.229177,25.921594,25.921594
3.779443,2.684941,1.511781,16.229177,25.921594,25.921594
1.511781,3.045087,4.157393,11.335882,22.883764,22.883764
4.157393,3.045087,1.511781,11.335882,22.883764,22.883764
1.511781,3.959990,5.102264,6.244900,20.338290,20.338290
5.102264,3.959990,1.511781,6.244900,20.338290,20.338290
1.511781,4.886299,6.047124,5.478666,19.919393,19.919393
6.047124,4.886299,1.511781,5.478666,19.919393,19.919393
1.889726,1.889721,3.095943,28.890753,21.482192,21.482192
3.095943,1.889721,1.889726,28.890753,21.482192,21.482192
1.889726,1.301077,2.267666,40.765470,74.245306,74.245306
2.267666,1.301077,1.889726,40.765470,74.245306,74.245306
1.889726,1.414402,2.456648,36.647613,53.700993,53.700993
2.456648,1.414402,1.889726,36.647613,53.700993,53.700993
1.889726,1.542621,2.645615,33.783613,39.017166,39.017166
2.645615,1.542621,1.889726,33.783613,39.017166,39.017166
1.889726,1.682320,2.834587,31.561662,29.291376,29.291376
2.834587,1.682320,1.889726,31.561662,29.291376,29.291376
1.889726,1.986357,3.212537,27.510177,19.127217,19.127217
3.212537,1.986357,1.889726,27.510177,19.127217,19.127217
1.889726,2.480787,3.779443,19.776919,11.840702,11.840702
3.779443,2.480787,1.889726,19.776919,11.840702,11.840702
1.889726,2.825585,4.157393,13.668790,7.403599,7.403599
4.157393,2.825585,1.889726,13.668790,7.403599,7.403599
1.889726,4.157397,5.563714,5.789969,3.131409,3.131409
5.563714,4.157397,1.889726,5.789969,3.131409,3.131409
1.889726,3.715890,5.102264,6.787248,3.601086,3.601086
5.102264,3.715890,1.889726,6.787248,3.601086,3.601086
1.889726,4.627870,6.047124,5.445893,2.941214,2.941214
6.047124,4.627870,1.889726,5.445893,2.941214,2.941214
2.267666,1.363802,2.267671,36.467304,57.166219,57.166219
2.267671,1.363802,2.267666,36.467304,57.166219,57.166219
2.267671,2.267667,3.715128,22.548824,11.407711,11.407711
3.715128,2.267667,2.267671,22.548824,11.407711,11.407711
2.267671,1.432016,2.456648,33.054508,45.267930,45.267930
2.456648,1.432016,2.267671,33.054508,45.267930,45.267930
2.267671,1.520794,2.645615,30.127546,34.315282,34.315282
2.645615,1.520794,2.267671,30.127546,34.315282,34.315282
2.267671,1.626751,2.834587,27.927929,25.644454,25.644454
2.834587,1.626751,2.267671,27.927929,25.644454,25.644454
2.267671,1.878221,3.212537,25.226732,15.691652,15.691652
3.212537,1.878221,2.267671,25.226732,15.691652,15.691652
2.267671,2.320642,3.779443,21.688160,10.671735,10.671735
3.779443,2.320642,2.267671,21.688160,10.671735,10.671735
2.267671,3.779443,5.409088,6.427923,0.582944,0.582944
5.409088,3.779443,2.267671,6.427923,0.582944,0.582944
2.267671,2.642156,4.157393,15.912315,6.145216,6.145216
4.157393,2.642156,2.267671,15.912315,6.145216,6.145216
2.267671,3.495689,5.102264,7.550877,1.090998,1.090998
5.102264,3.495689,2.267671,7.550877,1.090998,1.090998
2.267671,4.386813,6.047124,5.445153,0.118124,0.118124
6.047124,4.386813,2.267671,5.445153,0.118124,0.118124
2.645615,1.591112,2.645617,23.810408,23.759719,23.759719
2.645617,1.591112,2.645615,23.810408,23.759719,23.759719
2.645618,2.645617,4.334328,13.958796,5.156340,5.156340
4.334328,2.645617,2.645618,13.958796,5.156340,5.156340
2.645617,1.657746,2.834587,21.541772,18.511143,18.511143
2.834587,1.657746,2.645617,21.541772,18.511143,18.511143
2.645617,1.842688,3.212537,18.430930,10.509250,10.509250
3.212537,1.842688,2.645617,18.430930,10.509250,10.509250
2.645617,2.214078,3.779443,16.296165,6.186021,6.186021
3.779443,2.214078,2.645617,16.296165,6.186021,6.186021
3.779452,2.645617,4.613409,6.345663,1.333663,1.333663
4.613409,2.645617,3.779452,6.345663,1.333663,1.333663
2.645617,2.502745,4.157393,14.993143,5.618645,5.618645
4.157393,2.502745,2.645617,14.993143,5.618645,5.618645
2.645617,3.304169,5.102264,8.487431,2.321021,2.321021
5.102264,3.304169,2.645617,8.487431,2.321021,2.321021
2.645617,4.166145,6.047124,5.560335,1.006958,1.006958
6.047124,4.166145,2.645617,5.560335,1.006958,1.006958
3.023562,1.883871,3.212537,13.869614,6.609038,6.609038
3.212537,1.883871,3.023562,13.869614,6.609038,6.609038
3.023562,2.169007,3.779443,11.551370,3.057517,3.057517
3.779443,2.169007,3.023562,11.551370,3.057517,3.057517
3.023562,2.414988,4.157393,10.955890,2.868319,2.868319
4.157393,2.414988,3.023562,10.955890,2.868319,2.868319
3.023562,3.146571,5.102264,8.829655,3.618866,3.618866
5.102264,3.146571,3.023562,8.829655,3.618866,3.618866
4.962088,3.023562,5.102258,5.173274,2.277613,2.277613
5.102258,3.023562,4.962088,5.173274,2.277613,2.277613
3.023562,5.102264,7.271327,5.132982,2.269895,2.269895
7.271327,5.102264,3.023562,5.132982,2.269895,2.269895
3.023562,3.969268,6.047124,5.819303,2.620233,2.620233
6.047124,3.969268,3.023562,5.819303,2.620233,2.620233
3.779443,2.273004,3.779452,7.202888,0.770797,0.770797
3.779452,2.273004,3.779443,7.202888,0.770797,0.770797
3.779461,3.779452,6.191897,5.873487,4.640090,4.640090
6.191897,3.779452,3.779461,5.873487,4.640090,4.640090
3.779452,2.413727,4.157393,6.570852,0.696645,0.696645
4.157393,2.413727,3.779452,6.570852,0.696645,0.696645
3.779452,2.953763,5.102264,6.286102,2.536410,2.536410
5.102264,2.953763,3.779452,6.286102,2.536410,2.536410
3.779452,5.102263,7.720175,5.180575,4.534846,4.534846
7.720175,5.102263,3.779452,5.180575,4.534846,4.534846
3.779452,3.661800,6.047124,5.964886,4.513294,4.513294
6.047124,3.661800,3.779452,5.964886,4.513294,4.513294
4.535343,2.948094,5.102264,5.282233,2.048954,2.048954
5.102264,2.948094,4.535343,5.282233,2.048954,2.048954
5.102260,4.535343,7.653808,5.219777,5.113236,5.113236
7.653808,4.535343,5.102260,5.219777,5.113236,5.113236
4.535343,3.493597,6.047124,5.264559,3.955241,3.955241
6.047124,3.493597,4.535343,5.264559,3.955241,3.955241
6.047118,4.535343,7.868775,5.173582,5.086090,5.086090
7.868775,4.535343,6.047118,5.173582,5.086090,5.086090
5.291233,3.484881,6.047124,5.130843,3.841974,3.841974
6.047124,3.484881,5.291233,5.130843,3.841974,3.841974
5.291233,6.047116,9.571291,5.201106,5.159202,5.159202
9.571291,6.047116,5.291233,5.201106,5.159202,5.159202
2.282033,4.200020,5.858092,5.605305,0.197870,0.197870
5.858092,4.200020,2.282033,5.605305,0.197870,0.197870
