R1,R2,R3,ETriat,E,ENew
1.511781,1.943512,1.511788,48.782953,74.470626,74.470626
1.511788,1.943512,1.511781,48.782953,74.470626,74.470626
1.511781,2.070054,1.700758,45.221602,58.093301,58.093301
1.700758,2.070054,1.511781,45.221602,58.093301,58.093301
1.511781,2.205534,1.889731,41.343536,48.261442,48.261442
1.889731,2.205534,1.511781,41.343536,48.261442,48.261442
1.511781,2.348426,2.078700,37.203145,41.885442,41.885442
2.078700,2.348426,1.511781,37.203145,41.885442,41.885442
1.511781,2.497439,2.267673,32.499374,36.939158,36.939158
2.267673,2.497439,1.511781,32.499374,36.939158,36.939158
1.511781,2.651559,2.456643,26.936482,32.154058,32.154058
2.456643,2.651559,1.511781,26.936482,32.154058,32.154058
1.511781,2.809930,2.645616,22.036790,28.497769,28.497769
2.645616,2.809930,1.511781,22.036790,28.497769,28.497769
1.511781,2.971886,2.834585,17.985961,25.854596,25.854596
2.834585,2.971886,1.511781,17.985961,25.854596,25.854596
1.511781,3.304411,3.212528,12.184093,22.775484,22.775484
3.212528,3.304411,1.511781,12.184093,22.775484,22.775484
1.511781,3.819089,3.779462,7.452075,20.786459,20.786459
3.779462,3.819089,1.511781,7.452075,20.786459,20.786459
1.511781,4.169734,4.157404,6.187389,20.280313,20.280313
4.157404,4.169734,1.511781,6.187389,20.280313,20.280313
1.511781,5.063562,5.102259,5.461372,19.889862,19.889862
5.102259,5.063562,1.511781,5.461372,19.889862,19.889862
1.511781,5.973117,6.047113,5.380602,19.846238,19.846238
6.047113,5.973117,1.511781,5.380602,19.846238,19.846238
1.889726,2.429386,1.889731,35.053315,25.163936,25.163936
1.889731,2.429386,1.889726,35.053315,25.163936,25.163936
1.889726,2.554964,2.078700,32.107603,20.368732,20.368732
2.078700,2.554964,1.889726,32.107603,20.368732,20.368732
1.889726,2.687960,2.267673,28.698738,16.878268,16.878268
2.267673,2.687960,1.889726,28.698738,16.878268,16.878268
1.889726,2.827348,2.456643,23.831126,12.819386,12.819386
2.456643,2.827348,1.889726,23.831126,12.819386,12.819386
1.889726,2.972209,2.645616,19.564725,9.759354,9.759354
2.645616,2.972209,1.889726,19.564725,9.759354,9.759354
1.889726,3.121799,2.834585,16.185658,7.716341,7.716341
2.834585,3.121799,1.889726,16.185658,7.716341,7.716341
1.889726,3.432644,3.212528,11.251424,5.315270,5.315270
3.212528,3.432644,1.889726,11.251424,5.315270,5.315270
1.889726,3.921088,3.779462,7.117326,3.661839,3.661839
3.779462,3.921088,1.889726,7.117326,3.661839,3.661839
1.889726,4.257531,4.157404,6.004045,3.216143,3.216143
4.157404,4.257531,1.889726,6.004045,3.216143,3.216143
1.889726,5.124014,5.102259,5.397282,2.901059,2.901059
5.102259,5.124014,1.889726,5.397282,2.901059,2.901059
1.889726,6.014148,6.047113,5.332790,2.872656,2.872656
6.047113,6.014148,1.889726,5.332790,2.872656,2.872656
2.267671,2.915260,2.267673,24.531213,10.850222,10.850222
2.267673,2.915260,2.267671,24.531213,10.850222,10.850222
2.267671,3.040183,2.456643,20.768846,7.840622,7.840622
2.456643,3.040183,2.267671,20.768846,7.840622,7.840622
2.267671,3.171440,2.645616,17.395485,5.586295,5.586295
2.645616,3.171440,2.267671,17.395485,5.586295,5.586295
2.267671,3.308298,2.834585,14.484296,3.903638,3.903638
2.834585,3.308298,2.267671,14.484296,3.903638,3.903638
2.267671,3.596198,3.212528,10.215832,1.927275,1.927275
3.212528,3.596198,2.267671,10.215832,1.927275,1.927275
2.267671,4.055874,3.779462,6.733265,0.635978,0.635978
3.779462,4.055874,2.267671,6.733265,0.635978,0.635978
2.267671,4.376315,4.157404,5.789977,0.269248,0.269248
4.157404,4.376315,2.267671,5.789977,0.269248,0.269248
2.267671,5.211245,5.102259,5.278064,0.007329,0.007329
5.102259,5.211245,2.267671,5.278064,0.007329,0.007329
2.267671,6.078446,6.047113,5.228149,-0.007762,-0.007762
6.047113,6.078446,2.267671,5.228149,-0.007762,-0.007762
2.645616,3.401135,2.645617,14.716323,4.548115,4.548115
2.645617,3.401135,2.645616,14.716323,4.548115,4.548115
2.645617,3.525582,2.834585,12.461381,3.388125,3.388125
2.834585,3.525582,2.645617,12.461381,3.388125,3.388125
2.645617,3.790504,3.212528,9.273881,2.230086,2.230086
3.212528,3.790504,2.645617,9.273881,2.230086,2.230086
2.645617,4.220305,3.779462,6.428575,1.307948,1.307948
3.779462,4.220305,2.645617,6.428575,1.307948,1.307948
2.645617,4.523647,4.157404,5.638056,1.019534,1.019534
4.157404,4.523647,2.645617,5.638056,1.019534,1.019534
2.645617,5.323937,5.102259,5.204859,0.804968,0.804968
5.102259,5.323937,2.645617,5.204859,0.804968,0.804968
2.645617,6.165284,6.047113,5.164522,0.798030,0.798030
6.047113,6.165284,2.645617,5.164522,0.798030,0.798030
3.023562,4.011096,3.212528,8.185638,2.931761,2.931761
3.212528,4.011096,3.023562,8.185638,2.931761,2.931761
3.023562,4.411068,3.779462,6.204594,2.669235,2.669235
3.779462,4.411068,3.023562,6.204594,2.669235,2.669235
3.023562,4.696842,4.157404,5.541791,2.458962,2.458962
4.157404,4.696842,3.023562,5.541791,2.458962,2.458962
3.023562,5.460516,5.102259,5.148030,2.264951,2.264951
5.102259,5.460516,3.023562,5.148030,2.264951,2.264951
3.023562,6.273726,6.047113,5.109693,2.258403,2.258403
6.047113,6.273726,3.023562,5.109693,2.258403,2.258403
3.779452,4.858772,3.779462,5.883513,4.620923,4.620923
3.779462,4.858772,3.779452,5.883513,4.620923,4.620923
3.779452,5.109917,4.157404,5.491109,4.643993,4.643993
4.157404,5.109917,3.779452,5.491109,4.643993,4.643993
3.779452,5.798287,5.102259,5.195666,4.535063,4.535063
5.102259,5.798287,3.779452,5.195666,4.535063,4.535063
3.779452,6.550916,6.047113,5.139519,4.506963,4.506963
6.047113,6.550916,3.779452,5.139519,4.506963,4.506963
4.535343,6.210134,5.102259,5.204514,5.089299,5.089299
5.102259,6.210134,4.535343,5.204514,5.089299,5.089299
4.535343,6.900153,6.047113,5.174570,5.083749,5.083749
6.047113,6.900153,4.535343,5.174570,5.083749,5.083749
5.291233,7.311119,6.047113,5.203576,5.158465,5.158465
6.047113,7.311119,5.291233,5.203576,5.158465,5.158465
