E
5.705891e+01
3.839757e+01
2.764946e+01
2.164483e+01
1.770137e+01
1.445044e+01
1.149425e+01
8.851564e+00
6.618680e+00
4.840992e+00
3.495826e+00
2.515387e+00
1.815382e+00
1.316413e+00
9.552764e-01
6.877081e-01
4.856978e-01
3.325705e-01
2.181703e-01
1.353634e-01
7.810813e-02
4.076068e-02
1.809082e-02
5.543725e-03
-5.392145e-04
-2.854197e-03
-3.218299e-03
-2.743521e-03
-2.037117e-03
-1.382224e-03
-8.766620e-04
-5.265979e-04
-3.023425e-04
-1.672466e-04
-8.993665e-05
-4.759950e-05
-2.526612e-05
-1.383228e-05
-8.090253e-06
-5.212896e-06
-3.734406e-06
-2.925236e-06
-2.435089e-06
-2.100680e-06
-1.847394e-06
-1.641226e-06
-1.466252e-06
-1.314455e-06
-1.181276e-06
-1.063731e-06
-9.596080e-07
-8.671402e-07
-7.848514e-07
-7.114836e-07
-6.459541e-07
-5.873258e-07
-5.347854e-07
-4.876250e-07
-4.452274e-07
-4.070534e-07
-3.726312e-07
-3.415469e-07
-3.134372e-07
-2.879823e-07
-2.649006e-07
-2.439433e-07
-2.248905e-07
-2.075477e-07
3.839757e+01
2.949825e+01
2.331227e+01
1.914445e+01
1.610380e+01
1.349014e+01
1.100774e+01
8.652096e+00
6.530166e+00
4.741551e+00
3.330191e+00
2.281618e+00
1.541482e+00
1.038775e+00
7.044952e-01
4.823322e-01
3.319416e-01
2.272904e-01
1.528367e-01
9.958513e-02
6.207019e-02
3.651065e-02
1.991685e-02
9.784068e-03
4.049804e-03
1.111178e-03
-1.878403e-04
-6.152849e-04
-6.380451e-04
-5.126264e-04
-3.628574e-04
-2.374312e-04
-1.475978e-04
-8.911891e-05
-5.349828e-05
-3.280249e-05
-2.113109e-05
-1.460983e-05
-1.090252e-05
-8.688698e-06
-7.259423e-06
-6.249013e-06
-5.473927e-06
-4.842878e-06
-4.309621e-06
-3.849367e-06
-3.447484e-06
-3.094276e-06
-2.782601e-06
-2.506801e-06
-2.262195e-06
-2.044821e-06
-1.851288e-06
-1.678674e-06
-1.524450e-06
-1.386427e-06
-1.262699e-06
-1.151609e-06
-1.051710e-06
-9.617400e-07
-8.805910e-07
-8.072929e-07
-7.409929e-07
-6.809407e-07
-6.264748e-07
-5.770110e-07
-5.320329e-07
-4.910829e-07
2.764946e+01
2.331227e+01
1.988074e+01
1.702573e+01
1.460608e+01
1.240522e+01
1.028032e+01
8.225409e+00
6.322157e+00
4.666167e+00
3.318162e+00
2.288507e+00
1.545426e+00
1.033511e+00
6.920134e-01
4.673279e-01
3.185994e-01
2.180145e-01
1.482251e-01
9.898361e-02
6.423824e-02
4.014824e-02
2.397177e-02
1.356237e-02
7.194735e-03
3.518678e-03
1.533380e-03
5.441189e-04
1.012835e-04
-6.563534e-05
-1.072454e-04
-1.004048e-04
-8.032801e-05
-6.079371e-05
-4.570653e-05
-3.508979e-05
-2.785242e-05
-2.287607e-05
-1.932693e-05
-1.666454e-05
-1.456453e-05
-1.283969e-05
-1.138247e-05
-1.012914e-05
-9.039418e-06
-8.085685e-06
-7.247405e-06
-6.508353e-06
-5.855199e-06
-5.276730e-06
-4.763398e-06
-4.307017e-06
-3.900533e-06
-3.537855e-06
-3.213707e-06
-2.923513e-06
-2.663292e-06
-2.429580e-06
-2.219350e-06
-2.029959e-06
-1.859088e-06
-1.704708e-06
-1.565030e-06
-1.438482e-06
-1.323679e-06
-1.219394e-06
-1.124544e-06
-1.038170e-06
2.164483e+01
1.914445e+01
1.702573e+01
1.496881e+01
1.301434e+01
1.115784e+01
9.356998e+00
7.610653e+00
5.972047e+00
4.514862e+00
3.295726e+00
2.335128e+00
1.618037e+00
1.106063e+00
7.520935e-01
5.116035e-01
3.486505e-01
2.372963e-01
1.602614e-01
1.065543e-01
6.920766e-02
4.361538e-02
2.651784e-02
1.547421e-02
8.619297e-03
4.549395e-03
2.247788e-03
1.014146e-03
3.921318e-04
1.011062e-04
-2.158073e-05
-6.458249e-05
-7.316112e-05
-6.879088e-05
-6.078712e-05
-5.271044e-05
-4.563722e-05
-3.969908e-05
-3.474060e-05
-3.056553e-05
-2.700959e-05
-2.394995e-05
-2.129677e-05
-1.898310e-05
-1.695725e-05
-1.517788e-05
-1.361099e-05
-1.222812e-05
-1.100514e-05
-9.921423e-06
-8.959306e-06
-8.103574e-06
-7.341104e-06
-6.660547e-06
-6.052070e-06
-5.507138e-06
-5.018325e-06
-4.579160e-06
-4.183996e-06
-3.827890e-06
-3.506513e-06
-3.216066e-06
-2.953207e-06
-2.714993e-06
-2.498829e-06
-2.302421e-06
-2.123739e-06
-1.960984e-06
1.770137e+01
1.610380e+01
1.460608e+01
1.301434e+01
1.140994e+01
9.854659e+00
8.349500e+00
6.893364e+00
5.516276e+00
4.269384e+00
3.199281e+00
2.329691e+00
1.657442e+00
1.159024e+00
8.009991e-01
5.491068e-01
3.737965e-01
2.522628e-01
1.681399e-01
1.101386e-01
7.053286e-02
4.394133e-02
2.650919e-02
1.541732e-02
8.599288e-03
4.566056e-03
2.278038e-03
1.038393e-03
4.008850e-04
9.321061e-05
-4.274427e-05
-9.423304e-05
-1.069299e-04
-1.034344e-04
-9.424182e-05
-8.385822e-05
-7.400811e-05
-6.521618e-05
-5.753769e-05
-5.087166e-05
-4.508321e-05
-4.004492e-05
-3.564719e-05
-3.179817e-05
-2.842100e-05
-2.545105e-05
-2.283362e-05
-2.052215e-05
-1.847685e-05
-1.666360e-05
-1.505310e-05
-1.362006e-05
-1.234268e-05
-1.120207e-05
-1.018188e-05
-9.267885e-06
-8.447720e-06
-7.710603e-06
-7.047111e-06
-6.449004e-06
-5.909056e-06
-5.420923e-06
-4.979024e-06
-4.578441e-06
-4.214836e-06
-3.884373e-06
-3.583657e-06
-3.309676e-06
1.445044e+01
1.349014e+01
1.240522e+01
1.115784e+01
9.854659e+00
8.575463e+00
7.337575e+00
6.139312e+00
4.996165e+00
3.943056e+00
3.017631e+00
2.244291e+00
1.627864e+00
1.156188e+00
8.070017e-01
5.549166e-01
3.762510e-01
2.513630e-01
1.651116e-01
1.063118e-01
6.686102e-02
4.091771e-02
2.426864e-02
1.388452e-02
7.613101e-03
3.958133e-03
1.910237e-03
8.125778e-04
2.544459e-04
-1.034006e-05
-1.230095e-04
-1.609947e-04
-1.647880e-04
-1.545136e-04
-1.396066e-04
-1.241732e-04
-1.098047e-04
-9.697907e-05
-8.572162e-05
-7.589720e-05
-6.733110e-05
-5.985384e-05
-5.331483e-05
-4.758436e-05
-4.255180e-05
-3.812294e-05
-3.421743e-05
-3.076658e-05
-2.771158e-05
-2.500190e-05
-2.259407e-05
-2.045061e-05
-1.853914e-05
-1.683163e-05
-1.530376e-05
-1.393440e-05
-1.270515e-05
-1.159996e-05
-1.060481e-05
-9.707417e-06
-8.897014e-06
-8.164142e-06
-7.500477e-06
-6.898682e-06
-6.352278e-06
-5.855537e-06
-5.403386e-06
-4.991324e-06
1.149425e+01
1.100774e+01
1.028032e+01
9.356998e+00
8.349500e+00
7.337575e+00
6.345517e+00
5.374436e+00
4.434493e+00
3.552179e+00
2.759667e+00
2.081553e+00
1.527872e+00
1.094334e+00
7.667949e-01
5.265930e-01
3.547433e-01
2.343774e-01
1.516972e-01
9.599555e-02
5.923902e-02
3.553415e-02
2.063358e-02
1.153095e-02
6.143273e-03
3.064346e-03
1.373203e-03
4.868368e-04
4.948261e-05
-1.477070e-04
-2.224750e-04
-2.384508e-04
-2.285017e-04
-2.087700e-04
-1.867112e-04
-1.654810e-04
-1.462183e-04
-1.291754e-04
-1.142506e-04
-1.012243e-04
-8.985716e-05
-7.992575e-05
-7.123324e-05
-6.360995e-05
-5.691072e-05
-5.101159e-05
-4.580663e-05
-4.120516e-05
-3.712942e-05
-3.351258e-05
-3.029710e-05
-2.743334e-05
-2.487837e-05
-2.259502e-05
-2.055102e-05
-1.871833e-05
-1.707250e-05
-1.559220e-05
-1.425879e-05
-1.305594e-05
-1.196931e-05
-1.098630e-05
-1.009583e-05
-9.288124e-06
-8.554533e-06
-7.887420e-06
-7.280017e-06
-6.726313e-06
8.851564e+00
8.652096e+00
8.225409e+00
7.610653e+00
6.893364e+00
6.139312e+00
5.374436e+00
4.605216e+00
3.843076e+00
3.112066e+00
2.441915e+00
1.857381e+00
1.371646e+00
9.854656e-01
6.901754e-01
4.719194e-01
3.153227e-01
2.059137e-01
1.313372e-01
8.170742e-02
4.947119e-02
2.905727e-02
1.647546e-02
8.945002e-03
4.580693e-03
2.141163e-03
8.340789e-04
1.702399e-04
-1.419929e-04
-2.702018e-04
-3.070341e-04
-3.016441e-04
-2.789521e-04
-2.509310e-04
-2.229336e-04
-1.970862e-04
-1.740284e-04
-1.537643e-04
-1.360593e-04
-1.206132e-04
-1.071302e-04
-9.534353e-05
-8.502074e-05
-7.596202e-05
-6.799650e-05
-6.097819e-05
-5.478223e-05
-4.930166e-05
-4.444467e-05
-4.013231e-05
-3.629658e-05
-3.287875e-05
-2.982802e-05
-2.710038e-05
-2.465759e-05
-2.246639e-05
-2.049779e-05
-1.872649e-05
-1.713033e-05
-1.568992e-05
-1.438821e-05
-1.321022e-05
-1.214276e-05
-1.117419e-05
-1.029422e-05
-9.493752e-06
-8.764707e-06
-8.099925e-06
6.618680e+00
6.530166e+00
6.322157e+00
5.972047e+00
5.516276e+00
4.996165e+00
4.434493e+00
3.843076e+00
3.237465e+00
2.642279e+00
2.086212e+00
1.593735e+00
1.179461e+00
8.470273e-01
5.912906e-01
4.018005e-01
2.660309e-01
1.716768e-01
1.079436e-01
6.605206e-02
3.924953e-02
2.256476e-02
1.247105e-02
6.548370e-03
3.187902e-03
1.353264e-03
3.979069e-04
-6.840109e-05
-2.732432e-04
-3.446723e-04
-3.520545e-04
-3.314410e-04
-3.006959e-04
-2.681489e-04
-2.373461e-04
-2.095487e-04
-1.849936e-04
-1.634996e-04
-1.447449e-04
-1.283853e-04
-1.140999e-04
-1.016048e-04
-9.065491e-05
-8.103985e-05
-7.257993e-05
-6.512154e-05
-5.853321e-05
-5.270226e-05
-4.753191e-05
-4.293889e-05
-3.885139e-05
-3.520739e-05
-3.195321e-05
-2.904229e-05
-2.643417e-05
-2.409364e-05
-2.198999e-05
-2.009639e-05
-1.838934e-05
-1.684825e-05
-1.545504e-05
-1.419380e-05
-1.305050e-05
-1.201275e-05
-1.106963e-05
-1.021143e-05
-9.429575e-06
-8.716420e-06
4.840992e+00
4.741551e+00
4.666167e+00
4.514862e+00
4.269384e+00
3.943056e+00
3.552179e+00
3.112066e+00
2.642279e+00
2.168459e+00
1.718200e+00
1.314743e+00
9.726172e-01
6.967073e-01
4.840137e-01
3.265566e-01
2.141780e-01
1.366150e-01
8.472833e-02
5.103647e-02
2.978616e-02
1.676803e-02
9.028923e-03
4.572803e-03
2.096324e-03
7.762950e-04
1.096280e-04
-2.010824e-04
-3.257571e-04
-3.580869e-04
-3.478006e-04
-3.201916e-04
-2.874778e-04
-2.551561e-04
-2.254188e-04
-1.989166e-04
-1.756328e-04
-1.552945e-04
-1.375578e-04
-1.220836e-04
-1.085647e-04
-9.673314e-05
-8.635801e-05
-7.724181e-05
-6.921574e-05
-6.213545e-05
-5.587735e-05
-5.033542e-05
-4.541856e-05
-4.104831e-05
-3.715700e-05
-3.368611e-05
-3.058496e-05
-2.780959e-05
-2.532176e-05
-2.308815e-05
-2.107973e-05
-1.927107e-05
-1.763992e-05
-1.616678e-05
-1.483448e-05
-1.362792e-05
-1.253379e-05
-1.154034e-05
-1.063716e-05
-9.815044e-06
-9.065816e-06
-8.382213e-06
3.495826e+00
3.330191e+00
3.318162e+00
3.295726e+00
3.199281e+00
3.017631e+00
2.759667e+00
2.441915e+00
2.086212e+00
1.718200e+00
1.363495e+00
1.043051e+00
7.700853e-01
5.495496e-01
3.796446e-01
2.542349e-01
1.652015e-01
1.042153e-01
6.381324e-02
3.788350e-02
2.174633e-02
1.200610e-02
6.308342e-03
3.084564e-03
1.327401e-03
4.119072e-04
-3.677524e-05
-2.360747e-04
-3.078711e-04
-3.180927e-04
-3.010523e-04
-2.738341e-04
-2.444791e-04
-2.164684e-04
-1.910873e-04
-1.686216e-04
-1.489405e-04
-1.317653e-04
-1.167875e-04
-1.037149e-04
-9.228769e-05
-8.228015e-05
-7.349866e-05
-6.577759e-05
-5.897539e-05
-5.297093e-05
-4.766045e-05
-4.295486e-05
-3.877759e-05
-3.506260e-05
-3.175293e-05
-2.879928e-05
-2.615891e-05
-2.379474e-05
-2.167448e-05
-1.977001e-05
-1.805676e-05
-1.651324e-05
-1.512063e-05
-1.386240e-05
-1.272401e-05
-1.169268e-05
-1.075709e-05
-9.907291e-06
-9.134440e-06
-8.430717e-06
-7.789175e-06
-7.203641e-06
2.515387e+00
2.281618e+00
2.288507e+00
2.335128e+00
2.329691e+00
2.244291e+00
2.081553e+00
1.857381e+00
1.593735e+00
1.314743e+00
1.043051e+00
7.965038e-01
5.862070e-01
4.164353e-01
2.859749e-01
1.900933e-01
1.224344e-01
7.644957e-02
4.627271e-02
2.711736e-02
1.534254e-02
8.330838e-03
4.288558e-03
2.037019e-03
8.306870e-04
2.145502e-04
-7.971062e-05
-2.050468e-04
-2.457063e-04
-2.464628e-04
-2.301997e-04
-2.080880e-04
-1.852620e-04
-1.638665e-04
-1.446343e-04
-1.276710e-04
-1.128297e-04
-9.988087e-05
-8.858514e-05
-7.872085e-05
-7.009242e-05
-6.253076e-05
-5.589089e-05
-5.004883e-05
-4.489857e-05
-4.034936e-05
-3.632338e-05
-3.275379e-05
-2.958308e-05
-2.676163e-05
-2.424660e-05
-2.200089e-05
-1.999233e-05
-1.819296e-05
-1.657843e-05
-1.512753e-05
-1.382171e-05
-1.264473e-05
-1.158237e-05
-1.062211e-05
-9.752970e-06
-8.965247e-06
-8.250391e-06
-7.600837e-06
-7.009892e-06
-6.471618e-06
-5.980741e-06
-5.532574e-06
1.815382e+00
1.541482e+00
1.545426e+00
1.618037e+00
1.657442e+00
1.627864e+00
1.527872e+00
1.371646e+00
1.179461e+00
9.726172e-01
7.700853e-01
5.862070e-01
4.296492e-01
3.036581e-01
2.072497e-01
1.367723e-01
8.736455e-02
5.404576e-02
3.237840e-02
1.876500e-02
1.049086e-02
5.623414e-03
2.853280e-03
1.331069e-03
5.270373e-04
1.226768e-04
-6.694100e-05
-1.455759e-04
-1.694762e-04
-1.680618e-04
-1.561284e-04
-1.407784e-04
-1.252141e-04
-1.107384e-04
-9.777175e-05
-8.635078e-05
-7.636144e-05
-6.764360e-05
-6.003463e-05
-5.338550e-05
-4.756529e-05
-4.246097e-05
-3.797568e-05
-3.402654e-05
-3.054267e-05
-2.746331e-05
-2.473637e-05
-2.231704e-05
-2.016674e-05
-1.825218e-05
-1.654457e-05
-1.501898e-05
-1.365376e-05
-1.243009e-05
-1.133157e-05
-1.034391e-05
-9.454584e-06
-8.652644e-06
-7.928477e-06
-7.273634e-06
-6.680680e-06
-6.143058e-06
-5.654978e-06
-5.211318e-06
-4.807542e-06
-4.439625e-06
-4.103990e-06
-3.797455e-06
1.316413e+00
1.038775e+00
1.033511e+00
1.106063e+00
1.159024e+00
1.156188e+00
1.094334e+00
9.854656e-01
8.470273e-01
6.967073e-01
5.495496e-01
4.164353e-01
3.036581e-01
2.133926e-01
1.447216e-01
9.483654e-02
6.010825e-02
3.687093e-02
2.189056e-02
1.256822e-02
6.960459e-03
3.697441e-03
1.861283e-03
8.637370e-04
3.426867e-04
8.338247e-05
-3.710094e-05
-8.674629e-05
-1.018796e-04
-1.012325e-04
-9.409626e-05
-8.487217e-05
-7.551924e-05
-6.682418e-05
-5.903689e-05
-5.217662e-05
-4.617361e-05
-4.093151e-05
-3.635298e-05
-3.234903e-05
-2.884161e-05
-2.576330e-05
-2.305632e-05
-2.067121e-05
-1.856563e-05
-1.670327e-05
-1.505296e-05
-1.358788e-05
-1.228490e-05
-1.112408e-05
-1.008813e-05
-9.162088e-06
-8.332937e-06
-7.589363e-06
-6.921501e-06
-6.320736e-06
-5.779529e-06
-5.291275e-06
-4.850173e-06
-4.451126e-06
-4.089640e-06
-3.761752e-06
-3.463962e-06
-3.193171e-06
-2.946631e-06
-2.721906e-06
-2.516827e-06
-2.329465e-06
9.552764e-01
7.044952e-01
6.920134e-01
7.520935e-01
8.009991e-01
8.070017e-01
7.667949e-01
6.901754e-01
5.912906e-01
4.840137e-01
3.796446e-01
2.859749e-01
2.072497e-01
1.447216e-01
9.750140e-02
6.344731e-02
3.991592e-02
2.429406e-02
1.430773e-02
8.149109e-03
4.479706e-03
2.365633e-03
1.187819e-03
5.540589e-04
2.258453e-04
6.352448e-05
-1.180287e-05
-4.319801e-05
-5.337126e-05
-5.388648e-05
-5.041293e-05
-4.560950e-05
-4.065179e-05
-3.601226e-05
-3.184481e-05
-2.816756e-05
-2.494628e-05
-2.213074e-05
-1.966953e-05
-1.751545e-05
-1.562701e-05
-1.396833e-05
-1.250863e-05
-1.122156e-05
-1.008453e-05
-9.078136e-06
-8.185737e-06
-7.392985e-06
-6.687507e-06
-6.058612e-06
-5.497038e-06
-4.994754e-06
-4.544776e-06
-4.141025e-06
-3.778197e-06
-3.451656e-06
-3.157345e-06
-2.891704e-06
-2.651609e-06
-2.434308e-06
-2.237377e-06
-2.058676e-06
-1.896313e-06
-1.748612e-06
-1.614089e-06
-1.491424e-06
-1.379443e-06
-1.277102e-06
6.877081e-01
4.823322e-01
4.673279e-01
5.116035e-01
5.491068e-01
5.549166e-01
5.265930e-01
4.719194e-01
4.018005e-01
3.265566e-01
2.542349e-01
1.900933e-01
1.367723e-01
9.483654e-02
6.344731e-02
4.099571e-02
2.560460e-02
1.546838e-02
9.042267e-03
5.113458e-03
2.793612e-03
1.469291e-03
7.381236e-04
3.479870e-04
1.473180e-04
4.842545e-05
2.368082e-06
-1.723978e-05
-2.414739e-05
-2.527642e-05
-2.398622e-05
-2.184051e-05
-1.952910e-05
-1.733202e-05
-1.534521e-05
-1.358638e-05
-1.204281e-05
-1.069200e-05
-9.510010e-06
-8.474615e-06
-7.566151e-06
-6.767589e-06
-6.064289e-06
-5.443702e-06
-4.895059e-06
-4.409117e-06
-3.977924e-06
-3.594626e-06
-3.253309e-06
-2.948854e-06
-2.676829e-06
-2.433382e-06
-2.215165e-06
-2.019259e-06
-1.843118e-06
-1.684512e-06
-1.541490e-06
-1.412339e-06
-1.295554e-06
-1.189809e-06
-1.093935e-06
-1.006899e-06
-9.277890e-07
-8.557948e-07
-7.901984e-07
-7.303620e-07
-6.757177e-07
-6.257597e-07
4.856978e-01
3.319416e-01
3.185994e-01
3.486505e-01
3.737965e-01
3.762510e-01
3.547433e-01
3.153227e-01
2.660309e-01
2.141780e-01
1.652015e-01
1.224344e-01
8.736455e-02
6.010825e-02
3.991592e-02
2.560460e-02
1.587642e-02
9.521913e-03
5.526340e-03
3.104056e-03
1.686110e-03
8.837093e-04
4.444670e-04
2.119174e-04
9.303296e-05
3.459635e-05
7.246986e-06
-4.662610e-06
-9.194700e-06
-1.036522e-05
-1.010547e-05
-9.308783e-06
-8.369088e-06
-7.448474e-06
-6.605607e-06
-5.855248e-06
-5.194850e-06
-4.615951e-06
-4.108811e-06
-3.664140e-06
-3.273646e-06
-2.930113e-06
-2.627326e-06
-2.359946e-06
-2.123391e-06
-1.913722e-06
-1.727547e-06
-1.561942e-06
-1.414380e-06
-1.282672e-06
-1.164923e-06
-1.059482e-06
-9.649146e-07
-8.799699e-07
-8.035542e-07
-7.347107e-07
-6.726005e-07
-6.164871e-07
-5.657226e-07
-5.197362e-07
-4.780242e-07
-4.401416e-07
-4.056942e-07
-3.743328e-07
-3.457473e-07
-3.196620e-07
-2.958315e-07
-2.740370e-07
3.325705e-01
2.272904e-01
2.180145e-01
2.372963e-01
2.522628e-01
2.513630e-01
2.343774e-01
2.059137e-01
1.716768e-01
1.366150e-01
1.042153e-01
7.644957e-02
5.404576e-02
3.687093e-02
2.429406e-02
1.546838e-02
9.521913e-03
5.669719e-03
3.267233e-03
1.822745e-03
9.842938e-04
5.138539e-04
2.584725e-04
1.243019e-04
5.613383e-05
2.272800e-05
7.037891e-06
7.846480e-08
-2.730004e-06
-3.645636e-06
-3.744792e-06
-3.522276e-06
-3.196137e-06
-2.857177e-06
-2.539815e-06
-2.254562e-06
-2.002379e-06
-1.780798e-06
-1.586401e-06
-1.415766e-06
-1.265784e-06
-1.133728e-06
-1.017243e-06
-9.143004e-07
-8.231586e-07
-7.423177e-07
-6.704856e-07
-6.065470e-07
-5.495374e-07
-4.986212e-07
-4.530729e-07
-4.122619e-07
-3.756387e-07
-3.427238e-07
-3.130978e-07
-2.863936e-07
-2.622891e-07
-2.405013e-07
-2.207811e-07
-2.029088e-07
-1.866906e-07
-1.719549e-07
-1.585498e-07
-1.463407e-07
-1.352080e-07
-1.250451e-07
-1.157572e-07
-1.072598e-07
2.181703e-01
1.528367e-01
1.482251e-01
1.602614e-01
1.681399e-01
1.651116e-01
1.516972e-01
1.313372e-01
1.079436e-01
8.472833e-02
6.381324e-02
4.627271e-02
3.237840e-02
2.189056e-02
1.430773e-02
9.042267e-03
5.526340e-03
3.267233e-03
1.869430e-03
1.035723e-03
5.557702e-04
2.887299e-04
1.449689e-04
7.003324e-05
3.221573e-05
1.376208e-05
5.087501e-06
1.193716e-06
-4.402662e-07
-1.045055e-06
-1.201996e-06
-1.176524e-06
-1.085344e-06
-9.774326e-07
-8.719744e-07
-7.755508e-07
-6.896682e-07
-6.139388e-07
-5.473712e-07
-4.888665e-07
-4.373919e-07
-3.920303e-07
-3.519847e-07
-3.165676e-07
-2.851871e-07
-2.573330e-07
-2.325657e-07
-2.105050e-07
-1.908222e-07
-1.732319e-07
-1.574864e-07
-1.433702e-07
-1.306951e-07
-1.192971e-07
-1.090325e-07
-9.977528e-08
-9.141507e-08
-8.385464e-08
-7.700839e-08
-7.080082e-08
-6.516522e-08
-6.004256e-08
-5.538052e-08
-5.113268e-08
-4.725778e-08
-4.371908e-08
-4.048386e-08
-3.752291e-08
1.353634e-01
9.958513e-02
9.898361e-02
1.065543e-01
1.101386e-01
1.063118e-01
9.599555e-02
8.170742e-02
6.605206e-02
5.103647e-02
3.788350e-02
2.711736e-02
1.876500e-02
1.256822e-02
8.149109e-03
5.113458e-03
3.104056e-03
1.822745e-03
1.035723e-03
5.698161e-04
3.037041e-04
1.568521e-04
7.845071e-05
3.791484e-05
1.760832e-05
7.755720e-06
3.134215e-06
1.048529e-06
1.532421e-07
-2.018615e-07
-3.211180e-07
-3.424192e-07
-3.261282e-07
-2.976463e-07
-2.671211e-07
-2.382757e-07
-2.122374e-07
-1.891424e-07
-1.687836e-07
-1.508617e-07
-1.350756e-07
-1.211513e-07
-1.088486e-07
-9.795933e-08
-8.830381e-08
-7.972715e-08
-7.209554e-08
-6.529332e-08
-5.922025e-08
-5.378936e-08
-4.892503e-08
-4.456141e-08
-4.064100e-08
-3.711360e-08
-3.393522e-08
-3.106728e-08
-2.847589e-08
-2.613125e-08
-2.400707e-08
-2.208016e-08
-2.033000e-08
-1.873844e-08
-1.728937e-08
-1.596850e-08
-1.476311e-08
-1.366188e-08
-1.265472e-08
-1.173259e-08
7.810813e-02
6.207019e-02
6.423824e-02
6.920766e-02
7.053286e-02
6.686102e-02
5.923902e-02
4.947119e-02
3.924953e-02
2.978616e-02
2.174633e-02
1.534254e-02
1.049086e-02
6.960459e-03
4.479706e-03
2.793612e-03
1.686110e-03
9.842938e-04
5.557702e-04
3.037041e-04
1.607496e-04
8.247111e-05
4.102080e-05
1.976671e-05
9.203757e-06
4.114135e-06
1.738010e-06
6.656614e-07
2.005471e-07
9.398856e-09
-6.228990e-08
-8.393131e-08
-8.571883e-08
-8.033666e-08
-7.289725e-08
-6.534484e-08
-5.834494e-08
-5.206932e-08
-4.651115e-08
-4.160686e-08
-3.728100e-08
-3.346145e-08
-3.008377e-08
-2.709174e-08
-2.443669e-08
-2.207657e-08
-1.997502e-08
-1.810057e-08
-1.642594e-08
-1.492742e-08
-1.358440e-08
-1.237888e-08
-1.129519e-08
-1.031957e-08
-9.440000e-09
-8.645920e-09
-7.928044e-09
-7.278197e-09
-6.689169e-09
-6.154590e-09
-5.668826e-09
-5.226887e-09
-4.824343e-09
-4.457259e-09
-4.122134e-09
-3.815847e-09
-3.535614e-09
-3.278950e-09
4.076068e-02
3.651065e-02
4.014824e-02
4.361538e-02
4.394133e-02
4.091771e-02
3.553415e-02
2.905727e-02
2.256476e-02
1.676803e-02
1.200610e-02
8.330838e-03
5.623414e-03
3.697441e-03
2.365633e-03
1.469291e-03
8.837093e-04
5.138539e-04
2.887299e-04
1.568521e-04
8.247111e-05
4.201766e-05
2.076138e-05
9.951219e-06
4.623024e-06
2.075701e-06
8.942745e-07
3.631593e-07
1.323356e-07
3.599992e-08
-1.971254e-09
-1.546597e-08
-1.911011e-08
-1.901702e-08
-1.765356e-08
-1.597301e-08
-1.432069e-08
-1.280655e-08
-1.145366e-08
-1.025531e-08
-9.196238e-09
-8.259974e-09
-7.431242e-09
-6.696523e-09
-6.044048e-09
-5.463621e-09
-4.946417e-09
-4.484785e-09
-4.072088e-09
-3.702554e-09
-3.371155e-09
-3.073508e-09
-2.805780e-09
-2.564617e-09
-2.347075e-09
-2.150573e-09
-1.972835e-09
-1.811859e-09
-1.665878e-09
-1.533329e-09
-1.412829e-09
-1.303151e-09
-1.203206e-09
-1.112028e-09
-1.028754e-09
-9.526151e-10
-8.829268e-10
-8.190756e-10
1.809082e-02
1.991685e-02
2.397177e-02
2.651784e-02
2.650919e-02
2.426864e-02
2.063358e-02
1.647546e-02
1.247105e-02
9.028923e-03
6.308342e-03
4.288558e-03
2.853280e-03
1.861283e-03
1.187819e-03
7.381236e-04
4.444670e-04
2.584725e-04
1.449689e-04
7.845071e-05
4.102080e-05
2.076138e-05
1.018638e-05
4.849881e-06
2.241279e-06
1.004449e-06
4.352469e-07
1.809812e-07
7.083682e-08
2.469981e-08
6.147446e-09
-8.815280e-10
-3.258458e-09
-3.834651e-09
-3.756221e-09
-3.467818e-09
-3.134371e-09
-2.812870e-09
-2.520184e-09
-2.259006e-09
-2.027435e-09
-1.822372e-09
-1.640661e-09
-1.479422e-09
-1.336118e-09
-1.208542e-09
-1.094781e-09
-9.931733e-10
-9.022751e-10
-8.208307e-10
-7.477455e-10
-6.820636e-10
-6.229490e-10
-5.696693e-10
-5.215819e-10
-4.781216e-10
-4.387911e-10
-4.031518e-10
-3.708163e-10
-3.414421e-10
-3.147257e-10
-2.903979e-10
-2.682195e-10
-2.479778e-10
-2.294833e-10
-2.125668e-10
-1.970775e-10
-1.828802e-10
5.543725e-03
9.784068e-03
1.356237e-02
1.547421e-02
1.541732e-02
1.388452e-02
1.153095e-02
8.945002e-03
6.548370e-03
4.572803e-03
3.084564e-03
2.037019e-03
1.331069e-03
8.637370e-04
5.540589e-04
3.479870e-04
2.119174e-04
1.243019e-04
7.003324e-05
3.791484e-05
1.976671e-05
9.951219e-06
4.849881e-06
2.292529e-06
1.052215e-06
4.690368e-07
2.028797e-07
8.490318e-08
3.411663e-08
1.290545e-08
4.335484e-09
1.011014e-09
-2.027528e-10
-5.955731e-10
-6.823503e-10
-6.622642e-10
-6.096760e-10
-5.510966e-10
-4.952832e-10
-4.446524e-10
-3.994731e-10
-3.593543e-10
-3.237515e-10
-2.921277e-10
-2.639982e-10
-2.389370e-10
-2.165733e-10
-1.965848e-10
-1.786911e-10
-1.626480e-10
-1.482424e-10
-1.352881e-10
-1.236222e-10
-1.131017e-10
-1.036012e-10
-9.501019e-11
-8.723148e-11
-8.017923e-11
-7.377760e-11
-6.795944e-11
-6.266527e-11
-5.784225e-11
-5.344343e-11
-4.942704e-11
-4.575580e-11
-4.239649e-11
-3.931938e-11
-3.649788e-11
-5.392145e-04
4.049804e-03
7.194735e-03
8.619297e-03
8.599288e-03
7.613101e-03
6.143273e-03
4.580693e-03
3.187902e-03
2.096324e-03
1.327401e-03
8.306870e-04
5.270373e-04
3.426867e-04
2.258453e-04
1.473180e-04
9.303296e-05
5.613383e-05
3.221573e-05
1.760832e-05
9.203757e-06
4.623024e-06
2.241279e-06
1.052215e-06
4.793805e-07
2.121854e-07
9.126681e-08
3.811641e-08
1.541390e-08
5.991779e-09
2.195941e-09
7.157354e-10
1.611704e-10
-3.443681e-11
-9.543660e-11
-1.080472e-10
-1.043842e-10
-9.599526e-11
-8.684284e-11
-7.818205e-11
-7.033783e-11
-6.333273e-11
-5.710093e-11
-5.155827e-11
-4.662341e-11
-4.222334e-11
-3.829401e-11
-3.477953e-11
-3.163125e-11
-2.880672e-11
-2.626888e-11
-2.398532e-11
-2.192765e-11
-2.007094e-11
-1.839330e-11
-1.687546e-11
-1.550040e-11
-1.425313e-11
-1.312036e-11
-1.209035e-11
-1.115267e-11
-1.029804e-11
-9.518248e-12
-8.805942e-12
-8.154581e-12
-7.558322e-12
-7.011939e-12
-6.510754e-12
-2.854197e-03
1.111178e-03
3.518678e-03
4.549395e-03
4.566056e-03
3.958133e-03
3.064346e-03
2.141163e-03
1.353264e-03
7.762950e-04
4.119072e-04
2.145502e-04
1.226768e-04
8.338247e-05
6.352448e-05
4.842545e-05
3.459635e-05
2.272800e-05
1.376208e-05
7.755720e-06
4.114135e-06
2.075701e-06
1.004449e-06
4.690368e-07
2.121854e-07
9.320577e-08
3.979850e-08
1.652273e-08
6.664473e-09
2.605194e-09
9.804143e-10
3.488076e-10
1.109782e-10
2.484357e-11
-4.574163e-12
-1.347423e-11
-1.525392e-11
-1.472099e-11
-1.354150e-11
-1.226653e-11
-1.106397e-11
-9.975043e-12
-9.001337e-12
-8.133399e-12
-7.359701e-12
-6.669242e-12
-6.052181e-12
-5.499879e-12
-5.004788e-12
-4.560319e-12
-4.160710e-12
-3.800919e-12
-3.476524e-12
-3.183643e-12
-2.918861e-12
-2.679169e-12
-2.461911e-12
-2.264742e-12
-2.085586e-12
-1.922603e-12
-1.774159e-12
-1.638805e-12
-1.515246e-12
-1.402333e-12
-1.299038e-12
-1.204444e-12
-1.117727e-12
-1.038154e-12
-3.218299e-03
-1.878403e-04
1.533380e-03
2.247788e-03
2.278038e-03
1.910237e-03
1.373203e-03
8.340789e-04
3.979069e-04
1.096280e-04
-3.677524e-05
-7.971062e-05
-6.694100e-05
-3.710094e-05
-1.180287e-05
2.368082e-06
7.246986e-06
7.037891e-06
5.087501e-06
3.134215e-06
1.738010e-06
8.942745e-07
4.352469e-07
2.028797e-07
9.126681e-08
3.979850e-08
1.686129e-08
6.947427e-09
2.784507e-09
1.084898e-09
4.100324e-10
1.494492e-10
5.168181e-11
1.612305e-11
3.666148e-12
-4.604794e-13
-1.678787e-12
-1.921906e-12
-1.858410e-12
-1.711712e-12
-1.553123e-12
-1.403620e-12
-1.268143e-12
-1.146803e-12
-1.038420e-12
-9.415878e-13
-8.549775e-13
-7.774000e-13
-7.078110e-13
-6.452961e-13
-5.890551e-13
-5.383870e-13
-4.926764e-13
-4.513825e-13
-4.140294e-13
-3.801973e-13
-3.495157e-13
-3.216568e-13
-2.963304e-13
-2.732792e-13
-2.522746e-13
-2.331133e-13
-2.156143e-13
-1.996160e-13
-1.849744e-13
-1.715605e-13
-1.592591e-13
-1.479666e-13
-2.743521e-03
-6.152849e-04
5.441189e-04
1.014146e-03
1.038393e-03
8.125778e-04
4.868368e-04
1.702399e-04
-6.840109e-05
-2.010824e-04
-2.360747e-04
-2.050468e-04
-1.455759e-04
-8.674629e-05
-4.319801e-05
-1.723978e-05
-4.662610e-06
7.846480e-08
1.193716e-06
1.048529e-06
6.656614e-07
3.631593e-07
1.809812e-07
8.490318e-08
3.811641e-08
1.652273e-08
6.947427e-09
2.839718e-09
1.129318e-09
4.370332e-10
1.644919e-10
6.010929e-11
2.122081e-11
7.136963e-12
2.188553e-12
5.112489e-13
-2.828615e-14
-1.843754e-13
-2.161674e-13
-2.100584e-13
-1.938975e-13
-1.762708e-13
-1.596238e-13
-1.445161e-13
-1.309597e-13
-1.188253e-13
-1.079604e-13
-9.822089e-14
-8.947816e-14
-8.161897e-14
-7.454403e-14
-6.816620e-14
-6.240897e-14
-5.720501e-14
-5.249503e-14
-4.822670e-14
-4.435380e-14
-4.083541e-14
-3.763527e-14
-3.472120e-14
-3.206461e-14
-2.964005e-14
-2.742485e-14
-2.539875e-14
-2.354370e-14
-2.184351e-14
-2.028369e-14
-1.885127e-14
-2.037117e-03
-6.380451e-04
1.012835e-04
3.921318e-04
4.008850e-04
2.544459e-04
4.948261e-05
-1.419929e-04
-2.732432e-04
-3.257571e-04
-3.078711e-04
-2.457063e-04
-1.694762e-04
-1.018796e-04
-5.337126e-05
-2.414739e-05
-9.194700e-06
-2.730004e-06
-4.402662e-07
1.532421e-07
2.005471e-07
1.323356e-07
7.083682e-08
3.411663e-08
1.541390e-08
6.664473e-09
2.784507e-09
1.129318e-09
4.454585e-10
1.710151e-10
6.390694e-11
2.323646e-11
8.209044e-12
2.806587e-12
9.178797e-13
2.768279e-13
6.658408e-14
8.909176e-16
-1.777402e-14
-2.169831e-14
-2.125895e-14
-1.968296e-14
-1.793186e-14
-1.627137e-14
-1.476125e-14
-1.340347e-14
-1.218554e-14
-1.109267e-14
-1.011091e-14
-9.227775e-15
-8.432252e-15
-7.714672e-15
-7.066529e-15
-6.480334e-15
-5.949485e-15
-5.468151e-15
-5.031178e-15
-4.634000e-15
-4.272568e-15
-3.943287e-15
-3.642959e-15
-3.368737e-15
-3.118082e-15
-2.888727e-15
-2.678645e-15
-2.486023e-15
-2.309235e-15
-2.146823e-15
-1.382224e-03
-5.126264e-04
-6.563534e-05
1.011062e-04
9.321061e-05
-1.034006e-05
-1.477070e-04
-2.702018e-04
-3.446723e-04
-3.580869e-04
-3.180927e-04
-2.464628e-04
-1.680618e-04
-1.012325e-04
-5.388648e-05
-2.527642e-05
-1.036522e-05
-3.645636e-06
-1.045055e-06
-2.018615e-07
9.398856e-09
3.599992e-08
2.469981e-08
1.290545e-08
5.991779e-09
2.605194e-09
1.084898e-09
4.370332e-10
1.710151e-10
6.511159e-11
2.413400e-11
8.709235e-12
3.058948e-12
1.044571e-12
3.457162e-13
1.098751e-13
3.255885e-14
8.030235e-15
5.872119e-16
-1.490355e-15
-1.941953e-15
-1.926133e-15
-1.790447e-15
-1.634980e-15
-1.486606e-15
-1.351306e-15
-1.229395e-15
-1.119811e-15
-1.021274e-15
-9.325708e-16
-8.526155e-16
-7.804494e-16
-7.152274e-16
-6.562051e-16
-6.027253e-16
-5.542076e-16
-5.101380e-16
-4.700612e-16
-4.335732e-16
-4.003149e-16
-3.699666e-16
-3.422437e-16
-3.168921e-16
-2.936848e-16
-2.724187e-16
-2.529121e-16
-2.350019e-16
-2.185417e-16
-8.766620e-04
-3.628574e-04
-1.072454e-04
-2.158073e-05
-4.274427e-05
-1.230095e-04
-2.224750e-04
-3.070341e-04
-3.520545e-04
-3.478006e-04
-3.010523e-04
-2.301997e-04
-1.561284e-04
-9.409626e-05
-5.041293e-05
-2.398622e-05
-1.010547e-05
-3.744792e-06
-1.201996e-06
-3.211180e-07
-6.228990e-08
-1.971254e-09
6.147446e-09
4.335484e-09
2.195941e-09
9.804143e-10
4.100324e-10
1.644919e-10
6.390694e-11
2.413400e-11
8.870695e-12
3.174751e-12
1.106370e-12
3.753370e-13
1.238568e-13
3.966140e-14
1.223700e-14
3.555298e-15
8.922509e-16
1.080994e-16
-1.066736e-16
-1.546945e-16
-1.561864e-16
-1.459296e-16
-1.336007e-16
-1.217247e-16
-1.108595e-16
-1.010476e-16
-9.220950e-17
-8.424614e-17
-7.706312e-17
-7.057576e-17
-6.470914e-17
-5.939709e-17
-5.458118e-17
-5.020972e-17
-4.623693e-17
-4.262224e-17
-3.932960e-17
-3.632694e-17
-3.358573e-17
-3.108050e-17
-2.878854e-17
-2.668954e-17
-2.476530e-17
-2.299955e-17
-2.137766e-17
-1.988649e-17
-5.265979e-04
-2.374312e-04
-1.004048e-04
-6.458249e-05
-9.423304e-05
-1.609947e-04
-2.384508e-04
-3.016441e-04
-3.314410e-04
-3.201916e-04
-2.738341e-04
-2.080880e-04
-1.407784e-04
-8.487217e-05
-4.560950e-05
-2.184051e-05
-9.308783e-06
-3.522276e-06
-1.176524e-06
-3.424192e-07
-8.393131e-08
-1.546597e-08
-8.815280e-10
1.011014e-09
7.157354e-10
3.488076e-10
1.494492e-10
6.010929e-11
2.323646e-11
8.709235e-12
3.174751e-12
1.126654e-12
3.893492e-13
1.310249e-13
4.292831e-14
1.368496e-14
4.237340e-15
1.267620e-15
3.601014e-16
9.111355e-17
1.434199e-17
-6.242796e-18
-1.093575e-17
-1.132922e-17
-1.065559e-17
-9.783121e-18
-8.931775e-18
-8.149781e-18
-7.441944e-18
-6.803061e-18
-6.226268e-18
-5.704985e-18
-5.233293e-18
-4.805942e-18
-4.418288e-18
-4.066218e-18
-3.746088e-18
-3.454663e-18
-3.189071e-18
-2.946752e-18
-2.725427e-18
-2.523064e-18
-2.337846e-18
-2.168147e-18
-2.012513e-18
-1.869638e-18
-1.738352e-18
-1.617601e-18
-3.023425e-04
-1.475978e-04
-8.032801e-05
-7.316112e-05
-1.069299e-04
-1.647880e-04
-2.285017e-04
-2.789521e-04
-3.006959e-04
-2.874778e-04
-2.444791e-04
-1.852620e-04
-1.252141e-04
-7.551924e-05
-4.065179e-05
-1.952910e-05
-8.369088e-06
-3.196137e-06
-1.085344e-06
-3.261282e-07
-8.571883e-08
-1.911011e-08
-3.258458e-09
-2.027528e-10
1.611704e-10
1.109782e-10
5.168181e-11
2.122081e-11
8.209044e-12
3.058948e-12
1.106370e-12
3.893492e-13
1.334120e-13
4.451767e-14
1.446545e-14
4.576260e-15
1.408840e-15
4.215285e-16
1.221046e-16
3.381327e-17
8.544899e-18
1.564455e-18
-2.623286e-19
-6.826362e-19
-7.345739e-19
-6.969307e-19
-6.419196e-19
-5.872718e-19
-5.368335e-19
-4.910669e-19
-4.496758e-19
-4.122356e-19
-3.783351e-19
-3.476033e-19
-3.197104e-19
-2.943642e-19
-2.713053e-19
-2.503032e-19
-2.311533e-19
-2.136729e-19
-1.976996e-19
-1.830881e-19
-1.697085e-19
-1.574447e-19
-1.461926e-19
-1.358588e-19
-1.263593e-19
-1.176188e-19
-1.672466e-04
-8.911891e-05
-6.079371e-05
-6.879088e-05
-1.034344e-04
-1.545136e-04
-2.087700e-04
-2.509310e-04
-2.681489e-04
-2.551561e-04
-2.164684e-04
-1.638665e-04
-1.107384e-04
-6.682418e-05
-3.601226e-05
-1.733202e-05
-7.448474e-06
-2.857177e-06
-9.774326e-07
-2.976463e-07
-8.033666e-08
-1.901702e-08
-3.834651e-09
-5.955731e-10
-3.443681e-11
2.484357e-11
1.612305e-11
7.136963e-12
2.806587e-12
1.044571e-12
3.753370e-13
1.310249e-13
4.451767e-14
1.472842e-14
4.745121e-15
1.488559e-15
4.545971e-16
1.351000e-16
3.903306e-17
1.093342e-17
2.942442e-18
7.361146e-19
1.470940e-19
-2.848505e-21
-3.730087e-20
-4.252865e-20
-4.082145e-20
-3.773808e-20
-3.459793e-20
-3.168268e-20
-2.903069e-20
-2.662753e-20
-2.444972e-20
-2.247424e-20
-2.068022e-20
-1.904911e-20
-1.756441e-20
-1.621146e-20
-1.497721e-20
-1.385002e-20
-1.281952e-20
-1.187645e-20
-1.101251e-20
-1.022027e-20
-9.493082e-21
-8.824965e-21
-8.210548e-21
-7.644998e-21
-8.993665e-05
-5.349828e-05
-4.570653e-05
-6.078712e-05
-9.424182e-05
-1.396066e-04
-1.867112e-04
-2.229336e-04
-2.373461e-04
-2.254188e-04
-1.910873e-04
-1.446343e-04
-9.777175e-05
-5.903689e-05
-3.184481e-05
-1.534521e-05
-6.605607e-06
-2.539815e-06
-8.719744e-07
-2.671211e-07
-7.289725e-08
-1.765356e-08
-3.756221e-09
-6.823503e-10
-9.543660e-11
-4.574163e-12
3.666148e-12
2.188553e-12
9.178797e-13
3.457162e-13
1.238568e-13
4.292831e-14
1.446545e-14
4.745121e-15
1.515657e-15
4.713863e-16
1.427297e-16
4.206436e-17
1.206179e-17
3.362564e-18
9.095265e-19
2.371861e-19
5.827522e-20
1.219641e-20
8.269797e-22
-1.755696e-21
-2.195189e-21
-2.140777e-21
-1.987649e-21
-1.826169e-21
-1.675184e-21
-1.537470e-21
-1.412439e-21
-1.298929e-21
-1.195784e-21
-1.101954e-21
-1.016501e-21
-9.385910e-22
-8.674808e-22
-8.025079e-22
-7.430805e-22
-6.886699e-22
-6.388026e-22
-5.930544e-22
-5.510448e-22
-5.124320e-22
-4.769085e-22
-4.441977e-22
-4.759950e-05
-3.280249e-05
-3.508979e-05
-5.271044e-05
-8.385822e-05
-1.241732e-04
-1.654810e-04
-1.970862e-04
-2.095487e-04
-1.989166e-04
-1.686216e-04
-1.276710e-04
-8.635078e-05
-5.217662e-05
-2.816756e-05
-1.358638e-05
-5.855248e-06
-2.254562e-06
-7.755508e-07
-2.382757e-07
-6.534484e-08
-1.597301e-08
-3.467818e-09
-6.622642e-10
-1.080472e-10
-1.347423e-11
-4.604794e-13
5.112489e-13
2.768279e-13
1.098751e-13
3.966140e-14
1.368496e-14
4.576260e-15
1.488559e-15
4.713863e-16
1.453395e-16
4.362503e-17
1.274517e-17
3.623195e-18
1.001835e-18
2.692503e-19
7.022594e-20
1.769563e-20
4.239857e-21
9.030477e-22
1.079984e-22
-6.886709e-23
-1.008103e-22
-1.004950e-22
-9.378589e-23
-8.635492e-23
-7.934764e-23
-7.293910e-23
-6.711012e-23
-6.180921e-23
-5.698422e-23
-5.258768e-23
-4.857719e-23
-4.491491e-23
-4.156709e-23
-3.850358e-23
-3.569741e-23
-3.312441e-23
-3.076293e-23
-2.859352e-23
-2.659870e-23
-2.476276e-23
-2.307152e-23
-2.526612e-05
-2.113109e-05
-2.785242e-05
-4.563722e-05
-7.400811e-05
-1.098047e-04
-1.462183e-04
-1.740284e-04
-1.849936e-04
-1.756328e-04
-1.489405e-04
-1.128297e-04
-7.636144e-05
-4.617361e-05
-2.494628e-05
-1.204281e-05
-5.194850e-06
-2.002379e-06
-6.896682e-07
-2.122374e-07
-5.834494e-08
-1.432069e-08
-3.134371e-09
-6.096760e-10
-1.043842e-10
-1.525392e-11
-1.678787e-12
-2.828615e-14
6.658408e-14
3.255885e-14
1.223700e-14
4.237340e-15
1.408840e-15
4.545971e-16
1.427297e-16
4.362503e-17
1.297993e-17
3.758705e-18
1.059043e-18
2.902293e-19
7.732313e-20
2.001257e-20
5.025040e-21
1.220013e-21
2.832502e-22
6.010076e-23
8.966166e-24
-2.072118e-24
-4.108822e-24
-4.222667e-24
-3.964448e-24
-3.658261e-24
-3.366759e-24
-3.099501e-24
-2.856009e-24
-2.634218e-24
-2.432012e-24
-2.247468e-24
-2.078863e-24
-1.924662e-24
-1.783490e-24
-1.654117e-24
-1.535443e-24
-1.426476e-24
-1.326331e-24
-1.234208e-24
-1.149388e-24
-1.071223e-24
-1.383228e-05
-1.460983e-05
-2.287607e-05
-3.969908e-05
-6.521618e-05
-9.697907e-05
-1.291754e-04
-1.537643e-04
-1.634996e-04
-1.552945e-04
-1.317653e-04
-9.988087e-05
-6.764360e-05
-4.093151e-05
-2.213074e-05
-1.069200e-05
-4.615951e-06
-1.780798e-06
-6.139388e-07
-1.891424e-07
-5.206932e-08
-1.280655e-08
-2.812870e-09
-5.510966e-10
-9.599526e-11
-1.472099e-11
-1.921906e-12
-1.843754e-13
8.909176e-16
8.030235e-15
3.555298e-15
1.267620e-15
4.215285e-16
1.351000e-16
4.206436e-17
1.274517e-17
3.758705e-18
1.078750e-18
3.012093e-19
8.179329e-20
2.159037e-20
5.536362e-21
1.377960e-21
3.324342e-22
7.752030e-23
1.733242e-23
3.601757e-24
5.905637e-25
-3.413670e-26
-1.483983e-25
-1.589077e-25
-1.501655e-25
-1.388397e-25
-1.279615e-25
-1.179714e-25
-1.088578e-25
-1.005441e-25
-9.295286e-26
-8.601398e-26
-7.966484e-26
-7.384946e-26
-6.851772e-26
-6.362469e-26
-5.913003e-26
-5.499748e-26
-5.119441e-26
-4.769144e-26
-4.446207e-26
-8.090253e-06
-1.090252e-05
-1.932693e-05
-3.474060e-05
-5.753769e-05
-8.572162e-05
-1.142506e-04
-1.360593e-04
-1.447449e-04
-1.375578e-04
-1.167875e-04
-8.858514e-05
-6.003463e-05
-3.635298e-05
-1.966953e-05
-9.510010e-06
-4.108811e-06
-1.586401e-06
-5.473712e-07
-1.687836e-07
-4.651115e-08
-1.145366e-08
-2.520184e-09
-4.952832e-10
-8.684284e-11
-1.354150e-11
-1.858410e-12
-2.161674e-13
-1.777402e-14
5.872119e-16
8.922509e-16
3.601014e-16
1.221046e-16
3.903306e-17
1.206179e-17
3.623195e-18
1.059043e-18
3.012093e-19
8.333593e-20
2.241976e-20
5.861946e-21
1.488612e-21
3.668454e-22
8.763068e-23
2.025771e-23
4.519184e-24
9.664331e-25
1.936628e-25
3.255977e-26
8.195017e-28
-4.770475e-27
-5.368451e-27
-5.100377e-27
-4.721336e-27
-4.356422e-27
-4.021556e-27
-3.715898e-27
-3.436721e-27
-3.181435e-27
-2.947740e-27
-2.733593e-27
-2.537167e-27
-2.356825e-27
-2.191093e-27
-2.038650e-27
-1.898304e-27
-1.768980e-27
-1.649712e-27
-5.212896e-06
-8.688698e-06
-1.666454e-05
-3.056553e-05
-5.087166e-05
-7.589720e-05
-1.012243e-04
-1.206132e-04
-1.283853e-04
-1.220836e-04
-1.037149e-04
-7.872085e-05
-5.338550e-05
-3.234903e-05
-1.751545e-05
-8.474615e-06
-3.664140e-06
-1.415766e-06
-4.888665e-07
-1.508617e-07
-4.160686e-08
-1.025531e-08
-2.259006e-09
-4.446524e-10
-7.818205e-11
-1.226653e-11
-1.711712e-12
-2.100584e-13
-2.169831e-14
-1.490355e-15
1.080994e-16
9.111355e-17
3.381327e-17
1.093342e-17
3.362564e-18
1.001835e-18
2.902293e-19
8.179329e-20
2.241976e-20
5.974443e-21
1.546946e-21
3.889158e-22
9.485114e-23
2.241390e-23
5.123700e-24
1.130467e-24
2.398848e-25
4.862100e-26
9.232307e-27
1.509760e-27
9.111399e-29
-1.402875e-28
-1.639871e-28
-1.556177e-28
-1.439083e-28
-1.328535e-28
-1.227787e-28
-1.135921e-28
-1.051941e-28
-9.750442e-29
-9.045503e-29
-8.398610e-29
-7.804421e-29
-7.258138e-29
-6.755445e-29
-6.292455e-29
-5.865660e-29
-5.471895e-29
-3.734406e-06
-7.259423e-06
-1.456453e-05
-2.700959e-05
-4.508321e-05
-6.733110e-05
-8.985716e-05
-1.071302e-04
-1.140999e-04
-1.085647e-04
-9.228769e-05
-7.009242e-05
-4.756529e-05
-2.884161e-05
-1.562701e-05
-7.566151e-06
-3.273646e-06
-1.265784e-06
-4.373919e-07
-1.350756e-07
-3.728100e-08
-9.196238e-09
-2.027435e-09
-3.994731e-10
-7.033783e-11
-1.106397e-11
-1.553123e-12
-1.938975e-13
-2.125895e-14
-1.941953e-15
-1.066736e-16
1.434199e-17
8.544899e-18
2.942442e-18
9.095265e-19
2.692503e-19
7.732313e-20
2.159037e-20
5.861946e-21
1.546946e-21
3.965487e-22
9.866565e-23
2.380367e-23
5.561014e-24
1.255811e-24
2.734575e-25
5.721620e-26
1.144059e-26
2.165169e-27
3.792134e-28
5.654944e-29
3.284616e-30
-4.124764e-30
-4.610405e-30
-4.281096e-30
-3.933687e-30
-3.628884e-30
-3.356654e-30
-3.109341e-30
-2.883137e-30
-2.675721e-30
-2.485292e-30
-2.310293e-30
-2.149330e-30
-2.001147e-30
-1.864610e-30
-1.738698e-30
-1.622485e-30
-2.925236e-06
-6.249013e-06
-1.283969e-05
-2.394995e-05
-4.004492e-05
-5.985384e-05
-7.992575e-05
-9.534353e-05
-1.016048e-04
-9.673314e-05
-8.228015e-05
-6.253076e-05
-4.246097e-05
-2.576330e-05
-1.396833e-05
-6.767589e-06
-2.930113e-06
-1.133728e-06
-3.920303e-07
-1.211513e-07
-3.346145e-08
-8.259974e-09
-1.822372e-09
-3.593543e-10
-6.333273e-11
-9.975043e-12
-1.403620e-12
-1.762708e-13
-1.968296e-14
-1.926133e-15
-1.546945e-16
-6.242796e-18
1.564455e-18
7.361146e-19
2.371861e-19
7.022594e-20
2.001257e-20
5.536362e-21
1.488612e-21
3.889158e-22
9.866565e-23
2.428472e-23
5.792447e-24
1.336901e-24
2.979624e-25
6.394687e-26
1.316128e-26
2.581695e-27
4.778019e-28
8.189941e-29
1.246483e-29
1.448512e-30
-1.991817e-32
-1.399839e-31
-1.225915e-31
-1.063283e-31
-9.618283e-32
-8.861144e-32
-8.208804e-32
-7.617064e-32
-7.073666e-32
-6.573646e-32
-6.113408e-32
-5.689645e-32
-5.299252e-32
-4.939347e-32
-4.607295e-32
-4.300695e-32
-2.435089e-06
-5.473927e-06
-1.138247e-05
-2.129677e-05
-3.564719e-05
-5.331483e-05
-7.123324e-05
-8.502074e-05
-9.065491e-05
-8.635801e-05
-7.349866e-05
-5.589089e-05
-3.797568e-05
-2.305632e-05
-1.250863e-05
-6.064289e-06
-2.627326e-06
-1.017243e-06
-3.519847e-07
-1.088486e-07
-3.008377e-08
-7.431242e-09
-1.640661e-09
-3.237515e-10
-5.710093e-11
-9.001337e-12
-1.268143e-12
-1.596238e-13
-1.793186e-14
-1.790447e-15
-1.561864e-16
-1.093575e-17
-2.623286e-19
1.470940e-19
5.827522e-20
1.769563e-20
5.025040e-21
1.377960e-21
3.668454e-22
9.485114e-23
2.380367e-23
5.792447e-24
1.364996e-24
3.109536e-25
6.831574e-26
1.442603e-26
2.913581e-27
5.585144e-28
1.003298e-28
1.649580e-29
2.357223e-30
2.495522e-31
1.806716e-33
-1.000068e-32
-5.049779e-33
-2.837188e-33
-2.206917e-33
-2.010064e-33
-1.890755e-33
-1.776522e-33
-1.661657e-33
-1.549998e-33
-1.444303e-33
-1.345648e-33
-1.254162e-33
-1.169546e-33
-1.091346e-33
-1.019070e-33
-2.100680e-06
-4.842878e-06
-1.012914e-05
-1.898310e-05
-3.179817e-05
-4.758436e-05
-6.360995e-05
-7.596202e-05
-8.103985e-05
-7.724181e-05
-6.577759e-05
-5.004883e-05
-3.402654e-05
-2.067121e-05
-1.122156e-05
-5.443702e-06
-2.359946e-06
-9.143004e-07
-3.165676e-07
-9.795933e-08
-2.709174e-08
-6.696523e-09
-1.479422e-09
-2.921277e-10
-5.155827e-11
-8.133399e-12
-1.146803e-12
-1.445161e-13
-1.627137e-14
-1.634980e-15
-1.459296e-16
-1.132922e-17
-6.826362e-19
-2.848505e-21
1.219641e-20
4.239857e-21
1.220013e-21
3.324342e-22
8.763068e-23
2.241390e-23
5.561014e-24
1.336901e-24
3.109536e-25
6.983108e-26
1.509793e-26
3.129794e-27
6.182387e-28
1.152256e-28
1.991890e-29
3.088729e-30
3.964147e-31
3.087920e-32
-2.915813e-33
-1.829608e-33
-3.563001e-34
2.295344e-35
4.519196e-35
1.110056e-35
-1.377822e-35
-2.568057e-35
-2.993599e-35
-3.054426e-35
-2.959897e-35
-2.806834e-35
-2.637332e-35
-2.468847e-35
-2.308151e-35
-2.157492e-35
-1.847394e-06
-4.309621e-06
-9.039418e-06
-1.695725e-05
-2.842100e-05
-4.255180e-05
-5.691072e-05
-6.799650e-05
-7.257993e-05
-6.921574e-05
-5.897539e-05
-4.489857e-05
-3.054267e-05
-1.856563e-05
-1.008453e-05
-4.895059e-06
-2.123391e-06
-8.231586e-07
-2.851871e-07
-8.830381e-08
-2.443669e-08
-6.044048e-09
-1.336118e-09
-2.639982e-10
-4.662341e-11
-7.359701e-12
-1.038420e-12
-1.309597e-13
-1.476125e-14
-1.486606e-15
-1.336007e-16
-1.065559e-17
-7.345739e-19
-3.730087e-20
8.269797e-22
9.030477e-22
2.832502e-22
7.752030e-23
2.025771e-23
5.123700e-24
1.255811e-24
2.979624e-25
6.831574e-26
1.509793e-26
3.204901e-27
6.500556e-28
1.249758e-28
2.247242e-29
3.688865e-30
5.252557e-31
5.628988e-32
1.715952e-33
-1.010671e-33
-1.757862e-34
1.010292e-34
1.022755e-34
5.952373e-35
2.896315e-35
1.284894e-35
5.282847e-36
1.926260e-36
4.886977e-37
-1.062155e-37
-3.387404e-37
-4.177935e-37
-4.330276e-37
-4.225778e-37
-4.025320e-37
-1.641226e-06
-3.849367e-06
-8.085685e-06
-1.517788e-05
-2.545105e-05
-3.812294e-05
-5.101159e-05
-6.097819e-05
-6.512154e-05
-6.213545e-05
-5.297093e-05
-4.034936e-05
-2.746331e-05
-1.670327e-05
-9.078136e-06
-4.409117e-06
-1.913722e-06
-7.423177e-07
-2.573330e-07
-7.972715e-08
-2.207657e-08
-5.463621e-09
-1.208542e-09
-2.389370e-10
-4.222334e-11
-6.669242e-12
-9.415878e-13
-1.188253e-13
-1.340347e-14
-1.351306e-15
-1.217247e-16
-9.783121e-18
-6.969307e-19
-4.252865e-20
-1.755696e-21
1.079984e-22
6.010076e-23
1.733242e-23
4.519184e-24
1.130467e-24
2.734575e-25
6.394687e-26
1.442603e-26
3.129794e-27
6.500556e-28
1.283700e-28
2.383825e-29
4.084430e-30
6.225043e-31
7.756759e-32
5.937323e-33
-2.362315e-34
-3.468478e-35
1.329670e-34
1.138095e-34
6.533454e-35
3.223466e-35
1.480498e-35
6.554545e-36
2.843777e-36
1.217765e-36
5.151981e-37
2.141728e-37
8.600360e-38
3.179678e-38
9.100521e-39
-2.235464e-40
-3.898682e-39
-1.466252e-06
-3.447484e-06
-7.247405e-06
-1.361099e-05
-2.283362e-05
-3.421743e-05
-4.580663e-05
-5.478223e-05
-5.853321e-05
-5.587735e-05
-4.766045e-05
-3.632338e-05
-2.473637e-05
-1.505296e-05
-8.185737e-06
-3.977924e-06
-1.727547e-06
-6.704856e-07
-2.325657e-07
-7.209554e-08
-1.997502e-08
-4.946417e-09
-1.094781e-09
-2.165733e-10
-3.829401e-11
-6.052181e-12
-8.549775e-13
-1.079604e-13
-1.218554e-14
-1.229395e-15
-1.108595e-16
-8.931775e-18
-6.419196e-19
-4.082145e-20
-2.195189e-21
-6.886709e-23
8.966166e-24
3.601757e-24
9.664331e-25
2.398848e-25
5.721620e-26
1.316128e-26
2.913581e-27
6.182387e-28
1.249758e-28
2.383825e-29
4.222583e-30
6.748501e-31
9.174929e-32
9.183576e-33
4.310787e-34
9.809841e-35
1.634602e-34
1.238730e-34
6.986056e-35
3.448267e-35
1.591961e-35
7.096408e-36
3.104212e-36
1.343638e-36
5.778926e-37
2.474641e-37
1.055902e-37
4.489329e-38
1.900273e-38
7.989360e-39
3.317786e-39
1.342825e-39
-1.314455e-06
-3.094276e-06
-6.508353e-06
-1.222812e-05
-2.052215e-05
-3.076658e-05
-4.120516e-05
-4.930166e-05
-5.270226e-05
-5.033542e-05
-4.295486e-05
-3.275379e-05
-2.231704e-05
-1.358788e-05
-7.392985e-06
-3.594626e-06
-1.561942e-06
-6.065470e-07
-2.105050e-07
-6.529332e-08
-1.810057e-08
-4.484785e-09
-9.931733e-10
-1.965848e-10
-3.477953e-11
-5.499879e-12
-7.774000e-13
-9.822089e-14
-1.109267e-14
-1.119811e-15
-1.010476e-16
-8.149781e-18
-5.872718e-19
-3.773808e-20
-2.140777e-21
-1.008103e-22
-2.072118e-24
5.905637e-25
1.936628e-25
4.862100e-26
1.144059e-26
2.581695e-27
5.585144e-28
1.152256e-28
2.247242e-29
4.084430e-30
6.748501e-31
9.672828e-32
1.094865e-32
8.830667e-34
2.018632e-34
1.893036e-34
1.325084e-34
7.371609e-35
3.640886e-35
1.688690e-35
7.571130e-36
3.331816e-36
1.450804e-36
6.276961e-37
2.704031e-37
1.161029e-37
4.971211e-38
2.123127e-38
9.045525e-39
3.844560e-39
1.629967e-39
6.891425e-40
-1.181276e-06
-2.782601e-06
-5.855199e-06
-1.100514e-05
-1.847685e-05
-2.771158e-05
-3.712942e-05
-4.444467e-05
-4.753191e-05
-4.541856e-05
-3.877759e-05
-2.958308e-05
-2.016674e-05
-1.228490e-05
-6.687507e-06
-3.253309e-06
-1.414380e-06
-5.495374e-07
-1.908222e-07
-5.922025e-08
-1.642594e-08
-4.072088e-09
-9.022751e-10
-1.786911e-10
-3.163125e-11
-5.004788e-12
-7.078110e-13
-8.947816e-14
-1.011091e-14
-1.021274e-15
-9.220950e-17
-7.441944e-18
-5.368335e-19
-3.459793e-20
-1.987649e-21
-1.004950e-22
-4.108822e-24
-3.413670e-26
3.255977e-26
9.232307e-27
2.165169e-27
4.778019e-28
1.003298e-28
1.991890e-29
3.688865e-30
6.225043e-31
9.174929e-32
1.094865e-32
1.042942e-33
2.587732e-34
2.066436e-34
1.388628e-34
7.668046e-35
3.794319e-35
1.768389e-35
7.974488e-36
3.530481e-36
1.546530e-36
6.730512e-37
2.916130e-37
1.259175e-37
5.421397e-38
2.328081e-38
9.972683e-39
4.261817e-39
1.817095e-39
7.730109e-40
3.281254e-40
-1.063731e-06
-2.506801e-06
-5.276730e-06
-9.921423e-06
-1.666360e-05
-2.500190e-05
-3.351258e-05
-4.013231e-05
-4.293889e-05
-4.104831e-05
-3.506260e-05
-2.676163e-05
-1.825218e-05
-1.112408e-05
-6.058612e-06
-2.948854e-06
-1.282672e-06
-4.986212e-07
-1.732319e-07
-5.378936e-08
-1.492742e-08
-3.702554e-09
-8.208307e-10
-1.626480e-10
-2.880672e-11
-4.560319e-12
-6.452961e-13
-8.161897e-14
-9.227775e-15
-9.325708e-16
-8.424614e-17
-6.803061e-18
-4.910669e-19
-3.168268e-20
-1.826169e-21
-9.378589e-23
-4.222667e-24
-1.483983e-25
8.195017e-28
1.509760e-27
3.792134e-28
8.189941e-29
1.649580e-29
3.088729e-30
5.252557e-31
7.756759e-32
9.183576e-33
8.830667e-34
2.587732e-34
2.127514e-34
1.422357e-34
7.855117e-35
3.901231e-35
1.827880e-35
8.291723e-36
3.693340e-36
1.627702e-36
7.126134e-37
3.105651e-37
1.348724e-37
5.839734e-38
2.521629e-38
1.086063e-38
4.666141e-39
1.999967e-39
8.552204e-40
3.648789e-40
1.553314e-40
-9.596080e-07
-2.262195e-06
-4.763398e-06
-8.959306e-06
-1.505310e-05
-2.259407e-05
-3.029710e-05
-3.629658e-05
-3.885139e-05
-3.715700e-05
-3.175293e-05
-2.424660e-05
-1.654457e-05
-1.008813e-05
-5.497038e-06
-2.676829e-06
-1.164923e-06
-4.530729e-07
-1.574864e-07
-4.892503e-08
-1.358440e-08
-3.371155e-09
-7.477455e-10
-1.482424e-10
-2.626888e-11
-4.160710e-12
-5.890551e-13
-7.454403e-14
-8.432252e-15
-8.526155e-16
-7.706312e-17
-6.226268e-18
-4.496758e-19
-2.903069e-20
-1.675184e-21
-8.635492e-23
-3.964448e-24
-1.589077e-25
-4.770475e-27
9.111399e-29
5.654944e-29
1.246483e-29
2.357223e-30
3.964147e-31
5.628988e-32
5.937323e-33
4.310787e-34
2.018632e-34
2.066436e-34
1.422357e-34
7.919094e-35
3.956147e-35
1.864650e-35
8.510555e-36
3.814360e-36
1.691407e-36
7.450041e-37
3.266196e-37
1.426758e-37
6.213163e-38
2.698047e-38
1.168503e-38
5.047761e-39
2.175155e-39
9.350462e-40
4.010088e-40
1.715843e-40
7.325340e-41
-8.671402e-07
-2.044821e-06
-4.307017e-06
-8.103574e-06
-1.362006e-05
-2.045061e-05
-2.743334e-05
-3.287875e-05
-3.520739e-05
-3.368611e-05
-2.879928e-05
-2.200089e-05
-1.501898e-05
-9.162088e-06
-4.994754e-06
-2.433382e-06
-1.059482e-06
-4.122619e-07
-1.433702e-07
-4.456141e-08
-1.237888e-08
-3.073508e-09
-6.820636e-10
-1.352881e-10
-2.398532e-11
-3.800919e-12
-5.383870e-13
-6.816620e-14
-7.714672e-15
-7.804494e-16
-7.057576e-17
-5.704985e-18
-4.122356e-19
-2.662753e-20
-1.537470e-21
-7.934764e-23
-3.658261e-24
-1.501655e-25
-5.368451e-27
-1.402875e-28
3.284616e-30
1.448512e-30
2.495522e-31
3.087920e-32
1.715952e-33
-2.362315e-34
9.809841e-35
1.893036e-34
1.388628e-34
7.855117e-35
3.956147e-35
1.877091e-35
8.622243e-36
3.888916e-36
1.735278e-36
7.690486e-37
3.392087e-37
1.490593e-37
6.529207e-38
2.851628e-38
1.242014e-38
5.395202e-39
2.337606e-39
1.010293e-39
4.355754e-40
1.873460e-40
8.039253e-41
3.441921e-41
-7.848514e-07
-1.851288e-06
-3.900533e-06
-7.341104e-06
-1.234268e-05
-1.853914e-05
-2.487837e-05
-2.982802e-05
-3.195321e-05
-3.058496e-05
-2.615891e-05
-1.999233e-05
-1.365376e-05
-8.332937e-06
-4.544776e-06
-2.215165e-06
-9.649146e-07
-3.756387e-07
-1.306951e-07
-4.064100e-08
-1.129519e-08
-2.805780e-09
-6.229490e-10
-1.236222e-10
-2.192765e-11
-3.476524e-12
-4.926764e-13
-6.240897e-14
-7.066529e-15
-7.152274e-16
-6.470914e-17
-5.233293e-18
-3.783351e-19
-2.444972e-20
-1.412439e-21
-7.293910e-23
-3.366759e-24
-1.388397e-25
-5.100377e-27
-1.639871e-28
-4.124764e-30
-1.991817e-32
1.806716e-33
-2.915813e-33
-1.010671e-33
-3.468478e-35
1.634602e-34
1.325084e-34
7.668046e-35
3.901231e-35
1.864650e-35
8.622243e-36
3.914099e-36
1.757645e-36
7.838508e-37
3.478728e-37
1.537949e-37
6.776856e-38
2.977160e-38
1.304173e-38
5.697369e-39
2.482308e-39
1.078723e-39
4.675902e-40
2.021847e-40
8.721357e-41
3.753164e-41
1.611434e-41
-7.114836e-07
-1.678674e-06
-3.537855e-06
-6.660547e-06
-1.120207e-05
-1.683163e-05
-2.259502e-05
-2.710038e-05
-2.904229e-05
-2.780959e-05
-2.379474e-05
-1.819296e-05
-1.243009e-05
-7.589363e-06
-4.141025e-06
-2.019259e-06
-8.799699e-07
-3.427238e-07
-1.192971e-07
-3.711360e-08
-1.031957e-08
-2.564617e-09
-5.696693e-10
-1.131017e-10
-2.007094e-11
-3.183643e-12
-4.513825e-13
-5.720501e-14
-6.480334e-15
-6.562051e-16
-5.939709e-17
-4.805942e-18
-3.476033e-19
-2.247424e-20
-1.298929e-21
-6.711012e-23
-3.099501e-24
-1.279615e-25
-4.721336e-27
-1.556177e-28
-4.610405e-30
-1.399839e-31
-1.000068e-32
-1.829608e-33
-1.757862e-34
1.329670e-34
1.238730e-34
7.371609e-35
3.794319e-35
1.827880e-35
8.510555e-36
3.888916e-36
1.757645e-36
7.888486e-37
3.522884e-37
1.567089e-37
6.947205e-38
3.070231e-38
1.352846e-38
5.944160e-39
2.604559e-39
1.138180e-39
4.960776e-40
2.156640e-40
9.352361e-41
4.045813e-41
1.746046e-41
7.517878e-42
-6.459541e-07
-1.524450e-06
-3.213707e-06
-6.052070e-06
-1.018188e-05
-1.530376e-05
-2.055102e-05
-2.465759e-05
-2.643417e-05
-2.532176e-05
-2.167448e-05
-1.657843e-05
-1.133157e-05
-6.921501e-06
-3.778197e-06
-1.843118e-06
-8.035542e-07
-3.130978e-07
-1.090325e-07
-3.393522e-08
-9.440000e-09
-2.347075e-09
-5.215819e-10
-1.036012e-10
-1.839330e-11
-2.918861e-12
-4.140294e-13
-5.249503e-14
-5.949485e-15
-6.027253e-16
-5.458118e-17
-4.418288e-18
-3.197104e-19
-2.068022e-20
-1.195784e-21
-6.180921e-23
-2.856009e-24
-1.179714e-25
-4.356422e-27
-1.439083e-28
-4.281096e-30
-1.225915e-31
-5.049779e-33
-3.563001e-34
1.010292e-34
1.138095e-34
6.986056e-35
3.640886e-35
1.768389e-35
8.291723e-36
3.814360e-36
1.735278e-36
7.838508e-37
3.522884e-37
1.576926e-37
7.033995e-38
3.127478e-38
1.386310e-38
6.127023e-39
2.700221e-39
1.186703e-39
5.201247e-40
2.273650e-40
9.913283e-41
4.311369e-41
1.870432e-41
8.095106e-42
3.495271e-42
-5.873258e-07
-1.386427e-06
-2.923513e-06
-5.507138e-06
-9.267885e-06
-1.393440e-05
-1.871833e-05
-2.246639e-05
-2.409364e-05
-2.308815e-05
-1.977001e-05
-1.512753e-05
-1.034391e-05
-6.320736e-06
-3.451656e-06
-1.684512e-06
-7.347107e-07
-2.863936e-07
-9.977528e-08
-3.106728e-08
-8.645920e-09
-2.150573e-09
-4.781216e-10
-9.501019e-11
-1.687546e-11
-2.679169e-12
-3.801973e-13
-4.822670e-14
-5.468151e-15
-5.542076e-16
-5.020972e-17
-4.066218e-18
-2.943642e-19
-1.904911e-20
-1.101954e-21
-5.698422e-23
-2.634218e-24
-1.088578e-25
-4.021556e-27
-1.328535e-28
-3.933687e-30
-1.063283e-31
-2.837188e-33
2.295344e-35
1.022755e-34
6.533454e-35
3.448267e-35
1.688690e-35
7.974488e-36
3.693340e-36
1.691407e-36
7.690486e-37
3.478728e-37
1.567089e-37
7.033995e-38
3.146799e-38
1.403354e-38
6.239458e-39
2.765959e-39
1.222637e-39
5.389295e-40
2.369073e-40
1.038639e-40
4.541683e-41
1.980896e-41
8.618352e-42
3.740496e-42
1.619573e-42
-5.347854e-07
-1.262699e-06
-2.663292e-06
-5.018325e-06
-8.447720e-06
-1.270515e-05
-1.707250e-05
-2.049779e-05
-2.198999e-05
-2.107973e-05
-1.805676e-05
-1.382171e-05
-9.454584e-06
-5.779529e-06
-3.157345e-06
-1.541490e-06
-6.726005e-07
-2.622891e-07
-9.141507e-08
-2.847589e-08
-7.928044e-09
-1.972835e-09
-4.387911e-10
-8.723148e-11
-1.550040e-11
-2.461911e-12
-3.495157e-13
-4.435380e-14
-5.031178e-15
-5.101380e-16
-4.623693e-17
-3.746088e-18
-2.713053e-19
-1.756441e-20
-1.016501e-21
-5.258768e-23
-2.432012e-24
-1.005441e-25
-3.715898e-27
-1.227787e-28
-3.628884e-30
-9.618283e-32
-2.206917e-33
4.519196e-35
5.952373e-35
3.223466e-35
1.591961e-35
7.571130e-36
3.530481e-36
1.627702e-36
7.450041e-37
3.392087e-37
1.537949e-37
6.947205e-38
3.127478e-38
1.403354e-38
6.277397e-39
2.799432e-39
1.244722e-39
5.518460e-40
2.439698e-40
1.075612e-40
4.729372e-41
2.073991e-41
9.071765e-42
3.958069e-42
1.722686e-42
7.479703e-43
-4.876250e-07
-1.151609e-06
-2.429580e-06
-4.579160e-06
-7.710603e-06
-1.159996e-05
-1.559220e-05
-1.872649e-05
-2.009639e-05
-1.927107e-05
-1.651324e-05
-1.264473e-05
-8.652644e-06
-5.291275e-06
-2.891704e-06
-1.412339e-06
-6.164871e-07
-2.405013e-07
-8.385464e-08
-2.613125e-08
-7.278197e-09
-1.811859e-09
-4.031518e-10
-8.017923e-11
-1.425313e-11
-2.264742e-12
-3.216568e-13
-4.083541e-14
-4.634000e-15
-4.700612e-16
-4.262224e-17
-3.454663e-18
-2.503032e-19
-1.621146e-20
-9.385910e-22
-4.857719e-23
-2.247468e-24
-9.295286e-26
-3.436721e-27
-1.135921e-28
-3.356654e-30
-8.861144e-32
-2.010064e-33
1.110056e-35
2.896315e-35
1.480498e-35
7.096408e-36
3.331816e-36
1.546530e-36
7.126134e-37
3.266196e-37
1.490593e-37
6.776856e-38
3.070231e-38
1.386310e-38
6.239458e-39
2.799432e-39
1.252173e-39
5.584209e-40
2.483090e-40
1.100996e-40
4.868212e-41
2.146700e-41
9.441005e-42
4.141292e-42
1.811963e-42
7.908308e-43
3.443200e-43
-4.452274e-07
-1.051710e-06
-2.219350e-06
-4.183996e-06
-7.047111e-06
-1.060481e-05
-1.425879e-05
-1.713033e-05
-1.838934e-05
-1.763992e-05
-1.512063e-05
-1.158237e-05
-7.928477e-06
-4.850173e-06
-2.651609e-06
-1.295554e-06
-5.657226e-07
-2.207811e-07
-7.700839e-08
-2.400707e-08
-6.689169e-09
-1.665878e-09
-3.708163e-10
-7.377760e-11
-1.312036e-11
-2.085586e-12
-2.963304e-13
-3.763527e-14
-4.272568e-15
-4.335732e-16
-3.932960e-17
-3.189071e-18
-2.311533e-19
-1.497721e-20
-8.674808e-22
-4.491491e-23
-2.078863e-24
-8.601398e-26
-3.181435e-27
-1.051941e-28
-3.109341e-30
-8.208804e-32
-1.890755e-33
-1.377822e-35
1.284894e-35
6.554545e-36
3.104212e-36
1.450804e-36
6.730512e-37
3.105651e-37
1.426758e-37
6.529207e-38
2.977160e-38
1.352846e-38
6.127023e-39
2.765959e-39
1.244722e-39
5.584209e-40
2.497726e-40
1.113914e-40
4.953483e-41
2.196597e-41
9.714002e-42
4.284306e-42
1.884618e-42
8.268975e-43
3.619015e-43
1.580022e-43
-4.070534e-07
-9.617400e-07
-2.029959e-06
-3.827890e-06
-6.449004e-06
-9.707417e-06
-1.305594e-05
-1.568992e-05
-1.684825e-05
-1.616678e-05
-1.386240e-05
-1.062211e-05
-7.273634e-06
-4.451126e-06
-2.434308e-06
-1.189809e-06
-5.197362e-07
-2.029088e-07
-7.080082e-08
-2.208016e-08
-6.154590e-09
-1.533329e-09
-3.414421e-10
-6.795944e-11
-1.209035e-11
-1.922603e-12
-2.732792e-13
-3.472120e-14
-3.943287e-15
-4.003149e-16
-3.632694e-17
-2.946752e-18
-2.136729e-19
-1.385002e-20
-8.025079e-22
-4.156709e-23
-1.924662e-24
-7.966484e-26
-2.947740e-27
-9.750442e-29
-2.883137e-30
-7.617064e-32
-1.776522e-33
-2.568057e-35
5.282847e-36
2.843777e-36
1.343638e-36
6.276961e-37
2.916130e-37
1.348724e-37
6.213163e-38
2.851628e-38
1.304173e-38
5.944160e-39
2.700221e-39
1.222637e-39
5.518460e-40
2.483090e-40
1.113914e-40
4.982240e-41
2.221983e-41
9.881610e-42
4.382408e-42
1.938307e-42
8.550329e-43
3.762001e-43
1.651030e-43
7.227955e-44
-3.726312e-07
-8.805910e-07
-1.859088e-06
-3.506513e-06
-5.909056e-06
-8.897014e-06
-1.196931e-05
-1.438821e-05
-1.545504e-05
-1.483448e-05
-1.272401e-05
-9.752970e-06
-6.680680e-06
-4.089640e-06
-2.237377e-06
-1.093935e-06
-4.780242e-07
-1.866906e-07
-6.516522e-08
-2.033000e-08
-5.668826e-09
-1.412829e-09
-3.147257e-10
-6.266527e-11
-1.115267e-11
-1.774159e-12
-2.522746e-13
-3.206461e-14
-3.642959e-15
-3.699666e-16
-3.358573e-17
-2.725427e-18
-1.976996e-19
-1.281952e-20
-7.430805e-22
-3.850358e-23
-1.783490e-24
-7.384946e-26
-2.733593e-27
-9.045503e-29
-2.675721e-30
-7.073666e-32
-1.661657e-33
-2.993599e-35
1.926260e-36
1.217765e-36
5.778926e-37
2.704031e-37
1.259175e-37
5.839734e-38
2.698047e-38
1.242014e-38
5.697369e-39
2.604559e-39
1.186703e-39
5.389295e-40
2.439698e-40
1.100996e-40
4.953483e-41
2.221983e-41
9.938125e-42
4.432306e-42
1.971259e-42
8.743246e-43
3.867611e-43
1.706392e-43
7.509405e-44
3.296451e-44
-3.415469e-07
-8.072929e-07
-1.704708e-06
-3.216066e-06
-5.420923e-06
-8.164142e-06
-1.098630e-05
-1.321022e-05
-1.419380e-05
-1.362792e-05
-1.169268e-05
-8.965247e-06
-6.143058e-06
-3.761752e-06
-2.058676e-06
-1.006899e-06
-4.401416e-07
-1.719549e-07
-6.004256e-08
-1.873844e-08
-5.226887e-09
-1.303151e-09
-2.903979e-10
-5.784225e-11
-1.029804e-11
-1.638805e-12
-2.331133e-13
-2.964005e-14
-3.368737e-15
-3.422437e-16
-3.108050e-17
-2.523064e-18
-1.830881e-19
-1.187645e-20
-6.886699e-22
-3.569741e-23
-1.654117e-24
-6.851772e-26
-2.537167e-27
-8.398610e-29
-2.485292e-30
-6.573646e-32
-1.549998e-33
-3.054426e-35
4.886977e-37
5.151981e-37
2.474641e-37
1.161029e-37
5.421397e-38
2.521629e-38
1.168503e-38
5.395202e-39
2.482308e-39
1.138180e-39
5.201247e-40
2.369073e-40
1.075612e-40
4.868212e-41
2.196597e-41
9.881610e-42
4.432306e-42
1.982368e-42
8.841346e-43
3.932408e-43
1.744337e-43
7.717186e-44
3.405405e-44
1.498938e-44
-3.134372e-07
-7.409929e-07
-1.565030e-06
-2.953207e-06
-4.979024e-06
-7.500477e-06
-1.009583e-05
-1.214276e-05
-1.305050e-05
-1.253379e-05
-1.075709e-05
-8.250391e-06
-5.654978e-06
-3.463962e-06
-1.896313e-06
-9.277890e-07
-4.056942e-07
-1.585498e-07
-5.538052e-08
-1.728937e-08
-4.824343e-09
-1.203206e-09
-2.682195e-10
-5.344343e-11
-9.518248e-12
-1.515246e-12
-2.156143e-13
-2.742485e-14
-3.118082e-15
-3.168921e-16
-2.878854e-17
-2.337846e-18
-1.697085e-19
-1.101251e-20
-6.388026e-22
-3.312441e-23
-1.535443e-24
-6.362469e-26
-2.356825e-27
-7.804421e-29
-2.310293e-30
-6.113408e-32
-1.444303e-33
-2.959897e-35
-1.062155e-37
2.141728e-37
1.055902e-37
4.971211e-38
2.328081e-38
1.086063e-38
5.047761e-39
2.337606e-39
1.078723e-39
4.960776e-40
2.273650e-40
1.038639e-40
4.729372e-41
2.146700e-41
9.714002e-42
4.382408e-42
1.971259e-42
8.841346e-43
3.954249e-43
1.763627e-43
7.844629e-44
3.480053e-44
1.539825e-44
6.795992e-45
-2.879823e-07
-6.809407e-07
-1.438482e-06
-2.714993e-06
-4.578441e-06
-6.898682e-06
-9.288124e-06
-1.117419e-05
-1.201275e-05
-1.154034e-05
-9.907291e-06
-7.600837e-06
-5.211318e-06
-3.193171e-06
-1.748612e-06
-8.557948e-07
-3.743328e-07
-1.463407e-07
-5.113268e-08
-1.596850e-08
-4.457259e-09
-1.112028e-09
-2.479778e-10
-4.942704e-11
-8.805942e-12
-1.402333e-12
-1.996160e-13
-2.539875e-14
-2.888727e-15
-2.936848e-16
-2.668954e-17
-2.168147e-18
-1.574447e-19
-1.022027e-20
-5.930544e-22
-3.076293e-23
-1.426476e-24
-5.913003e-26
-2.191093e-27
-7.258138e-29
-2.149330e-30
-5.689645e-32
-1.345648e-33
-2.806834e-35
-3.387404e-37
8.600360e-38
4.489329e-38
2.123127e-38
9.972683e-39
4.666141e-39
2.175155e-39
1.010293e-39
4.675902e-40
2.156640e-40
9.913283e-41
4.541683e-41
2.073991e-41
9.441005e-42
4.284306e-42
1.938307e-42
8.743246e-43
3.932408e-43
1.763627e-43
7.887580e-44
3.517993e-44
1.564896e-44
6.942872e-45
3.072417e-45
-2.649006e-07
-6.264748e-07
-1.323679e-06
-2.498829e-06
-4.214836e-06
-6.352278e-06
-8.554533e-06
-1.029422e-05
-1.106963e-05
-1.063716e-05
-9.134440e-06
-7.009892e-06
-4.807542e-06
-2.946631e-06
-1.614089e-06
-7.901984e-07
-3.457473e-07
-1.352080e-07
-4.725778e-08
-1.476311e-08
-4.122134e-09
-1.028754e-09
-2.294833e-10
-4.575580e-11
-8.154581e-12
-1.299038e-12
-1.849744e-13
-2.354370e-14
-2.678645e-15
-2.724187e-16
-2.476530e-17
-2.012513e-18
-1.461926e-19
-9.493082e-21
-5.510448e-22
-2.859352e-23
-1.326331e-24
-5.499748e-26
-2.038650e-27
-6.755445e-29
-2.001147e-30
-5.299252e-32
-1.254162e-33
-2.637332e-35
-4.177935e-37
3.179678e-38
1.900273e-38
9.045525e-39
4.261817e-39
1.999967e-39
9.350462e-40
4.355754e-40
2.021847e-40
9.352361e-41
4.311369e-41
1.980896e-41
9.071765e-42
4.141292e-42
1.884618e-42
8.550329e-43
3.867611e-43
1.744337e-43
7.844629e-44
3.517993e-44
1.573344e-44
7.017509e-45
3.121745e-45
1.385130e-45
-2.439433e-07
-5.770110e-07
-1.219394e-06
-2.302421e-06
-3.884373e-06
-5.855537e-06
-7.887420e-06
-9.493752e-06
-1.021143e-05
-9.815044e-06
-8.430717e-06
-6.471618e-06
-4.439625e-06
-2.721906e-06
-1.491424e-06
-7.303620e-07
-3.196620e-07
-1.250451e-07
-4.371908e-08
-1.366188e-08
-3.815847e-09
-9.526151e-10
-2.125668e-10
-4.239649e-11
-7.558322e-12
-1.204444e-12
-1.715605e-13
-2.184351e-14
-2.486023e-15
-2.529121e-16
-2.299955e-17
-1.869638e-18
-1.358588e-19
-8.824965e-21
-5.124320e-22
-2.659870e-23
-1.234208e-24
-5.119441e-26
-1.898304e-27
-6.292455e-29
-1.864610e-30
-4.939347e-32
-1.169546e-33
-2.468847e-35
-4.330276e-37
9.100521e-39
7.989360e-39
3.844560e-39
1.817095e-39
8.552204e-40
4.010088e-40
1.873460e-40
8.721357e-41
4.045813e-41
1.870432e-41
8.618352e-42
3.958069e-42
1.811963e-42
8.268975e-43
3.762001e-43
1.706392e-43
7.717186e-44
3.480053e-44
1.564896e-44
7.017509e-45
3.138364e-45
1.399815e-45
6.227426e-46
-2.248905e-07
-5.320329e-07
-1.124544e-06
-2.123739e-06
-3.583657e-06
-5.403386e-06
-7.280017e-06
-8.764707e-06
-9.429575e-06
-9.065816e-06
-7.789175e-06
-5.980741e-06
-4.103990e-06
-2.516827e-06
-1.379443e-06
-6.757177e-07
-2.958315e-07
-1.157572e-07
-4.048386e-08
-1.265472e-08
-3.535614e-09
-8.829268e-10
-1.970775e-10
-3.931938e-11
-7.011939e-12
-1.117727e-12
-1.592591e-13
-2.028369e-14
-2.309235e-15
-2.350019e-16
-2.137766e-17
-1.738352e-18
-1.263593e-19
-8.210548e-21
-4.769085e-22
-2.476276e-23
-1.149388e-24
-4.769144e-26
-1.768980e-27
-5.865660e-29
-1.738698e-30
-4.607295e-32
-1.091346e-33
-2.308151e-35
-4.225778e-37
-2.235464e-40
3.317786e-39
1.629967e-39
7.730109e-40
3.648789e-40
1.715843e-40
8.039253e-41
3.753164e-41
1.746046e-41
8.095106e-42
3.740496e-42
1.722686e-42
7.908308e-43
3.619015e-43
1.651030e-43
7.509405e-44
3.405405e-44
1.539825e-44
6.942872e-45
3.121745e-45
1.399815e-45
6.260127e-46
2.792275e-46
-2.075477e-07
-4.910829e-07
-1.038170e-06
-1.960984e-06
-3.309676e-06
-4.991324e-06
-6.726313e-06
-8.099925e-06
-8.716420e-06
-8.382213e-06
-7.203641e-06
-5.532574e-06
-3.797455e-06
-2.329465e-06
-1.277102e-06
-6.257597e-07
-2.740370e-07
-1.072598e-07
-3.752291e-08
-1.173259e-08
-3.278950e-09
-8.190756e-10
-1.828802e-10
-3.649788e-11
-6.510754e-12
-1.038154e-12
-1.479666e-13
-1.885127e-14
-2.146823e-15
-2.185417e-16
-1.988649e-17
-1.617601e-18
-1.176188e-19
-7.644998e-21
-4.441977e-22
-2.307152e-23
-1.071223e-24
-4.446207e-26
-1.649712e-27
-5.471895e-29
-1.622485e-30
-4.300695e-32
-1.019070e-33
-2.157492e-35
-4.025320e-37
-3.898682e-39
1.342825e-39
6.891425e-40
3.281254e-40
1.553314e-40
7.325340e-41
3.441921e-41
1.611434e-41
7.517878e-42
3.495271e-42
1.619573e-42
7.479703e-43
3.443200e-43
1.580022e-43
7.227955e-44
3.296451e-44
1.498938e-44
6.795992e-45
3.072417e-45
1.385130e-45
6.227426e-46
2.792275e-46
1.248714e-46
