E
NaN
4.216925e+01
3.309423e+01
2.565753e+01
1.995218e+01
1.552653e+01
1.196389e+01
9.035410e+00
6.654579e+00
4.787432e+00
3.390757e+00
2.392908e+00
1.703442e+00
1.232239e+00
9.046612e-01
6.678258e-01
4.891524e-01
3.508547e-01
2.438078e-01
1.628109e-01
1.038278e-01
6.287977e-02
3.593674e-02
1.920911e-02
9.457903e-03
4.160094e-03
1.512852e-03
3.285822e-04
-1.152515e-04
-2.236803e-04
-2.040350e-04
-1.511340e-04
-1.016297e-04
-6.538623e-05
-4.183558e-05
-2.754475e-05
-1.917128e-05
-1.428204e-05
-1.133808e-05
-9.449067e-06
-8.131269e-06
-7.133149e-06
-6.327048e-06
-5.648069e-06
-5.061950e-06
-4.549099e-06
-4.096990e-06
-3.696670e-06
-3.341166e-06
-3.024748e-06
-2.742574e-06
-2.490489e-06
-2.264903e-06
-2.062698e-06
-1.881162e-06
-1.717929e-06
-1.570930e-06
-1.438354e-06
-1.318615e-06
-1.210315e-06
-1.112228e-06
-1.023271e-06
-9.424891e-07
-8.690367e-07
-8.021657e-07
-7.412123e-07
-6.855869e-07
-6.347648e-07
4.216925e+01
NaN
2.419228e+01
2.112627e+01
1.833068e+01
1.553190e+01
1.265824e+01
9.839440e+00
7.279141e+00
5.139909e+00
3.489934e+00
2.306103e+00
1.507147e+00
9.916572e-01
6.661012e-01
4.586263e-01
3.212642e-01
2.255689e-01
1.562043e-01
1.052541e-01
6.832772e-02
4.242620e-02
2.504927e-02
1.397677e-02
7.307580e-03
3.528083e-03
1.526075e-03
5.462412e-04
1.133255e-04
-4.995249e-05
-9.322320e-05
-9.056808e-05
-7.500215e-05
-5.916706e-05
-4.664568e-05
-3.757546e-05
-3.113120e-05
-2.645828e-05
-2.292595e-05
-2.012926e-05
-1.782560e-05
-1.587308e-05
-1.418735e-05
-1.271550e-05
-1.142163e-05
-1.027931e-05
-9.267746e-06
-8.369872e-06
-7.571296e-06
-6.859718e-06
-6.224544e-06
-5.656604e-06
-5.147941e-06
-4.691633e-06
-4.281646e-06
-3.912713e-06
-3.580224e-06
-3.280141e-06
-3.008919e-06
-2.763441e-06
-2.540961e-06
-2.339057e-06
-2.155590e-06
-1.988664e-06
-1.836602e-06
-1.697914e-06
-1.571275e-06
-1.455505e-06
3.309423e+01
2.419228e+01
NaN
1.793258e+01
1.656218e+01
1.475349e+01
1.247492e+01
9.960687e+00
7.518060e+00
5.389481e+00
3.697413e+00
2.452789e+00
1.594122e+00
1.030071e+00
6.706482e-01
4.434040e-01
2.975238e-01
2.009409e-01
1.349368e-01
8.899592e-02
5.706121e-02
3.528803e-02
2.091843e-02
1.181746e-02
6.316903e-03
3.158040e-03
1.442248e-03
5.667565e-04
1.523121e-04
-2.485962e-05
-8.847636e-05
-1.024457e-04
-9.740436e-05
-8.678516e-05
-7.579753e-05
-6.606626e-05
-5.783546e-05
-5.091881e-05
-4.505945e-05
-4.003891e-05
-3.569337e-05
-3.190318e-05
-2.857930e-05
-2.565294e-05
-2.306897e-05
-2.078186e-05
-1.875325e-05
-1.695047e-05
-1.534545e-05
-1.391398e-05
-1.263509e-05
-1.149062e-05
-1.046477e-05
-9.543781e-06
-8.715643e-06
-7.969866e-06
-7.297266e-06
-6.689784e-06
-6.140344e-06
-5.642714e-06
-5.191406e-06
-4.781570e-06
-4.408921e-06
-4.069662e-06
-3.760424e-06
-3.478218e-06
-3.220380e-06
-2.984540e-06
2.565753e+01
2.112627e+01
1.793258e+01
NaN
1.537237e+01
1.384009e+01
1.187780e+01
9.643809e+00
7.414333e+00
5.424729e+00
3.804924e+00
2.581569e+00
1.711652e+00
1.120633e+00
7.309968e-01
4.776955e-01
3.129383e-01
2.046983e-01
1.327601e-01
8.468412e-02
5.271732e-02
3.180776e-02
1.848373e-02
1.027406e-02
5.410338e-03
2.652934e-03
1.164699e-03
4.058699e-04
4.560427e-05
-1.084607e-04
-1.622562e-04
-1.709077e-04
-1.614067e-04
-1.460789e-04
-1.300710e-04
-1.152510e-04
-1.021093e-04
-9.062028e-05
-8.060280e-05
-7.185426e-05
-6.419241e-05
-5.746305e-05
-5.153732e-05
-4.630714e-05
-4.168110e-05
-3.758132e-05
-3.394108e-05
-3.070298e-05
-2.781749e-05
-2.524176e-05
-2.293866e-05
-2.087593e-05
-1.902551e-05
-1.736293e-05
-1.586683e-05
-1.451852e-05
-1.330163e-05
-1.220177e-05
-1.120631e-05
-1.030411e-05
-9.485345e-06
-8.741346e-06
-8.064430e-06
-7.447789e-06
-6.885381e-06
-6.371834e-06
-5.902365e-06
-5.472712e-06
1.995218e+01
1.833068e+01
1.656218e+01
1.537237e+01
NaN
1.332747e+01
1.131026e+01
9.191608e+00
7.128866e+00
5.290416e+00
3.777427e+00
2.613067e+00
1.764309e+00
1.170871e+00
7.680370e-01
4.995966e-01
3.224321e-01
2.060239e-01
1.298062e-01
8.022975e-02
4.837187e-02
2.827906e-02
1.591971e-02
8.547080e-03
4.304048e-03
1.960912e-03
7.282946e-04
1.182736e-04
-1.583141e-04
-2.653164e-04
-2.912861e-04
-2.817330e-04
-2.587790e-04
-2.324848e-04
-2.070230e-04
-1.838621e-04
-1.633173e-04
-1.452621e-04
-1.294329e-04
-1.155484e-04
-1.033502e-04
-9.261270e-05
-8.314194e-05
-7.477202e-05
-6.736075e-05
-6.078604e-05
-5.494282e-05
-4.974043e-05
-4.510051e-05
-4.095517e-05
-3.724551e-05
-3.392034e-05
-3.093505e-05
-2.825073e-05
-2.583339e-05
-2.365323e-05
-2.168415e-05
-1.990320e-05
-1.829020e-05
-1.682733e-05
-1.549890e-05
-1.429100e-05
-1.319133e-05
-1.218897e-05
-1.127423e-05
-1.043848e-05
-9.674038e-06
-8.974040e-06
1.552653e+01
1.553190e+01
1.475349e+01
1.384009e+01
1.332747e+01
1.016083e+01
1.104355e+01
8.823665e+00
6.810222e+00
5.069044e+00
3.647342e+00
2.547712e+00
1.735888e+00
1.158799e+00
7.604607e-01
4.915243e-01
3.129708e-01
1.960458e-01
1.204864e-01
7.237931e-02
4.229661e-02
2.389312e-02
1.292609e-02
6.588911e-03
3.056756e-03
1.171254e-03
2.186595e-04
-2.259936e-04
-4.063623e-04
-4.565869e-04
-4.473502e-04
-4.141350e-04
-3.737637e-04
-3.336270e-04
-2.965898e-04
-2.634734e-04
-2.342491e-04
-2.085804e-04
-1.860536e-04
-1.662671e-04
-1.488605e-04
-1.335195e-04
-1.199736e-04
-1.079899e-04
-9.736853e-05
-8.793734e-05
-7.954788e-05
-7.207192e-05
-6.539852e-05
-5.943145e-05
-5.408716e-05
-4.929293e-05
-4.498538e-05
-4.110916e-05
-3.761585e-05
-3.446301e-05
-3.161340e-05
-2.903427e-05
-2.669677e-05
-2.457545e-05
-2.264783e-05
-2.089402e-05
-1.929637e-05
-1.783924e-05
-1.650870e-05
-1.529236e-05
-1.417918e-05
-1.315929e-05
1.196389e+01
1.265824e+01
1.247492e+01
1.187780e+01
1.131026e+01
1.104355e+01
8.645583e+00
8.608462e+00
6.525590e+00
4.813292e+00
3.450956e+00
2.408325e+00
1.639810e+00
1.091969e+00
7.124509e-01
4.558526e-01
2.859974e-01
1.757307e-01
1.055099e-01
6.168520e-02
3.493340e-02
1.900450e-02
9.784770e-03
4.620543e-03
1.839276e-03
4.145603e-04
-2.648699e-04
-5.512124e-04
-6.402415e-04
-6.366160e-04
-5.939098e-04
-5.381856e-04
-4.813076e-04
-4.281433e-04
-3.802923e-04
-3.379296e-04
-3.006736e-04
-2.679714e-04
-2.392586e-04
-2.140166e-04
-1.917886e-04
-1.721791e-04
-1.548470e-04
-1.394993e-04
-1.258838e-04
-1.137830e-04
-1.030092e-04
-9.340019e-05
-8.481547e-05
-7.713302e-05
-7.024680e-05
-6.406446e-05
-5.850542e-05
-5.349925e-05
-4.898429e-05
-4.490646e-05
-4.121823e-05
-3.787780e-05
-3.484831e-05
-3.209721e-05
-2.959573e-05
-2.731838e-05
-2.524257e-05
-2.334820e-05
-2.161742e-05
-2.003430e-05
-1.858465e-05
-1.725578e-05
9.035410e+00
9.839440e+00
9.960687e+00
9.643809e+00
9.191608e+00
8.823665e+00
8.608462e+00
NaN
6.259950e+00
4.532180e+00
3.207050e+00
2.215820e+00
1.495338e+00
9.863971e-01
6.364102e-01
4.016516e-01
2.478262e-01
1.492883e-01
8.758149e-02
4.983572e-02
2.731705e-02
1.424516e-02
6.887185e-03
2.892489e-03
8.197098e-04
-1.901418e-04
-6.335862e-04
-7.883588e-04
-8.043914e-04
-7.595023e-04
-6.922772e-04
-6.207682e-04
-5.527213e-04
-4.909510e-04
-4.360487e-04
-3.876888e-04
-3.452270e-04
-3.079581e-04
-2.752165e-04
-2.464086e-04
-2.210169e-04
-1.985950e-04
-1.787585e-04
-1.611769e-04
-1.455652e-04
-1.316779e-04
-1.193028e-04
-1.082561e-04
-9.837862e-05
-8.953206e-05
-8.159603e-05
-7.446562e-05
-6.804920e-05
-6.226661e-05
-5.704763e-05
-5.233059e-05
-4.806127e-05
-4.419194e-05
-4.068046e-05
-3.748963e-05
-3.458649e-05
-3.194186e-05
-2.952982e-05
-2.732733e-05
-2.531389e-05
-2.347121e-05
-2.178296e-05
-2.023455e-05
6.654579e+00
7.279141e+00
7.518060e+00
7.414333e+00
7.128866e+00
6.810222e+00
6.525590e+00
6.259950e+00
NaN
4.208710e+00
2.920722e+00
1.985086e+00
1.319847e+00
8.580640e-01
5.452805e-01
3.385169e-01
2.050910e-01
1.210407e-01
6.937590e-02
3.841496e-02
2.035450e-02
1.012476e-02
4.521173e-03
1.573504e-03
1.043351e-04
-5.694907e-04
-8.322445e-04
-8.930486e-04
-8.616801e-04
-7.934495e-04
-7.148532e-04
-6.377182e-04
-5.667157e-04
-5.032023e-04
-4.471060e-04
-3.978105e-04
-3.545484e-04
-3.165635e-04
-2.831685e-04
-2.537598e-04
-2.278146e-04
-2.048825e-04
-1.845757e-04
-1.665606e-04
-1.505496e-04
-1.362945e-04
-1.235806e-04
-1.122219e-04
-1.020570e-04
-9.294563e-05
-8.476560e-05
-7.741027e-05
-7.078646e-05
-6.481258e-05
-5.941707e-05
-5.453707e-05
-5.011725e-05
-4.610883e-05
-4.246877e-05
-3.915899e-05
-3.614577e-05
-3.339920e-05
-3.089270e-05
-2.860265e-05
-2.650798e-05
-2.458991e-05
-2.283164e-05
-2.121818e-05
4.787432e+00
5.139909e+00
5.389481e+00
5.424729e+00
5.290416e+00
5.069044e+00
4.813292e+00
4.532180e+00
4.208710e+00
NaN
2.594783e+00
1.728411e+00
1.128094e+00
7.204925e-01
4.498266e-01
2.742210e-01
1.629794e-01
9.421741e-02
5.277608e-02
2.845253e-02
1.457334e-02
6.896226e-03
2.800194e-03
7.117620e-04
-2.865064e-04
-7.137159e-04
-8.545246e-04
-8.598946e-04
-8.069759e-04
-7.335129e-04
-6.569453e-04
-5.846474e-04
-5.192230e-04
-4.611419e-04
-4.100012e-04
-3.651008e-04
-3.256903e-04
-2.910658e-04
-2.606000e-04
-2.337465e-04
-2.100334e-04
-1.890545e-04
-1.704603e-04
-1.539494e-04
-1.392623e-04
-1.261743e-04
-1.144914e-04
-1.040450e-04
-9.468890e-05
-8.629577e-05
-7.875467e-05
-7.196867e-05
-6.585303e-05
-6.033344e-05
-5.534471e-05
-5.082949e-05
-4.673729e-05
-4.302356e-05
-3.964894e-05
-3.657859e-05
-3.378163e-05
-3.123066e-05
-2.890132e-05
-2.677191e-05
-2.482309e-05
-2.303761e-05
-2.140002e-05
-1.989651e-05
3.390757e+00
3.489934e+00
3.697413e+00
3.804924e+00
3.777427e+00
3.647342e+00
3.450956e+00
3.207050e+00
2.920722e+00
2.594783e+00
NaN
1.458804e+00
9.330042e-01
5.844411e-01
3.580251e-01
2.141547e-01
1.248378e-01
7.072237e-02
3.876018e-02
2.038338e-02
1.011890e-02
4.567669e-03
1.678111e-03
2.472551e-04
-4.098663e-04
-6.716955e-04
-7.408454e-04
-7.221888e-04
-6.679803e-04
-6.030737e-04
-5.385494e-04
-4.788316e-04
-4.252764e-04
-3.779158e-04
-3.362704e-04
-2.997104e-04
-2.676047e-04
-2.393762e-04
-2.145163e-04
-1.925838e-04
-1.731981e-04
-1.560317e-04
-1.408026e-04
-1.272677e-04
-1.152171e-04
-1.044693e-04
-9.486719e-05
-8.627427e-05
-7.857195e-05
-7.165692e-05
-6.543907e-05
-5.983960e-05
-5.478956e-05
-5.022845e-05
-4.610312e-05
-4.236681e-05
-3.897828e-05
-3.590114e-05
-3.310320e-05
-3.055596e-05
-2.823414e-05
-2.611526e-05
-2.417936e-05
-2.240862e-05
-2.078717e-05
-1.930082e-05
-1.793687e-05
-1.668395e-05
2.392908e+00
2.306103e+00
2.452789e+00
2.581569e+00
2.613067e+00
2.547712e+00
2.408325e+00
2.215820e+00
1.985086e+00
1.728411e+00
1.458804e+00
NaN
7.458481e-01
4.579909e-01
2.751901e-01
1.615082e-01
9.238292e-02
5.134291e-02
2.758545e-02
1.419754e-02
6.869835e-03
2.988601e-03
1.012524e-03
5.837168e-05
-3.654234e-04
-5.243712e-04
-5.574553e-04
-5.350035e-04
-4.912490e-04
-4.420617e-04
-3.942927e-04
-3.505362e-04
-3.114748e-04
-2.769926e-04
-2.466822e-04
-2.200636e-04
-1.966719e-04
-1.760876e-04
-1.579431e-04
-1.419203e-04
-1.277449e-04
-1.151807e-04
-1.040243e-04
-9.410008e-05
-8.525651e-05
-7.736230e-05
-7.030363e-05
-6.398168e-05
-5.831041e-05
-5.321485e-05
-4.862953e-05
-4.449716e-05
-4.076755e-05
-3.739665e-05
-3.434570e-05
-3.158058e-05
-2.907120e-05
-2.679095e-05
-2.471630e-05
-2.282639e-05
-2.110269e-05
-1.952874e-05
-1.808989e-05
-1.677307e-05
-1.556661e-05
-1.446008e-05
-1.344415e-05
-1.251046e-05
1.703442e+00
1.507147e+00
1.594122e+00
1.711652e+00
1.764309e+00
1.735888e+00
1.639810e+00
1.495338e+00
1.319847e+00
1.128094e+00
9.330042e-01
7.458481e-01
NaN
3.466037e-01
2.043223e-01
1.177117e-01
6.612312e-02
3.610249e-02
1.906119e-02
9.641199e-03
4.582367e-03
1.952922e-03
6.392734e-04
1.733279e-05
-2.527306e-04
-3.505667e-04
-3.682486e-04
-3.514046e-04
-3.217855e-04
-2.892569e-04
-2.579705e-04
-2.294389e-04
-2.040157e-04
-1.815837e-04
-1.618606e-04
-1.445287e-04
-1.292856e-04
-1.158598e-04
-1.040144e-04
-9.354432e-05
-8.427279e-05
-7.604756e-05
-6.873734e-05
-6.222880e-05
-5.642393e-05
-5.123782e-05
-4.659678e-05
-4.243675e-05
-3.870194e-05
-3.534367e-05
-3.231940e-05
-2.959187e-05
-2.712841e-05
-2.490032e-05
-2.288234e-05
-2.105219e-05
-1.939022e-05
-1.787906e-05
-1.650329e-05
-1.524927e-05
-1.410487e-05
-1.305928e-05
-1.210291e-05
-1.122716e-05
-1.042438e-05
-9.687712e-06
-9.011012e-06
-8.388775e-06
1.232239e+00
9.916572e-01
1.030071e+00
1.120633e+00
1.170871e+00
1.158799e+00
1.091969e+00
9.863971e-01
8.580640e-01
7.204925e-01
5.844411e-01
4.579909e-01
3.466037e-01
NaN
1.465297e-01
8.291981e-02
4.578611e-02
2.459407e-02
1.278964e-02
6.383072e-03
3.002969e-03
1.275533e-03
4.259908e-04
2.932243e-05
-1.411180e-04
-2.027274e-04
-2.144937e-04
-2.050952e-04
-1.879548e-04
-1.690548e-04
-1.508713e-04
-1.342907e-04
-1.195146e-04
-1.064712e-04
-9.499519e-05
-8.490234e-05
-7.601785e-05
-6.818538e-05
-6.126839e-05
-5.514878e-05
-4.972471e-05
-4.490837e-05
-4.062400e-05
-3.680613e-05
-3.339812e-05
-3.035082e-05
-2.762156e-05
-2.517322e-05
-2.297341e-05
-2.099388e-05
-1.920989e-05
-1.759978e-05
-1.614453e-05
-1.482740e-05
-1.363367e-05
-1.255034e-05
-1.156594e-05
-1.067029e-05
-9.854392e-06
-9.110253e-06
-8.430763e-06
-7.809595e-06
-7.241109e-06
-6.720267e-06
-6.242569e-06
-5.803983e-06
-5.400896e-06
-5.030068e-06
9.046612e-01
6.661012e-01
6.706482e-01
7.309968e-01
7.680370e-01
7.604607e-01
7.124509e-01
6.364102e-01
5.452805e-01
4.498266e-01
3.580251e-01
2.751901e-01
2.043223e-01
1.465297e-01
NaN
5.644661e-02
3.066327e-02
1.622281e-02
8.323931e-03
4.111279e-03
1.925302e-03
8.251312e-04
2.911663e-04
4.414520e-05
-6.190724e-05
-1.011502e-04
-1.101573e-04
-1.063993e-04
-9.792290e-05
-8.826630e-05
-7.888137e-05
-7.028997e-05
-6.261893e-05
-5.583906e-05
-4.986782e-05
-4.461118e-05
-3.997949e-05
-3.589235e-05
-3.227954e-05
-2.908023e-05
-2.624193e-05
-2.371938e-05
-2.147346e-05
-1.947036e-05
-1.768078e-05
-1.607928e-05
-1.464377e-05
-1.335499e-05
-1.219614e-05
-1.115254e-05
-1.021135e-05
-9.361276e-06
-8.592422e-06
-7.896070e-06
-7.264537e-06
-6.691038e-06
-6.169576e-06
-5.694837e-06
-5.262109e-06
-4.867205e-06
-4.506403e-06
-4.176384e-06
-3.874188e-06
-3.597170e-06
-3.342965e-06
-3.109455e-06
-2.894738e-06
-2.697107e-06
6.678258e-01
4.586263e-01
4.434040e-01
4.776955e-01
4.995966e-01
4.915243e-01
4.558526e-01
4.016516e-01
3.385169e-01
2.742210e-01
2.141547e-01
1.615082e-01
1.177117e-01
8.291981e-02
5.644661e-02
NaN
1.985306e-02
1.035324e-02
5.246679e-03
2.568402e-03
1.200384e-03
5.216534e-04
1.960622e-04
4.643977e-05
-1.807261e-05
-4.278610e-05
-4.965434e-05
-4.899265e-05
-4.548371e-05
-4.116460e-05
-3.686867e-05
-3.290078e-05
-2.934385e-05
-2.619353e-05
-2.341509e-05
-2.096643e-05
-1.880671e-05
-1.689906e-05
-1.521121e-05
-1.371515e-05
-1.238671e-05
-1.120499e-05
-1.015194e-05
-9.211932e-06
-8.371420e-06
-7.618631e-06
-6.943324e-06
-6.336569e-06
-5.790571e-06
-5.298509e-06
-4.854405e-06
-4.453013e-06
-4.089721e-06
-3.760464e-06
-3.461659e-06
-3.190138e-06
-2.943099e-06
-2.718057e-06
-2.512807e-06
-2.325389e-06
-2.154057e-06
-1.997256e-06
-1.853597e-06
-1.721837e-06
-1.600865e-06
-1.489685e-06
-1.387403e-06
-1.293214e-06
4.891524e-01
3.212642e-01
2.975238e-01
3.129383e-01
3.224321e-01
3.129708e-01
2.859974e-01
2.478262e-01
2.050910e-01
1.629794e-01
1.248378e-01
9.238292e-02
6.612312e-02
4.578611e-02
3.066327e-02
1.985306e-02
NaN
6.388355e-03
3.198524e-03
1.552185e-03
7.239390e-04
3.186344e-04
1.263724e-04
3.856009e-05
5.144554e-07
-1.455414e-05
-1.940609e-05
-1.994301e-05
-1.880764e-05
-1.713870e-05
-1.540167e-05
-1.377057e-05
-1.229824e-05
-1.098992e-05
-9.833879e-06
-8.813729e-06
-7.912978e-06
-7.116575e-06
-6.411261e-06
-5.785518e-06
-5.229378e-06
-4.734224e-06
-4.292603e-06
-3.898056e-06
-3.544976e-06
-3.228491e-06
-2.944355e-06
-2.688866e-06
-2.458786e-06
-2.251282e-06
-2.063867e-06
-1.894359e-06
-1.740836e-06
-1.601602e-06
-1.475164e-06
-1.360198e-06
-1.255533e-06
-1.160130e-06
-1.073066e-06
-9.935204e-07
-9.207615e-07
-8.541367e-07
-7.930630e-07
-7.370189e-07
-6.855371e-07
-6.381987e-07
-5.946274e-07
-5.544848e-07
3.508547e-01
2.255689e-01
2.009409e-01
2.046983e-01
2.060239e-01
1.960458e-01
1.757307e-01
1.492883e-01
1.210407e-01
9.421741e-02
7.072237e-02
5.134291e-02
3.610249e-02
2.459407e-02
1.622281e-02
1.035324e-02
6.388355e-03
NaN
1.884491e-03
9.060252e-04
4.209605e-04
1.867912e-04
7.696901e-05
2.716141e-05
5.531387e-06
-3.253813e-06
-6.377726e-06
-7.111709e-06
-6.901041e-06
-6.362504e-06
-5.747839e-06
-5.152936e-06
-4.609509e-06
-4.124087e-06
-3.694045e-06
-3.313949e-06
-2.977941e-06
-2.680555e-06
-2.416930e-06
-2.182832e-06
-1.974586e-06
-1.789014e-06
-1.623362e-06
-1.475244e-06
-1.342585e-06
-1.223580e-06
-1.116655e-06
-1.020437e-06
-9.337238e-07
-8.554621e-07
-7.847273e-07
-7.207065e-07
-6.626836e-07
-6.100270e-07
-5.621786e-07
-5.186443e-07
-4.789865e-07
-4.428166e-07
-4.097891e-07
-3.795963e-07
-3.519643e-07
-3.266480e-07
-3.034288e-07
-2.821107e-07
-2.625181e-07
-2.444935e-07
-2.278952e-07
-2.125959e-07
2.438078e-01
1.562043e-01
1.349368e-01
1.327601e-01
1.298062e-01
1.204864e-01
1.055099e-01
8.758149e-02
6.937590e-02
5.277608e-02
3.876018e-02
2.758545e-02
1.906119e-02
1.278964e-02
8.323931e-03
5.246679e-03
3.198524e-03
1.884491e-03
NaN
5.105727e-04
2.357775e-04
1.048821e-04
4.421788e-05
1.694029e-05
5.112292e-06
2.356727e-07
-1.607580e-06
-2.174629e-06
-2.231209e-06
-2.100666e-06
-1.914467e-06
-1.723284e-06
-1.544873e-06
-1.384114e-06
-1.241133e-06
-1.114495e-06
-1.002393e-06
-9.030691e-07
-8.149356e-07
-7.366009e-07
-6.668551e-07
-6.046493e-07
-5.490740e-07
-4.993397e-07
-4.547601e-07
-4.147372e-07
-3.787494e-07
-3.463407e-07
-3.171120e-07
-2.907131e-07
-2.668365e-07
-2.452114e-07
-2.255992e-07
-2.077892e-07
-1.915953e-07
-1.768523e-07
-1.634140e-07
-1.511504e-07
-1.399457e-07
-1.296970e-07
-1.203124e-07
-1.117096e-07
-1.038153e-07
-9.656368e-08
-8.989567e-08
-8.375828e-08
-7.810386e-08
-7.288950e-08
1.628109e-01
1.052541e-01
8.899592e-02
8.468412e-02
8.022975e-02
7.237931e-02
6.168520e-02
4.983572e-02
3.841496e-02
2.845253e-02
2.038338e-02
1.419754e-02
9.641199e-03
6.383072e-03
4.111279e-03
2.568402e-03
1.552185e-03
9.060252e-04
5.105727e-04
NaN
1.272691e-04
5.647126e-05
2.405588e-05
9.626730e-06
3.403242e-06
8.227673e-07
-1.858331e-07
-5.374763e-07
-6.252984e-07
-6.133702e-07
-5.679439e-07
-5.146693e-07
-4.628459e-07
-4.154146e-07
-3.729551e-07
-3.352352e-07
-3.017882e-07
-2.721179e-07
-2.457641e-07
-2.223187e-07
-2.014254e-07
-1.827748e-07
-1.660981e-07
-1.511620e-07
-1.377631e-07
-1.257245e-07
-1.148913e-07
-1.051282e-07
-9.631671e-08
-8.835266e-08
-8.114454e-08
-7.461173e-08
-6.868310e-08
-6.329583e-08
-5.839430e-08
-5.392922e-08
-4.985684e-08
-4.613826e-08
-4.273885e-08
-3.962775e-08
-3.677739e-08
-3.416313e-08
-3.176292e-08
-2.955699e-08
-2.752759e-08
-2.565879e-08
-2.393623e-08
-2.234699e-08
1.038278e-01
6.832772e-02
5.706121e-02
5.271732e-02
4.837187e-02
4.229661e-02
3.493340e-02
2.731705e-02
2.035450e-02
1.457334e-02
1.011890e-02
6.869835e-03
4.582367e-03
3.002969e-03
1.925302e-03
1.200384e-03
7.239390e-04
4.209605e-04
2.357775e-04
1.272691e-04
7.411889e-05
2.923177e-05
1.246910e-05
5.089303e-06
1.932601e-06
6.258410e-07
1.075473e-07
-8.428165e-08
-1.453513e-07
-1.562980e-07
-1.493745e-07
-1.370405e-07
-1.238870e-07
-1.114717e-07
-1.002266e-07
-9.018769e-08
-8.126480e-08
-7.333812e-08
-6.628987e-08
-6.001352e-08
-5.441543e-08
-4.941396e-08
-4.493813e-08
-4.092618e-08
-3.732432e-08
-3.408559e-08
-3.116897e-08
-2.853853e-08
-2.616276e-08
-2.401398e-08
-2.206782e-08
-2.030282e-08
-1.870001e-08
-1.724264e-08
-1.591585e-08
-1.470646e-08
-1.360279e-08
-1.259443e-08
-1.167210e-08
-1.082752e-08
-1.005332e-08
-9.342870e-09
-8.690258e-09
-8.090170e-09
-7.537835e-09
-7.028965e-09
-6.559698e-09
-6.126554e-09
6.287977e-02
4.242620e-02
3.528803e-02
3.180776e-02
2.827906e-02
2.389312e-02
1.900450e-02
1.424516e-02
1.012476e-02
6.896226e-03
4.567669e-03
2.988601e-03
1.952922e-03
1.275533e-03
8.251312e-04
5.216534e-04
3.186344e-04
1.867912e-04
1.048821e-04
5.647126e-05
2.923177e-05
NaN
6.194979e-06
2.541939e-06
9.949714e-07
3.587587e-07
1.058118e-07
9.781652e-09
-2.385891e-08
-3.353599e-08
-3.444273e-08
-3.240731e-08
-2.958492e-08
-2.673089e-08
-2.408387e-08
-2.169929e-08
-1.957172e-08
-1.767804e-08
-1.599212e-08
-1.448936e-08
-1.314778e-08
-1.194817e-08
-1.087375e-08
-9.909916e-09
-9.043921e-09
-8.264640e-09
-7.562340e-09
-6.928489e-09
-6.355600e-09
-5.837088e-09
-5.367154e-09
-4.940681e-09
-4.553151e-09
-4.200562e-09
-3.879369e-09
-3.586424e-09
-3.318930e-09
-3.074396e-09
-2.850600e-09
-2.645561e-09
-2.457506e-09
-2.284848e-09
-2.126166e-09
-1.980182e-09
-1.845751e-09
-1.721839e-09
-1.607519e-09
-1.501950e-09
3.593674e-02
2.504927e-02
2.091843e-02
1.848373e-02
1.591971e-02
1.292609e-02
9.784770e-03
6.887185e-03
4.521173e-03
2.800194e-03
1.678111e-03
1.012524e-03
6.392734e-04
4.259908e-04
2.911663e-04
1.960622e-04
1.263724e-04
7.696901e-05
4.421788e-05
2.405588e-05
1.246910e-05
6.194979e-06
NaN
1.212794e-06
4.790400e-07
1.800491e-07
6.175726e-08
1.655225e-08
1.085449e-10
-5.346777e-09
-6.751678e-09
-6.740336e-09
-6.282568e-09
-5.721863e-09
-5.172715e-09
-4.668616e-09
-4.215627e-09
-3.811207e-09
-3.450576e-09
-3.128767e-09
-2.841211e-09
-2.583864e-09
-2.353185e-09
-2.146084e-09
-1.959863e-09
-1.792162e-09
-1.640917e-09
-1.504314e-09
-1.380763e-09
-1.268862e-09
-1.167378e-09
-1.075219e-09
-9.914223e-10
-9.151340e-10
-8.455966e-10
-7.821375e-10
-7.241582e-10
-6.711256e-10
-6.225641e-10
-5.780486e-10
-5.371991e-10
-4.996750e-10
-4.651710e-10
-4.334127e-10
-4.041535e-10
-3.771714e-10
-3.522664e-10
-3.292579e-10
1.920911e-02
1.397677e-02
1.181746e-02
1.027406e-02
8.547080e-03
6.588911e-03
4.620543e-03
2.892489e-03
1.573504e-03
7.117620e-04
2.472551e-04
5.837168e-05
1.733279e-05
2.932243e-05
4.414520e-05
4.643977e-05
3.856009e-05
2.716141e-05
1.694029e-05
9.626730e-06
5.089303e-06
2.541939e-06
1.212794e-06
NaN
2.195514e-07
8.354550e-08
3.019943e-08
9.884258e-09
2.415795e-09
-1.907918e-10
-1.011298e-09
-1.199435e-09
-1.176108e-09
-1.090145e-09
-9.920743e-10
-8.979201e-10
-8.120014e-10
-7.348510e-10
-6.658820e-10
-6.042519e-10
-5.491263e-10
-4.997489e-10
-4.554522e-10
-4.156518e-10
-3.798367e-10
-3.475595e-10
-3.184282e-10
-2.920987e-10
-2.682682e-10
-2.466704e-10
-2.270700e-10
-2.092594e-10
-1.930547e-10
-1.782929e-10
-1.648294e-10
-1.525356e-10
-1.412970e-10
-1.310115e-10
-1.215880e-10
-1.129452e-10
-1.050099e-10
-9.771700e-11
-9.100770e-11
-8.482932e-11
-7.913445e-11
-7.388036e-11
-6.902853e-11
-6.454417e-11
9.457903e-03
7.307580e-03
6.316903e-03
5.410338e-03
4.304048e-03
3.056756e-03
1.839276e-03
8.197098e-04
1.043351e-04
-2.865064e-04
-4.098663e-04
-3.654234e-04
-2.527306e-04
-1.411180e-04
-6.190724e-05
-1.807261e-05
5.144554e-07
5.531387e-06
5.112292e-06
3.403242e-06
1.932601e-06
9.949714e-07
4.790400e-07
2.195514e-07
NaN
3.678469e-08
1.349591e-08
4.700003e-09
1.474047e-09
3.321208e-10
-5.090935e-11
-1.656936e-10
-1.891684e-10
-1.833957e-10
-1.694673e-10
-1.542534e-10
-1.398293e-10
-1.267091e-10
-1.149240e-10
-1.043707e-10
-9.491962e-11
-8.644618e-11
-7.883834e-11
-7.199738e-11
-6.583675e-11
-6.028060e-11
-5.526237e-11
-5.072360e-11
-4.661283e-11
-4.288470e-11
-3.949917e-11
-3.642082e-11
-3.361830e-11
-3.106378e-11
-2.873255e-11
-2.660262e-11
-2.465442e-11
-2.287047e-11
-2.123515e-11
-1.973451e-11
-1.835603e-11
-1.708849e-11
-1.592182e-11
-1.484695e-11
-1.385574e-11
-1.294083e-11
-1.209559e-11
-1.131403e-11
4.160094e-03
3.528083e-03
3.158040e-03
2.652934e-03
1.960912e-03
1.171254e-03
4.145603e-04
-1.901418e-04
-5.694907e-04
-7.137159e-04
-6.716955e-04
-5.243712e-04
-3.505667e-04
-2.027274e-04
-1.011502e-04
-4.278610e-05
-1.455414e-05
-3.253813e-06
2.356727e-07
8.227673e-07
6.258410e-07
3.587587e-07
1.800491e-07
8.354550e-08
3.678469e-08
NaN
5.708312e-09
2.020764e-09
6.792169e-10
2.051225e-10
4.339079e-11
-8.843244e-12
-2.381461e-11
-2.657908e-11
-2.559090e-11
-2.361349e-11
-2.151143e-11
-1.953395e-11
-1.773786e-11
-1.612294e-11
-1.467406e-11
-1.337362e-11
-1.220500e-11
-1.115336e-11
-1.020559e-11
-9.350194e-12
-8.577063e-12
-7.877316e-12
-7.243127e-12
-6.667590e-12
-6.144607e-12
-5.668778e-12
-5.235319e-12
-4.839982e-12
-4.478991e-12
-4.148985e-12
-3.846967e-12
-3.570260e-12
-3.316474e-12
-3.083468e-12
-2.869321e-12
-2.672312e-12
-2.490893e-12
-2.323671e-12
-2.169392e-12
-2.026925e-12
-1.895248e-12
-1.773438e-12
1.512852e-03
1.526075e-03
1.442248e-03
1.164699e-03
7.282946e-04
2.186595e-04
-2.648699e-04
-6.335862e-04
-8.322445e-04
-8.545246e-04
-7.408454e-04
-5.574553e-04
-3.682486e-04
-2.144937e-04
-1.101573e-04
-4.965434e-05
-1.940609e-05
-6.377726e-06
-1.607580e-06
-1.858331e-07
1.075473e-07
1.058118e-07
6.175726e-08
3.019943e-08
1.349591e-08
5.708312e-09
NaN
8.210064e-10
2.806123e-10
9.118266e-11
2.664970e-11
5.416617e-12
-1.198823e-12
-3.022409e-12
-3.333774e-12
-3.197945e-12
-2.949972e-12
-2.690668e-12
-2.447843e-12
-2.227354e-12
-2.028833e-12
-1.850364e-12
-1.689825e-12
-1.545237e-12
-1.414831e-12
-1.297050e-12
-1.190521e-12
-1.094038e-12
-1.006536e-12
-9.270754e-13
-8.548242e-13
-7.890469e-13
-7.290903e-13
-6.743746e-13
-6.243837e-13
-5.786580e-13
-5.367873e-13
-4.984051e-13
-4.631839e-13
-4.308298e-13
-4.010798e-13
-3.736971e-13
-3.484693e-13
-3.252048e-13
-3.037312e-13
-2.838927e-13
-2.655488e-13
-2.485722e-13
3.285822e-04
5.462412e-04
5.667565e-04
4.058699e-04
1.182736e-04
-2.259936e-04
-5.512124e-04
-7.883588e-04
-8.930486e-04
-8.598946e-04
-7.221888e-04
-5.350035e-04
-3.514046e-04
-2.050952e-04
-1.063993e-04
-4.899265e-05
-1.994301e-05
-7.111709e-06
-2.174629e-06
-5.374763e-07
-8.428165e-08
9.781652e-09
1.655225e-08
9.884258e-09
4.700003e-09
2.020764e-09
8.210064e-10
NaN
1.095072e-10
3.615529e-11
1.137316e-11
3.231606e-12
6.461565e-13
-1.322961e-13
-3.398659e-13
-3.737200e-13
-3.580403e-13
-3.304505e-13
-3.018514e-13
-2.751298e-13
-2.508545e-13
-2.289620e-13
-2.092405e-13
-1.914617e-13
-1.754145e-13
-1.609102e-13
-1.477826e-13
-1.358849e-13
-1.250875e-13
-1.152761e-13
-1.063493e-13
-9.821737e-14
-9.080063e-14
-8.402825e-14
-7.783716e-14
-7.217114e-14
-6.697998e-14
-6.221882e-14
-5.784750e-14
-5.382999e-14
-5.013400e-14
-4.673048e-14
-4.359331e-14
-4.069895e-14
-3.802619e-14
-3.555586e-14
-3.327065e-14
-3.115487e-14
-1.152515e-04
1.133255e-04
1.523121e-04
4.560427e-05
-1.583141e-04
-4.063623e-04
-6.402415e-04
-8.043914e-04
-8.616801e-04
-8.069759e-04
-6.679803e-04
-4.912490e-04
-3.217855e-04
-1.879548e-04
-9.792290e-05
-4.548371e-05
-1.880764e-05
-6.901041e-06
-2.231209e-06
-6.252984e-07
-1.453513e-07
-2.385891e-08
1.085449e-10
2.415795e-09
1.474047e-09
6.792169e-10
2.806123e-10
1.095072e-10
NaN
1.355295e-11
4.323925e-12
1.317993e-12
3.654039e-13
7.328563e-14
-1.183613e-14
-3.390802e-14
-3.746596e-14
-3.592213e-14
-3.319208e-14
-3.036955e-14
-2.773365e-14
-2.533655e-14
-2.317091e-14
-2.121602e-14
-1.944996e-14
-1.785254e-14
-1.640573e-14
-1.509359e-14
-1.390203e-14
-1.281858e-14
-1.183221e-14
-1.093313e-14
-1.011264e-14
-9.362994e-15
-8.677310e-15
-8.049435e-15
-7.473873e-15
-6.945709e-15
-6.460542e-15
-6.014422e-15
-5.603804e-15
-5.225498e-15
-4.876633e-15
-4.554624e-15
-4.257135e-15
-3.982058e-15
-3.727484e-15
-3.491688e-15
-2.236803e-04
-4.995249e-05
-2.485962e-05
-1.084607e-04
-2.653164e-04
-4.565869e-04
-6.366160e-04
-7.595023e-04
-7.934495e-04
-7.335129e-04
-6.030737e-04
-4.420617e-04
-2.892569e-04
-1.690548e-04
-8.826630e-05
-4.116460e-05
-1.713870e-05
-6.362504e-06
-2.100666e-06
-6.133702e-07
-1.562980e-07
-3.353599e-08
-5.346777e-09
-1.907918e-10
3.321208e-10
2.051225e-10
9.118266e-11
3.615529e-11
1.355295e-11
5.343238e-12
1.557202e-12
4.801526e-13
1.418981e-13
3.847530e-14
7.838457e-15
-8.106579e-16
-3.000838e-15
-3.359696e-15
-3.229929e-15
-2.989420e-15
-2.740045e-15
-2.506941e-15
-2.294647e-15
-2.102493e-15
-1.928688e-15
-1.771348e-15
-1.628742e-15
-1.499323e-15
-1.381721e-15
-1.274723e-15
-1.177252e-15
-1.088354e-15
-1.007179e-15
-9.329711e-16
-8.650571e-16
-8.028349e-16
-7.457667e-16
-6.933712e-16
-6.452166e-16
-6.009157e-16
-5.601205e-16
-5.225177e-16
-4.878254e-16
-4.557892e-16
-4.261794e-16
-3.987884e-16
-3.734283e-16
-3.499290e-16
-2.040350e-04
-9.322320e-05
-8.847636e-05
-1.622562e-04
-2.912861e-04
-4.473502e-04
-5.939098e-04
-6.922772e-04
-7.148532e-04
-6.569453e-04
-5.385494e-04
-3.942927e-04
-2.579705e-04
-1.508713e-04
-7.888137e-05
-3.686867e-05
-1.540167e-05
-5.747839e-06
-1.914467e-06
-5.679439e-07
-1.493745e-07
-3.444273e-08
-6.751678e-09
-1.011298e-09
-5.090935e-11
4.339079e-11
2.664970e-11
1.137316e-11
4.323925e-12
1.557202e-12
NaN
1.661841e-13
4.952539e-14
1.419211e-14
3.767496e-15
7.839042e-16
-3.263569e-17
-2.351332e-16
-2.694526e-16
-2.602624e-16
-2.413980e-16
-2.216707e-16
-2.031892e-16
-1.863277e-16
-1.710368e-16
-1.571783e-16
-1.446077e-16
-1.331918e-16
-1.228116e-16
-1.133614e-16
-1.047475e-16
-9.688658e-17
-8.970446e-17
-8.313509e-17
-7.711957e-17
-7.160526e-17
-6.654506e-17
-6.189680e-17
-5.762264e-17
-5.368861e-17
-5.006416e-17
-4.672178e-17
-4.363669e-17
-4.078653e-17
-3.815108e-17
-3.571207e-17
-3.345297e-17
-3.135876e-17
-1.511340e-04
-9.056808e-05
-1.024457e-04
-1.709077e-04
-2.817330e-04
-4.141350e-04
-5.381856e-04
-6.207682e-04
-6.377182e-04
-5.846474e-04
-4.788316e-04
-3.505362e-04
-2.294389e-04
-1.342907e-04
-7.028997e-05
-3.290078e-05
-1.377057e-05
-5.152936e-06
-1.723284e-06
-5.146693e-07
-1.370405e-07
-3.240731e-08
-6.740336e-09
-1.199435e-09
-1.656936e-10
-8.843244e-12
5.416617e-12
3.231606e-12
1.317993e-12
4.801526e-13
1.661841e-13
NaN
1.648059e-14
4.746604e-15
1.318667e-15
3.426796e-16
7.278811e-17
1.171401e-18
-1.624513e-17
-1.931891e-17
-1.879174e-17
-1.747567e-17
-1.607849e-17
-1.476487e-17
-1.356392e-17
-1.247272e-17
-1.148182e-17
-1.058126e-17
-9.761870e-18
-9.015437e-18
-8.334650e-18
-7.713009e-18
-7.144725e-18
-6.624636e-18
-6.148137e-18
-5.711107e-18
-5.309860e-18
-4.941090e-18
-4.601833e-18
-4.289421e-18
-4.001458e-18
-3.735784e-18
-3.490449e-18
-3.263696e-18
-3.053935e-18
-2.859726e-18
-2.679768e-18
-2.512878e-18
-1.016297e-04
-7.500215e-05
-9.740436e-05
-1.614067e-04
-2.587790e-04
-3.737637e-04
-4.813076e-04
-5.527213e-04
-5.667157e-04
-5.192230e-04
-4.252764e-04
-3.114748e-04
-2.040157e-04
-1.195146e-04
-6.261893e-05
-2.934385e-05
-1.229824e-05
-4.609509e-06
-1.544873e-06
-4.628459e-07
-1.238870e-07
-2.958492e-08
-6.282568e-09
-1.176108e-09
-1.891684e-10
-2.381461e-11
-1.198823e-12
6.461565e-13
3.654039e-13
1.418981e-13
4.952539e-14
1.648059e-14
5.763354e-15
1.519469e-15
4.228745e-16
1.138419e-16
2.893045e-17
6.245210e-18
4.097736e-19
-9.817979e-19
-1.237129e-18
-1.215547e-18
-1.134066e-18
-1.045496e-18
-9.618005e-19
-8.851027e-19
-8.152771e-19
-7.517491e-19
-6.939053e-19
-6.411786e-19
-5.930604e-19
-5.490973e-19
-5.088851e-19
-4.720630e-19
-4.383089e-19
-4.073345e-19
-3.788816e-19
-3.527187e-19
-3.286378e-19
-3.064518e-19
-2.859925e-19
-2.671081e-19
-2.496618e-19
-2.335297e-19
-2.186001e-19
-2.047717e-19
-1.919527e-19
-1.800598e-19
-6.538623e-05
-5.916706e-05
-8.678516e-05
-1.460789e-04
-2.324848e-04
-3.336270e-04
-4.281433e-04
-4.909510e-04
-5.032023e-04
-4.611419e-04
-3.779158e-04
-2.769926e-04
-1.815837e-04
-1.064712e-04
-5.583906e-05
-2.619353e-05
-1.098992e-05
-4.124087e-06
-1.384114e-06
-4.154146e-07
-1.114717e-07
-2.673089e-08
-5.721863e-09
-1.090145e-09
-1.833957e-10
-2.657908e-11
-3.022409e-12
-1.322961e-13
7.328563e-14
3.847530e-14
1.419211e-14
4.746604e-15
1.519469e-15
NaN
1.302968e-16
3.503377e-17
9.133976e-18
2.266244e-18
4.938553e-19
5.208554e-20
-5.110292e-20
-7.065251e-20
-7.041940e-20
-6.596137e-20
-6.093880e-20
-5.615936e-20
-5.176774e-20
-4.776168e-20
-4.411017e-20
-4.077936e-20
-3.773785e-20
-3.495738e-20
-3.241271e-20
-3.008132e-20
-2.794304e-20
-2.597984e-20
-2.417554e-20
-2.251563e-20
-2.098708e-20
-1.957815e-20
-1.827827e-20
-1.707791e-20
-1.596846e-20
-1.494215e-20
-1.399194e-20
-1.311145e-20
-1.229489e-20
-1.153704e-20
-4.183558e-05
-4.664568e-05
-7.579753e-05
-1.300710e-04
-2.070230e-04
-2.965898e-04
-3.802923e-04
-4.360487e-04
-4.471060e-04
-4.100012e-04
-3.362704e-04
-2.466822e-04
-1.618606e-04
-9.499519e-05
-4.986782e-05
-2.341509e-05
-9.833879e-06
-3.694045e-06
-1.241133e-06
-3.729551e-07
-1.002266e-07
-2.408387e-08
-5.172715e-09
-9.920743e-10
-1.694673e-10
-2.559090e-11
-3.333774e-12
-3.398659e-13
-1.183613e-14
7.838457e-15
3.767496e-15
1.318667e-15
4.228745e-16
1.302968e-16
NaN
1.039617e-17
2.700129e-18
6.813407e-19
1.647294e-19
3.596350e-20
4.883713e-21
-2.214144e-21
-3.589510e-21
-3.652012e-21
-3.438116e-21
-3.183557e-21
-2.938991e-21
-2.713566e-21
-2.507517e-21
-2.319365e-21
-2.147437e-21
-1.990174e-21
-1.846168e-21
-1.714161e-21
-1.593025e-21
-1.481750e-21
-1.379431e-21
-1.285254e-21
-1.198488e-21
-1.118474e-21
-1.044620e-21
-9.763902e-22
-9.133001e-22
-8.549127e-22
-8.008319e-22
-7.506986e-22
-7.041874e-22
-6.610022e-22
-2.754475e-05
-3.757546e-05
-6.606626e-05
-1.152510e-04
-1.838621e-04
-2.634734e-04
-3.379296e-04
-3.876888e-04
-3.978105e-04
-3.651008e-04
-2.997104e-04
-2.200636e-04
-1.445287e-04
-8.490234e-05
-4.461118e-05
-2.096643e-05
-8.813729e-06
-3.313949e-06
-1.114495e-06
-3.352352e-07
-9.018769e-08
-2.169929e-08
-4.668616e-09
-8.979201e-10
-1.542534e-10
-2.361349e-11
-3.197945e-12
-3.737200e-13
-3.390802e-14
-8.106579e-16
7.839042e-16
3.426796e-16
1.138419e-16
3.503377e-17
1.039617e-17
3.240658e-18
7.721019e-19
1.936763e-19
4.727153e-20
1.111514e-20
2.412812e-21
3.801679e-22
-7.270903e-23
-1.615439e-22
-1.694319e-22
-1.605641e-22
-1.490497e-22
-1.378389e-22
-1.274670e-22
-1.179669e-22
-1.092766e-22
-1.013222e-22
-9.403429e-23
-8.735003e-23
-8.121305e-23
-7.557281e-23
-7.038395e-23
-6.560569e-23
-6.120136e-23
-5.713793e-23
-5.338560e-23
-4.991746e-23
-4.670921e-23
-4.373884e-23
-4.098642e-23
-3.843388e-23
-3.606481e-23
-3.386430e-23
-1.917128e-05
-3.113120e-05
-5.783546e-05
-1.021093e-04
-1.633173e-04
-2.342491e-04
-3.006736e-04
-3.452270e-04
-3.545484e-04
-3.256903e-04
-2.676047e-04
-1.966719e-04
-1.292856e-04
-7.601785e-05
-3.997949e-05
-1.880671e-05
-7.912978e-06
-2.977941e-06
-1.002393e-06
-3.017882e-07
-8.126480e-08
-1.957172e-08
-4.215627e-09
-8.120014e-10
-1.398293e-10
-2.151143e-11
-2.949972e-12
-3.580403e-13
-3.746596e-14
-3.000838e-15
-3.263569e-17
7.278811e-17
2.893045e-17
9.133976e-18
2.700129e-18
7.721019e-19
NaN
5.339331e-20
1.293381e-20
3.051851e-21
6.966248e-22
1.493217e-22
2.569255e-23
-1.119847e-24
-6.391301e-24
-7.024602e-24
-6.716866e-24
-6.253153e-24
-5.792991e-24
-5.365294e-24
-4.972696e-24
-4.612937e-24
-4.283107e-24
-3.980430e-24
-3.702392e-24
-3.446731e-24
-3.211414e-24
-2.994616e-24
-2.794689e-24
-2.610153e-24
-2.439669e-24
-2.282028e-24
-2.136138e-24
-2.001008e-24
-1.875742e-24
-1.759526e-24
-1.651621e-24
-1.551355e-24
-1.428204e-05
-2.645828e-05
-5.091881e-05
-9.062028e-05
-1.452621e-04
-2.085804e-04
-2.679714e-04
-3.079581e-04
-3.165635e-04
-2.910658e-04
-2.393762e-04
-1.760876e-04
-1.158598e-04
-6.818538e-05
-3.589235e-05
-1.689906e-05
-7.116575e-06
-2.680555e-06
-9.030691e-07
-2.721179e-07
-7.333812e-08
-1.767804e-08
-3.811207e-09
-7.348510e-10
-1.267091e-10
-1.953395e-11
-2.690668e-12
-3.304505e-13
-3.592213e-14
-3.359696e-15
-2.351332e-16
1.171401e-18
6.245210e-18
2.266244e-18
6.813407e-19
1.936763e-19
5.339331e-20
NaN
3.439117e-21
8.044273e-22
1.834221e-22
4.058181e-23
8.538604e-24
1.542632e-24
6.879246e-26
-2.190477e-25
-2.598168e-25
-2.516108e-25
-2.350510e-25
-2.181482e-25
-2.023447e-25
-1.878039e-25
-1.744566e-25
-1.622001e-25
-1.509354e-25
-1.405721e-25
-1.310289e-25
-1.222325e-25
-1.141169e-25
-1.066227e-25
-9.969606e-26
-9.328848e-26
-8.735601e-26
-8.185883e-26
-7.676085e-26
-7.202929e-26
-6.763439e-26
-6.354907e-26
-1.133808e-05
-2.292595e-05
-4.505945e-05
-8.060280e-05
-1.294329e-04
-1.860536e-04
-2.392586e-04
-2.752165e-04
-2.831685e-04
-2.606000e-04
-2.145163e-04
-1.579431e-04
-1.040144e-04
-6.126839e-05
-3.227954e-05
-1.521121e-05
-6.411261e-06
-2.416930e-06
-8.149356e-07
-2.457641e-07
-6.628987e-08
-1.599212e-08
-3.450576e-09
-6.658820e-10
-1.149240e-10
-1.773786e-11
-2.447843e-12
-3.018514e-13
-3.319208e-14
-3.229929e-15
-2.694526e-16
-1.624513e-17
4.097736e-19
4.938553e-19
1.647294e-19
4.727153e-20
1.293381e-20
3.439117e-21
NaN
2.063856e-22
4.661176e-23
1.026712e-23
2.199026e-24
4.519683e-25
8.346933e-26
8.195731e-27
-6.296821e-27
-8.548033e-27
-8.435664e-27
-7.915091e-27
-7.360021e-27
-6.836877e-27
-6.354267e-27
-5.910503e-27
-5.502380e-27
-5.126723e-27
-4.780624e-27
-4.461461e-27
-4.166866e-27
-3.894704e-27
-3.643045e-27
-3.410144e-27
-3.194422e-27
-2.994447e-27
-2.808919e-27
-2.636659e-27
-2.476593e-27
-2.327746e-27
-9.449067e-06
-2.012926e-05
-4.003891e-05
-7.185426e-05
-1.155484e-04
-1.662671e-04
-2.140166e-04
-2.464086e-04
-2.537598e-04
-2.337465e-04
-1.925838e-04
-1.419203e-04
-9.354432e-05
-5.514878e-05
-2.908023e-05
-1.371515e-05
-5.785518e-06
-2.182832e-06
-7.366009e-07
-2.223187e-07
-6.001352e-08
-1.448936e-08
-3.128767e-09
-6.042519e-10
-1.043707e-10
-1.612294e-11
-2.227354e-12
-2.751298e-13
-3.036955e-14
-2.989420e-15
-2.602624e-16
-1.931891e-17
-9.817979e-19
5.208554e-20
3.596350e-20
1.111514e-20
3.051851e-21
8.044273e-22
2.063856e-22
NaN
1.154244e-23
2.516970e-24
5.354544e-25
1.109170e-25
2.218520e-26
4.110353e-27
5.354891e-28
-1.388803e-28
-2.488416e-28
-2.529212e-28
-2.387230e-28
-2.224548e-28
-2.069459e-28
-1.925938e-28
-1.793737e-28
-1.671969e-28
-1.559725e-28
-1.456168e-28
-1.360539e-28
-1.272154e-28
-1.190391e-28
-1.114691e-28
-1.044545e-28
-9.794930e-29
-9.191168e-29
-8.630365e-29
-8.109065e-29
-7.624120e-29
-8.131269e-06
-1.782560e-05
-3.569337e-05
-6.419241e-05
-1.033502e-04
-1.488605e-04
-1.917886e-04
-2.210169e-04
-2.278146e-04
-2.100334e-04
-1.731981e-04
-1.277449e-04
-8.427279e-05
-4.972471e-05
-2.624193e-05
-1.238671e-05
-5.229378e-06
-1.974586e-06
-6.668551e-07
-2.014254e-07
-5.441543e-08
-1.314778e-08
-2.841211e-09
-5.491263e-10
-9.491962e-11
-1.467406e-11
-2.028833e-12
-2.508545e-13
-2.773365e-14
-2.740045e-15
-2.413980e-16
-1.879174e-17
-1.237129e-18
-5.110292e-20
4.883713e-21
2.412812e-21
6.966248e-22
1.834221e-22
4.661176e-23
1.154244e-23
NaN
6.017361e-25
1.266920e-25
2.602712e-26
5.210939e-27
1.011543e-27
1.855822e-28
2.757101e-29
-1.502309e-30
-6.341472e-30
-6.770887e-30
-6.446358e-30
-6.022443e-30
-5.611074e-30
-5.228783e-30
-4.875947e-30
-4.550455e-30
-4.249995e-30
-3.972407e-30
-3.715729e-30
-3.478182e-30
-3.258156e-30
-3.054191e-30
-2.864962e-30
-2.689264e-30
-2.526005e-30
-2.374189e-30
-2.232908e-30
-7.133149e-06
-1.587308e-05
-3.190318e-05
-5.746305e-05
-9.261270e-05
-1.335195e-04
-1.721791e-04
-1.985950e-04
-2.048825e-04
-1.890545e-04
-1.560317e-04
-1.151807e-04
-7.604756e-05
-4.490837e-05
-2.371938e-05
-1.120499e-05
-4.734224e-06
-1.789014e-06
-6.046493e-07
-1.827748e-07
-4.941396e-08
-1.194817e-08
-2.583864e-09
-4.997489e-10
-8.644618e-11
-1.337362e-11
-1.850364e-12
-2.289620e-13
-2.533655e-14
-2.506941e-15
-2.216707e-16
-1.747567e-17
-1.215547e-18
-7.065251e-20
-2.214144e-21
3.801679e-22
1.493217e-22
4.058181e-23
1.026712e-23
2.516970e-24
6.017361e-25
NaN
2.924873e-26
5.946022e-27
1.179571e-27
2.281882e-28
4.291959e-29
7.732672e-30
1.223108e-30
5.741081e-32
-1.375733e-31
-1.610973e-31
-1.556354e-31
-1.459571e-31
-1.362401e-31
-1.271371e-31
-1.187082e-31
-1.109167e-31
-1.037127e-31
-9.704764e-32
-9.087638e-32
-8.515778e-32
-7.985439e-32
-7.493217e-32
-7.036016e-32
-6.611019e-32
-6.215661e-32
-5.847605e-32
-6.327048e-06
-1.418735e-05
-2.857930e-05
-5.153732e-05
-8.314194e-05
-1.199736e-04
-1.548470e-04
-1.787585e-04
-1.845757e-04
-1.704603e-04
-1.408026e-04
-1.040243e-04
-6.873734e-05
-4.062400e-05
-2.147346e-05
-1.015194e-05
-4.292603e-06
-1.623362e-06
-5.490740e-07
-1.660981e-07
-4.493813e-08
-1.087375e-08
-2.353185e-09
-4.554522e-10
-7.883834e-11
-1.220500e-11
-1.689825e-12
-2.092405e-13
-2.317091e-14
-2.294647e-15
-2.031892e-16
-1.607849e-17
-1.134066e-18
-7.041940e-20
-3.589510e-21
-7.270903e-23
2.569255e-23
8.538604e-24
2.199026e-24
5.354544e-25
1.266920e-25
2.924873e-26
NaN
1.325936e-27
2.603031e-28
4.987774e-29
9.326935e-30
1.700459e-30
3.002766e-31
4.918484e-32
5.213317e-33
-2.220835e-33
-3.317594e-33
-3.326533e-33
-3.153329e-33
-2.956768e-33
-2.766192e-33
-2.587282e-33
-2.420811e-33
-2.266337e-33
-2.123091e-33
-1.990231e-33
-1.866942e-33
-1.752458e-33
-1.646074e-33
-1.547144e-33
-1.455078e-33
-1.369339e-33
-5.648069e-06
-1.271550e-05
-2.565294e-05
-4.630714e-05
-7.477202e-05
-1.079899e-04
-1.394993e-04
-1.611769e-04
-1.665606e-04
-1.539494e-04
-1.272677e-04
-9.410008e-05
-6.222880e-05
-3.680613e-05
-1.947036e-05
-9.211932e-06
-3.898056e-06
-1.475244e-06
-4.993397e-07
-1.511620e-07
-4.092618e-08
-9.909916e-09
-2.146084e-09
-4.156518e-10
-7.199738e-11
-1.115336e-11
-1.545237e-12
-1.914617e-13
-2.121602e-14
-2.102493e-15
-1.863277e-16
-1.476487e-17
-1.045496e-18
-6.596137e-20
-3.652012e-21
-1.615439e-22
-1.119847e-24
1.542632e-24
4.519683e-25
1.109170e-25
2.602712e-26
5.946022e-27
1.325936e-27
NaN
5.609175e-29
1.064079e-29
1.972313e-30
3.577518e-31
6.373881e-32
1.123383e-32
1.967534e-33
3.219054e-34
1.718463e-35
-4.413820e-35
-5.692680e-35
-5.824924e-35
-5.632708e-35
-5.342734e-35
-5.030458e-35
-4.723405e-35
-4.431484e-35
-4.157698e-35
-3.902324e-35
-3.664596e-35
-3.443397e-35
-3.237535e-35
-3.045853e-35
-2.867264e-35
-5.061950e-06
-1.142163e-05
-2.306897e-05
-4.168110e-05
-6.736075e-05
-9.736853e-05
-1.258838e-04
-1.455652e-04
-1.505496e-04
-1.392623e-04
-1.152171e-04
-8.525651e-05
-5.642393e-05
-3.339812e-05
-1.768078e-05
-8.371420e-06
-3.544976e-06
-1.342585e-06
-4.547601e-07
-1.377631e-07
-3.732432e-08
-9.043921e-09
-1.959863e-09
-3.798367e-10
-6.583675e-11
-1.020559e-11
-1.414831e-12
-1.754145e-13
-1.944996e-14
-1.928688e-15
-1.710368e-16
-1.356392e-17
-9.618005e-19
-6.093880e-20
-3.438116e-21
-1.694319e-22
-6.391301e-24
6.879246e-26
8.346933e-26
2.218520e-26
5.210939e-27
1.179571e-27
2.603031e-28
5.609175e-29
NaN
2.218845e-30
4.080669e-31
7.374356e-32
1.322562e-32
2.410075e-33
4.685992e-34
1.046737e-34
2.820499e-35
8.711868e-36
2.594443e-36
3.899867e-37
-4.429503e-37
-7.452882e-37
-8.347386e-37
-8.388665e-37
-8.099849e-37
-7.695968e-37
-7.264544e-37
-6.840278e-37
-6.436074e-37
-6.055926e-37
-5.700253e-37
-5.368108e-37
-4.549099e-06
-1.027931e-05
-2.078186e-05
-3.758132e-05
-6.078604e-05
-8.793734e-05
-1.137830e-04
-1.316779e-04
-1.362945e-04
-1.261743e-04
-1.044693e-04
-7.736230e-05
-5.123782e-05
-3.035082e-05
-1.607928e-05
-7.618631e-06
-3.228491e-06
-1.223580e-06
-4.147372e-07
-1.257245e-07
-3.408559e-08
-8.264640e-09
-1.792162e-09
-3.475595e-10
-6.028060e-11
-9.350194e-12
-1.297050e-12
-1.609102e-13
-1.785254e-14
-1.771348e-15
-1.571783e-16
-1.247272e-17
-8.851027e-19
-5.615936e-20
-3.183557e-21
-1.605641e-22
-7.024602e-24
-2.190477e-25
8.195731e-27
4.110353e-27
1.011543e-27
2.281882e-28
4.987774e-29
1.064079e-29
2.218845e-30
NaN
8.289137e-32
1.503371e-32
2.759185e-33
5.361699e-34
1.189378e-34
3.229309e-35
1.069509e-35
4.027266e-36
1.607846e-36
6.518953e-37
2.608240e-37
9.918315e-38
3.248163e-38
5.264525e-39
-5.541899e-39
-9.554680e-39
-1.077792e-38
-1.087480e-38
-1.053358e-38
-1.003740e-38
-9.501381e-39
-8.971236e-39
-4.096990e-06
-9.267746e-06
-1.875325e-05
-3.394108e-05
-5.494282e-05
-7.954788e-05
-1.030092e-04
-1.193028e-04
-1.235806e-04
-1.144914e-04
-9.486719e-05
-7.030363e-05
-4.659678e-05
-2.762156e-05
-1.464377e-05
-6.943324e-06
-2.944355e-06
-1.116655e-06
-3.787494e-07
-1.148913e-07
-3.116897e-08
-7.562340e-09
-1.640917e-09
-3.184282e-10
-5.526237e-11
-8.577063e-12
-1.190521e-12
-1.477826e-13
-1.640573e-14
-1.628742e-15
-1.446077e-16
-1.148182e-17
-8.152771e-19
-5.176774e-20
-2.938991e-21
-1.490497e-22
-6.716866e-24
-2.598168e-25
-6.296821e-27
5.354891e-28
1.855822e-28
4.291959e-29
9.326935e-30
1.972313e-30
4.080669e-31
8.289137e-32
NaN
3.078244e-33
5.981423e-34
1.310538e-34
3.483366e-35
1.133430e-35
4.240733e-36
1.701644e-36
7.023659e-37
2.926146e-37
1.220919e-37
5.083838e-38
2.106534e-38
8.644811e-39
3.476263e-39
1.333266e-39
4.499727e-40
8.994569e-41
-5.335038e-41
-1.072526e-40
-1.245450e-40
-1.270540e-40
-3.696670e-06
-8.369872e-06
-1.695047e-05
-3.070298e-05
-4.974043e-05
-7.207192e-05
-9.340019e-05
-1.082561e-04
-1.122219e-04
-1.040450e-04
-8.627427e-05
-6.398168e-05
-4.243675e-05
-2.517322e-05
-1.335499e-05
-6.336569e-06
-2.688866e-06
-1.020437e-06
-3.463407e-07
-1.051282e-07
-2.853853e-08
-6.928489e-09
-1.504314e-09
-2.920987e-10
-5.072360e-11
-7.877316e-12
-1.094038e-12
-1.358849e-13
-1.509359e-14
-1.499323e-15
-1.331918e-16
-1.058126e-17
-7.517491e-19
-4.776168e-20
-2.713566e-21
-1.378389e-22
-6.253153e-24
-2.516108e-25
-8.548033e-27
-1.388803e-28
2.757101e-29
7.732672e-30
1.700459e-30
3.577518e-31
7.374356e-32
1.503371e-32
3.078244e-33
NaN
1.418114e-34
3.704917e-35
1.185749e-35
4.397823e-36
1.761487e-36
7.285679e-37
3.047429e-37
1.278234e-37
5.359612e-38
2.243954e-38
9.377245e-39
3.910419e-39
1.626793e-39
6.747228e-40
2.785822e-40
1.141002e-40
4.596892e-41
1.783592e-41
6.275479e-42
1.567307e-42
-3.341166e-06
-7.571296e-06
-1.534545e-05
-2.781749e-05
-4.510051e-05
-6.539852e-05
-8.481547e-05
-9.837862e-05
-1.020570e-04
-9.468890e-05
-7.857195e-05
-5.831041e-05
-3.870194e-05
-2.297341e-05
-1.219614e-05
-5.790571e-06
-2.458786e-06
-9.337238e-07
-3.171120e-07
-9.631671e-08
-2.616276e-08
-6.355600e-09
-1.380763e-09
-2.682682e-10
-4.661283e-11
-7.243127e-12
-1.006536e-12
-1.250875e-13
-1.390203e-14
-1.381721e-15
-1.228116e-16
-9.761870e-18
-6.939053e-19
-4.411017e-20
-2.507517e-21
-1.274670e-22
-5.792991e-24
-2.350510e-25
-8.435664e-27
-2.488416e-28
-1.502309e-30
1.223108e-30
3.002766e-31
6.373881e-32
1.322562e-32
2.759185e-33
5.981423e-34
1.418114e-34
3.999672e-35
1.226273e-35
4.513536e-36
1.805053e-36
7.480568e-37
3.140058e-37
1.322580e-37
5.569855e-38
2.342362e-38
9.832691e-39
4.119559e-39
1.722606e-39
7.189333e-40
2.994807e-40
1.245168e-40
5.167084e-41
2.139673e-41
8.837733e-42
3.637108e-42
1.487570e-42
-3.024748e-06
-6.859718e-06
-1.391398e-05
-2.524176e-05
-4.095517e-05
-5.943145e-05
-7.713302e-05
-8.953206e-05
-9.294563e-05
-8.629577e-05
-7.165692e-05
-5.321485e-05
-3.534367e-05
-2.099388e-05
-1.115254e-05
-5.298509e-06
-2.251282e-06
-8.554621e-07
-2.907131e-07
-8.835266e-08
-2.401398e-08
-5.837088e-09
-1.268862e-09
-2.466704e-10
-4.288470e-11
-6.667590e-12
-9.270754e-13
-1.152761e-13
-1.281858e-14
-1.274723e-15
-1.133614e-16
-9.015437e-18
-6.411786e-19
-4.077936e-20
-2.319365e-21
-1.179669e-22
-5.365294e-24
-2.181482e-25
-7.915091e-27
-2.529212e-28
-6.341472e-30
5.741081e-32
4.918484e-32
1.123383e-32
2.410075e-33
5.361699e-34
1.310538e-34
3.704917e-35
1.226273e-35
NaN
1.831118e-36
7.605223e-37
3.204082e-37
1.355277e-37
5.732853e-38
2.421654e-38
1.021045e-38
4.296477e-39
1.804305e-39
7.562230e-40
3.163377e-40
1.320786e-40
5.504451e-41
2.289886e-41
9.509301e-42
3.942135e-42
1.631431e-42
6.739864e-43
-2.742574e-06
-6.224544e-06
-1.263509e-05
-2.293866e-05
-3.724551e-05
-5.408716e-05
-7.024680e-05
-8.159603e-05
-8.476560e-05
-7.875467e-05
-6.543907e-05
-4.862953e-05
-3.231940e-05
-1.920989e-05
-1.021135e-05
-4.854405e-06
-2.063867e-06
-7.847273e-07
-2.668365e-07
-8.114454e-08
-2.206782e-08
-5.367154e-09
-1.167378e-09
-2.270700e-10
-3.949917e-11
-6.144607e-12
-8.548242e-13
-1.063493e-13
-1.183221e-14
-1.177252e-15
-1.047475e-16
-8.334650e-18
-5.930604e-19
-3.773785e-20
-2.147437e-21
-1.092766e-22
-4.972696e-24
-2.023447e-25
-7.360021e-27
-2.387230e-28
-6.770887e-30
-1.375733e-31
5.213317e-33
1.967534e-33
4.685992e-34
1.189378e-34
3.483366e-35
1.185749e-35
4.513536e-36
1.831118e-36
NaN
3.237616e-37
1.375420e-37
5.844363e-38
2.479966e-38
1.050337e-38
4.439344e-39
1.872443e-39
7.881524e-40
3.310871e-40
1.388113e-40
5.808693e-41
2.426180e-41
1.011528e-41
4.209807e-42
1.749016e-42
7.254214e-43
3.003783e-43
-2.490489e-06
-5.656604e-06
-1.149062e-05
-2.087593e-05
-3.392034e-05
-4.929293e-05
-6.406446e-05
-7.446562e-05
-7.741027e-05
-7.196867e-05
-5.983960e-05
-4.449716e-05
-2.959187e-05
-1.759978e-05
-9.361276e-06
-4.453013e-06
-1.894359e-06
-7.207065e-07
-2.452114e-07
-7.461173e-08
-2.030282e-08
-4.940681e-09
-1.075219e-09
-2.092594e-10
-3.642082e-11
-5.668778e-12
-7.890469e-13
-9.821737e-14
-1.093313e-14
-1.088354e-15
-9.688658e-17
-7.713009e-18
-5.490973e-19
-3.495738e-20
-1.990174e-21
-1.013222e-22
-4.612937e-24
-1.878039e-25
-6.836877e-27
-2.224548e-28
-6.446358e-30
-1.610973e-31
-2.220835e-33
3.219054e-34
1.046737e-34
3.229309e-35
1.133430e-35
4.397823e-36
1.805053e-36
7.605223e-37
3.237616e-37
NaN
5.901192e-38
2.515664e-38
1.070338e-38
4.544325e-39
1.925247e-39
8.139246e-40
3.433848e-40
1.445766e-40
6.075133e-41
2.547858e-41
1.066538e-41
4.456339e-42
1.858662e-42
7.738572e-43
3.216455e-43
1.334651e-43
-2.264903e-06
-5.147941e-06
-1.046477e-05
-1.902551e-05
-3.093505e-05
-4.498538e-05
-5.850542e-05
-6.804920e-05
-7.078646e-05
-6.585303e-05
-5.478956e-05
-4.076755e-05
-2.712841e-05
-1.614453e-05
-8.592422e-06
-4.089721e-06
-1.740836e-06
-6.626836e-07
-2.255992e-07
-6.868310e-08
-1.870001e-08
-4.553151e-09
-9.914223e-10
-1.930547e-10
-3.361830e-11
-5.235319e-12
-7.290903e-13
-9.080063e-14
-1.011264e-14
-1.007179e-15
-8.970446e-17
-7.144725e-18
-5.088851e-19
-3.241271e-20
-1.846168e-21
-9.403429e-23
-4.283107e-24
-1.744566e-25
-6.354267e-27
-2.069459e-28
-6.022443e-30
-1.556354e-31
-3.317594e-33
1.718463e-35
2.820499e-35
1.069509e-35
4.240733e-36
1.761487e-36
7.480568e-37
3.204082e-37
1.375420e-37
5.901192e-38
NaN
1.080489e-38
4.608520e-39
1.961284e-39
8.328528e-40
3.529099e-40
1.492273e-40
6.297142e-41
2.651981e-41
1.114679e-41
4.676292e-42
1.958148e-42
8.184658e-43
3.414955e-43
1.422383e-43
5.914431e-44
-2.062698e-06
-4.691633e-06
-9.543781e-06
-1.736293e-05
-2.825073e-05
-4.110916e-05
-5.349925e-05
-6.226661e-05
-6.481258e-05
-6.033344e-05
-5.022845e-05
-3.739665e-05
-2.490032e-05
-1.482740e-05
-7.896070e-06
-3.760464e-06
-1.601602e-06
-6.100270e-07
-2.077892e-07
-6.329583e-08
-1.724264e-08
-4.200562e-09
-9.151340e-10
-1.782929e-10
-3.106378e-11
-4.839982e-12
-6.743746e-13
-8.402825e-14
-9.362994e-15
-9.329711e-16
-8.313509e-17
-6.624636e-18
-4.720630e-19
-3.008132e-20
-1.714161e-21
-8.735003e-23
-3.980430e-24
-1.622001e-25
-5.910503e-27
-1.925938e-28
-5.611074e-30
-1.459571e-31
-3.326533e-33
-4.413820e-35
8.711868e-36
4.027266e-36
1.701644e-36
7.285679e-37
3.140058e-37
1.355277e-37
5.844363e-38
2.515664e-38
1.080489e-38
NaN
1.979558e-39
8.444226e-40
3.594077e-40
1.526415e-40
6.469009e-41
2.735927e-41
1.154767e-41
4.864381e-42
2.045148e-42
8.582331e-43
3.594910e-43
1.503113e-43
6.273842e-44
2.614157e-44
-1.881162e-06
-4.281646e-06
-8.715643e-06
-1.586683e-05
-2.583339e-05
-3.761585e-05
-4.898429e-05
-5.704763e-05
-5.941707e-05
-5.534471e-05
-4.610312e-05
-3.434570e-05
-2.288234e-05
-1.363367e-05
-7.264537e-06
-3.461659e-06
-1.475164e-06
-5.621786e-07
-1.915953e-07
-5.839430e-08
-1.591585e-08
-3.879369e-09
-8.455966e-10
-1.648294e-10
-2.873255e-11
-4.478991e-12
-6.243837e-13
-7.783716e-14
-8.677310e-15
-8.650571e-16
-7.711957e-17
-6.148137e-18
-4.383089e-19
-2.794304e-20
-1.593025e-21
-8.121305e-23
-3.702392e-24
-1.509354e-25
-5.502380e-27
-1.793737e-28
-5.228783e-30
-1.362401e-31
-3.153329e-33
-5.692680e-35
2.594443e-36
1.607846e-36
7.023659e-37
3.047429e-37
1.322580e-37
5.732853e-38
2.479966e-38
1.070338e-38
4.608520e-39
1.979558e-39
NaN
3.627018e-40
1.547278e-40
6.586209e-41
2.797526e-41
1.185785e-41
5.015937e-42
2.117549e-42
8.922164e-43
3.752163e-43
1.575024e-43
6.599404e-44
2.760276e-44
1.152519e-44
-1.717929e-06
-3.912713e-06
-7.969866e-06
-1.451852e-05
-2.365323e-05
-3.446301e-05
-4.490646e-05
-5.233059e-05
-5.453707e-05
-5.082949e-05
-4.236681e-05
-3.158058e-05
-2.105219e-05
-1.255034e-05
-6.691038e-06
-3.190138e-06
-1.360198e-06
-5.186443e-07
-1.768523e-07
-5.392922e-08
-1.470646e-08
-3.586424e-09
-7.821375e-10
-1.525356e-10
-2.660262e-11
-4.148985e-12
-5.786580e-13
-7.217114e-14
-8.049435e-15
-8.028349e-16
-7.160526e-17
-5.711107e-18
-4.073345e-19
-2.597984e-20
-1.481750e-21
-7.557281e-23
-3.446731e-24
-1.405721e-25
-5.126723e-27
-1.671969e-28
-4.875947e-30
-1.271371e-31
-2.956768e-33
-5.824924e-35
3.899867e-37
6.518953e-37
2.926146e-37
1.278234e-37
5.569855e-38
2.421654e-38
1.050337e-38
4.544325e-39
1.961284e-39
8.444226e-40
3.627018e-40
NaN
6.645611e-41
2.835155e-41
1.206929e-41
5.127101e-42
2.173543e-42
9.195841e-43
3.882950e-43
1.636435e-43
6.883692e-44
2.890335e-44
1.211426e-44
5.068563e-45
-1.570930e-06
-3.580224e-06
-7.297266e-06
-1.330163e-05
-2.168415e-05
-3.161340e-05
-4.121823e-05
-4.806127e-05
-5.011725e-05
-4.673729e-05
-3.897828e-05
-2.907120e-05
-1.939022e-05
-1.156594e-05
-6.169576e-06
-2.943099e-06
-1.255533e-06
-4.789865e-07
-1.634140e-07
-4.985684e-08
-1.360279e-08
-3.318930e-09
-7.241582e-10
-1.412970e-10
-2.465442e-11
-3.846967e-12
-5.367873e-13
-6.697998e-14
-7.473873e-15
-7.457667e-16
-6.654506e-17
-5.309860e-18
-3.788816e-19
-2.417554e-20
-1.379431e-21
-7.038395e-23
-3.211414e-24
-1.310289e-25
-4.780624e-27
-1.559725e-28
-4.550455e-30
-1.187082e-31
-2.766192e-33
-5.632708e-35
-4.429503e-37
2.608240e-37
1.220919e-37
5.359612e-38
2.342362e-38
1.021045e-38
4.439344e-39
1.925247e-39
8.328528e-40
3.594077e-40
1.547278e-40
6.645611e-41
NaN
1.217644e-41
5.194989e-42
2.211699e-42
9.396497e-43
3.984051e-43
1.685866e-43
7.119995e-44
3.001333e-44
1.262829e-44
5.303825e-45
2.223644e-45
-1.438354e-06
-3.280141e-06
-6.689784e-06
-1.220177e-05
-1.990320e-05
-2.903427e-05
-3.787780e-05
-4.419194e-05
-4.610883e-05
-4.302356e-05
-3.590114e-05
-2.679095e-05
-1.787906e-05
-1.067029e-05
-5.694837e-06
-2.718057e-06
-1.160130e-06
-4.428166e-07
-1.511504e-07
-4.613826e-08
-1.259443e-08
-3.074396e-09
-6.711256e-10
-1.310115e-10
-2.287047e-11
-3.570260e-12
-4.984051e-13
-6.221882e-14
-6.945709e-15
-6.933712e-16
-6.189680e-17
-4.941090e-18
-3.527187e-19
-2.251563e-20
-1.285254e-21
-6.560569e-23
-2.994616e-24
-1.222325e-25
-4.461461e-27
-1.456168e-28
-4.249995e-30
-1.109167e-31
-2.587282e-33
-5.342734e-35
-7.452882e-37
9.918315e-38
5.083838e-38
2.243954e-38
9.832691e-39
4.296477e-39
1.872443e-39
8.139246e-40
3.529099e-40
1.526415e-40
6.586209e-41
2.835155e-41
1.217644e-41
NaN
2.231031e-42
9.519005e-43
4.052923e-43
1.722093e-43
7.302579e-44
3.090630e-44
1.305532e-44
5.504484e-45
2.316605e-45
9.732205e-46
-1.318615e-06
-3.008919e-06
-6.140344e-06
-1.120631e-05
-1.829020e-05
-2.669677e-05
-3.484831e-05
-4.068046e-05
-4.246877e-05
-3.964894e-05
-3.310320e-05
-2.471630e-05
-1.650329e-05
-9.854392e-06
-5.262109e-06
-2.512807e-06
-1.073066e-06
-4.097891e-07
-1.399457e-07
-4.273885e-08
-1.167210e-08
-2.850600e-09
-6.225641e-10
-1.215880e-10
-2.123515e-11
-3.316474e-12
-4.631839e-13
-5.784750e-14
-6.460542e-15
-6.452166e-16
-5.762264e-17
-4.601833e-18
-3.286378e-19
-2.098708e-20
-1.198488e-21
-6.120136e-23
-2.794689e-24
-1.141169e-25
-4.166866e-27
-1.360539e-28
-3.972407e-30
-1.037127e-31
-2.420811e-33
-5.030458e-35
-8.347386e-37
3.248163e-38
2.106534e-38
9.377245e-39
4.119559e-39
1.804305e-39
7.881524e-40
3.433848e-40
1.492273e-40
6.469009e-41
2.797526e-41
1.206929e-41
5.194989e-42
2.231031e-42
NaN
4.087808e-43
1.744205e-43
7.426919e-44
3.156050e-44
1.338513e-44
5.665833e-45
2.393789e-45
1.009501e-45
4.249563e-46
-1.210315e-06
-2.763441e-06
-5.642714e-06
-1.030411e-05
-1.682733e-05
-2.457545e-05
-3.209721e-05
-3.748963e-05
-3.915899e-05
-3.657859e-05
-3.055596e-05
-2.282639e-05
-1.524927e-05
-9.110253e-06
-4.867205e-06
-2.325389e-06
-9.935204e-07
-3.795963e-07
-1.296970e-07
-3.962775e-08
-1.082752e-08
-2.645561e-09
-5.780486e-10
-1.129452e-10
-1.973451e-11
-3.083468e-12
-4.308298e-13
-5.382999e-14
-6.014422e-15
-6.009157e-16
-5.368861e-17
-4.289421e-18
-3.064518e-19
-1.957815e-20
-1.118474e-21
-5.713793e-23
-2.610153e-24
-1.066227e-25
-3.894704e-27
-1.272154e-28
-3.715729e-30
-9.704764e-32
-2.266337e-33
-4.723405e-35
-8.388665e-37
5.264525e-39
8.644811e-39
3.910419e-39
1.722606e-39
7.562230e-40
3.310871e-40
1.445766e-40
6.297142e-41
2.735927e-41
1.185785e-41
5.127101e-42
2.211699e-42
9.519005e-43
4.087808e-43
NaN
7.489887e-44
3.195970e-44
1.360966e-44
5.783995e-45
2.453375e-45
1.038661e-45
4.389096e-46
1.851337e-46
-1.112228e-06
-2.540961e-06
-5.191406e-06
-9.485345e-06
-1.549890e-05
-2.264783e-05
-2.959573e-05
-3.458649e-05
-3.614577e-05
-3.378163e-05
-2.823414e-05
-2.110269e-05
-1.410487e-05
-8.430763e-06
-4.506403e-06
-2.154057e-06
-9.207615e-07
-3.519643e-07
-1.203124e-07
-3.677739e-08
-1.005332e-08
-2.457506e-09
-5.371991e-10
-1.050099e-10
-1.835603e-11
-2.869321e-12
-4.010798e-13
-5.013400e-14
-5.603804e-15
-5.601205e-16
-5.006416e-17
-4.001458e-18
-2.859925e-19
-1.827827e-20
-1.044620e-21
-5.338560e-23
-2.439669e-24
-9.969606e-26
-3.643045e-27
-1.190391e-28
-3.478182e-30
-9.087638e-32
-2.123091e-33
-4.431484e-35
-8.099849e-37
-5.541899e-39
3.476263e-39
1.626793e-39
7.189333e-40
3.163377e-40
1.388113e-40
6.075133e-41
2.651981e-41
1.154767e-41
5.015937e-42
2.173543e-42
9.396497e-43
4.052923e-43
1.744205e-43
7.489887e-44
NaN
1.372334e-44
5.856082e-45
2.493928e-45
1.060007e-45
4.496770e-46
1.904044e-46
8.047398e-47
-1.023271e-06
-2.339057e-06
-4.781570e-06
-8.741346e-06
-1.429100e-05
-2.089402e-05
-2.731838e-05
-3.194186e-05
-3.339920e-05
-3.123066e-05
-2.611526e-05
-1.952874e-05
-1.305928e-05
-7.809595e-06
-4.176384e-06
-1.997256e-06
-8.541367e-07
-3.266480e-07
-1.117096e-07
-3.416313e-08
-9.342870e-09
-2.284848e-09
-4.996750e-10
-9.771700e-11
-1.708849e-11
-2.672312e-12
-3.736971e-13
-4.673048e-14
-5.225498e-15
-5.225177e-16
-4.672178e-17
-3.735784e-18
-2.671081e-19
-1.707791e-20
-9.763902e-22
-4.991746e-23
-2.282028e-24
-9.328848e-26
-3.410144e-27
-1.114691e-28
-3.258156e-30
-8.515778e-32
-1.990231e-33
-4.157698e-35
-7.695968e-37
-9.554680e-39
1.333266e-39
6.747228e-40
2.994807e-40
1.320786e-40
5.808693e-41
2.547858e-41
1.114679e-41
4.864381e-42
2.117549e-42
9.195841e-43
3.984051e-43
1.722093e-43
7.426919e-44
3.195970e-44
1.372334e-44
NaN
2.514457e-45
1.073027e-45
4.570028e-46
1.942616e-46
8.242006e-47
3.490391e-47
-9.424891e-07
-2.155590e-06
-4.408921e-06
-8.064430e-06
-1.319133e-05
-1.929637e-05
-2.524257e-05
-2.952982e-05
-3.089270e-05
-2.890132e-05
-2.417936e-05
-1.808989e-05
-1.210291e-05
-7.241109e-06
-3.874188e-06
-1.853597e-06
-7.930630e-07
-3.034288e-07
-1.038153e-07
-3.176292e-08
-8.690258e-09
-2.126166e-09
-4.651710e-10
-9.100770e-11
-1.592182e-11
-2.490893e-12
-3.484693e-13
-4.359331e-14
-4.876633e-15
-4.878254e-16
-4.363669e-17
-3.490449e-18
-2.496618e-19
-1.596846e-20
-9.133001e-22
-4.670921e-23
-2.136138e-24
-8.735601e-26
-3.194422e-27
-1.044545e-28
-3.054191e-30
-7.985439e-32
-1.866942e-33
-3.902324e-35
-7.264544e-37
-1.077792e-38
4.499727e-40
2.785822e-40
1.245168e-40
5.504451e-41
2.426180e-41
1.066538e-41
4.676292e-42
2.045148e-42
8.922164e-43
3.882950e-43
1.685866e-43
7.302579e-44
3.156050e-44
1.360966e-44
5.856082e-45
2.514457e-45
NaN
4.607108e-46
1.966136e-46
8.374374e-47
3.560101e-47
1.510640e-47
-8.690367e-07
-1.988664e-06
-4.069662e-06
-7.447789e-06
-1.218897e-05
-1.783924e-05
-2.334820e-05
-2.732733e-05
-2.860265e-05
-2.677191e-05
-2.240862e-05
-1.677307e-05
-1.122716e-05
-6.720267e-06
-3.597170e-06
-1.721837e-06
-7.370189e-07
-2.821107e-07
-9.656368e-08
-2.955699e-08
-8.090170e-09
-1.980182e-09
-4.334127e-10
-8.482932e-11
-1.484695e-11
-2.323671e-12
-3.252048e-13
-4.069895e-14
-4.554624e-15
-4.557892e-16
-4.078653e-17
-3.263696e-18
-2.335297e-19
-1.494215e-20
-8.549127e-22
-4.373884e-23
-2.001008e-24
-8.185883e-26
-2.994447e-27
-9.794930e-29
-2.864962e-30
-7.493217e-32
-1.752458e-33
-3.664596e-35
-6.840278e-37
-1.087480e-38
8.994569e-41
1.141002e-40
5.167084e-41
2.289886e-41
1.011528e-41
4.456339e-42
1.958148e-42
8.582331e-43
3.752163e-43
1.636435e-43
7.119995e-44
3.090630e-44
1.338513e-44
5.783995e-45
2.493928e-45
1.073027e-45
4.607108e-46
NaN
8.441359e-47
3.602598e-47
1.534561e-47
6.524314e-48
-8.021657e-07
-1.836602e-06
-3.760424e-06
-6.885381e-06
-1.127423e-05
-1.650870e-05
-2.161742e-05
-2.531389e-05
-2.650798e-05
-2.482309e-05
-2.078717e-05
-1.556661e-05
-1.042438e-05
-6.242569e-06
-3.342965e-06
-1.600865e-06
-6.855371e-07
-2.625181e-07
-8.989567e-08
-2.752759e-08
-7.537835e-09
-1.845751e-09
-4.041535e-10
-7.913445e-11
-1.385574e-11
-2.169392e-12
-3.037312e-13
-3.802619e-14
-4.257135e-15
-4.261794e-16
-3.815108e-17
-3.053935e-18
-2.186001e-19
-1.399194e-20
-8.008319e-22
-4.098642e-23
-1.875742e-24
-7.676085e-26
-2.808919e-27
-9.191168e-29
-2.689264e-30
-7.036016e-32
-1.646074e-33
-3.443397e-35
-6.436074e-37
-1.053358e-38
-5.335038e-41
4.596892e-41
2.139673e-41
9.509301e-42
4.209807e-42
1.858662e-42
8.184658e-43
3.594910e-43
1.575024e-43
6.883692e-44
3.001333e-44
1.305532e-44
5.665833e-45
2.453375e-45
1.060007e-45
4.570028e-46
1.966136e-46
8.441359e-47
NaN
1.546665e-47
6.601116e-48
2.811995e-48
-7.412123e-07
-1.697914e-06
-3.478218e-06
-6.371834e-06
-1.043848e-05
-1.529236e-05
-2.003430e-05
-2.347121e-05
-2.458991e-05
-2.303761e-05
-1.930082e-05
-1.446008e-05
-9.687712e-06
-5.803983e-06
-3.109455e-06
-1.489685e-06
-6.381987e-07
-2.444935e-07
-8.375828e-08
-2.565879e-08
-7.028965e-09
-1.721839e-09
-3.771714e-10
-7.388036e-11
-1.294083e-11
-2.026925e-12
-2.838927e-13
-3.555586e-14
-3.982058e-15
-3.987884e-16
-3.571207e-17
-2.859726e-18
-2.047717e-19
-1.311145e-20
-7.506986e-22
-3.843388e-23
-1.759526e-24
-7.202929e-26
-2.636659e-27
-8.630365e-29
-2.526005e-30
-6.611019e-32
-1.547144e-33
-3.237535e-35
-6.055926e-37
-1.003740e-38
-1.072526e-40
1.783592e-41
8.837733e-42
3.942135e-42
1.749016e-42
7.738572e-43
3.414955e-43
1.503113e-43
6.599404e-44
2.890335e-44
1.262829e-44
5.504484e-45
2.393789e-45
1.038661e-45
4.496770e-46
1.942616e-46
8.374374e-47
3.602598e-47
1.546665e-47
NaN
2.833870e-48
1.209534e-48
-6.855869e-07
-1.571275e-06
-3.220380e-06
-5.902365e-06
-9.674038e-06
-1.417918e-05
-1.858465e-05
-2.178296e-05
-2.283164e-05
-2.140002e-05
-1.793687e-05
-1.344415e-05
-9.011012e-06
-5.400896e-06
-2.894738e-06
-1.387403e-06
-5.946274e-07
-2.278952e-07
-7.810386e-08
-2.393623e-08
-6.559698e-09
-1.607519e-09
-3.522664e-10
-6.902853e-11
-1.209559e-11
-1.895248e-12
-2.655488e-13
-3.327065e-14
-3.727484e-15
-3.734283e-16
-3.345297e-17
-2.679768e-18
-1.919527e-19
-1.229489e-20
-7.041874e-22
-3.606481e-23
-1.651621e-24
-6.763439e-26
-2.476593e-27
-8.109065e-29
-2.374189e-30
-6.215661e-32
-1.455078e-33
-3.045853e-35
-5.700253e-37
-9.501381e-39
-1.245450e-40
6.275479e-42
3.637108e-42
1.631431e-42
7.254214e-43
3.216455e-43
1.422383e-43
6.273842e-44
2.760276e-44
1.211426e-44
5.303825e-45
2.316605e-45
1.009501e-45
4.389096e-46
1.904044e-46
8.242006e-47
3.560101e-47
1.534561e-47
6.601116e-48
2.833870e-48
NaN
5.192343e-49
-6.347648e-07
-1.455505e-06
-2.984540e-06
-5.472712e-06
-8.974040e-06
-1.315929e-05
-1.725578e-05
-2.023455e-05
-2.121818e-05
-1.989651e-05
-1.668395e-05
-1.251046e-05
-8.388775e-06
-5.030068e-06
-2.697107e-06
-1.293214e-06
-5.544848e-07
-2.125959e-07
-7.288950e-08
-2.234699e-08
-6.126554e-09
-1.501950e-09
-3.292579e-10
-6.454417e-11
-1.131403e-11
-1.773438e-12
-2.485722e-13
-3.115487e-14
-3.491688e-15
-3.499290e-16
-3.135876e-17
-2.512878e-18
-1.800598e-19
-1.153704e-20
-6.610022e-22
-3.386430e-23
-1.551355e-24
-6.354907e-26
-2.327746e-27
-7.624120e-29
-2.232908e-30
-5.847605e-32
-1.369339e-33
-2.867264e-35
-5.368108e-37
-8.971236e-39
-1.270540e-40
1.567307e-42
1.487570e-42
6.739864e-43
3.003783e-43
1.334651e-43
5.914431e-44
2.614157e-44
1.152519e-44
5.068563e-45
2.223644e-45
9.732205e-46
4.249563e-46
1.851337e-46
8.047398e-47
3.490391e-47
1.510640e-47
6.524314e-48
2.811995e-48
1.209534e-48
5.192343e-49
2.224679e-49
