R1,R2,R3,ETriat,E,ENew
1.511781,3.012064,1.511788,20.222116,46.336899,46.336899
1.511788,3.012064,1.511781,20.222116,46.336899,46.336899
1.511781,3.200357,1.700758,19.486348,34.789859,34.789859
1.700758,3.200357,1.511781,19.486348,34.789859,34.789859
1.511781,3.388728,1.889731,18.113754,28.651148,28.651148
1.889731,3.388728,1.511781,18.113754,28.651148,28.651148
1.511781,3.577160,2.078700,16.602490,25.440165,25.440165
2.078700,3.577160,1.511781,16.602490,25.440165,25.440165
1.511781,3.765648,2.267673,15.069235,23.720475,23.720475
2.267673,3.765648,1.511781,15.069235,23.720475,23.720475
1.511781,3.954181,2.456643,13.294360,22.455673,22.455673
2.456643,3.954181,1.511781,13.294360,22.455673,22.455673
1.511781,4.142755,2.645616,11.575456,21.515149,21.515149
2.645616,4.142755,1.511781,11.575456,21.515149,21.515149
1.511781,4.331362,2.834585,9.792673,20.572890,20.572890
2.834585,4.331362,1.511781,9.792673,20.572890,20.572890
1.511781,4.708665,3.212528,7.250847,19.584188,19.584188
3.212528,4.708665,1.511781,7.250847,19.584188,19.584188
1.511781,5.274812,3.779462,5.686719,19.541908,19.541908
3.779462,5.274812,1.511781,5.686719,19.541908,19.541908
1.511781,5.652317,4.157404,5.552898,19.822431,19.822431
4.157404,5.652317,1.511781,5.552898,19.822431,19.822431
1.511781,6.596298,5.102259,5.470087,19.924163,19.924163
5.102259,6.596298,1.511781,5.470087,19.924163,19.924163
1.511781,7.540498,6.047113,5.461380,19.938603,19.938603
6.047113,7.540498,1.511781,5.461380,19.938603,19.938603
1.889726,3.765075,1.889731,15.727016,10.227513,10.227513
1.889731,3.765075,1.889726,15.727016,10.227513,10.227513
1.889726,3.953360,2.078700,14.747704,7.297227,7.297227
2.078700,3.953360,1.889726,14.747704,7.297227,7.297227
1.889726,4.141710,2.267673,13.790578,5.934943,5.934943
2.267673,4.141710,1.889726,13.790578,5.934943,5.934943
1.889726,4.330112,2.456643,12.532743,5.020003,5.020003
2.456643,4.330112,1.889726,12.532743,5.020003,5.020003
1.889726,4.518564,2.645616,11.572907,4.725388,4.725388
2.645616,4.518564,1.889726,11.572907,4.725388,4.725388
1.889726,4.707055,2.834585,10.558236,4.483199,4.483199
2.834585,4.707055,1.889726,10.558236,4.483199,4.483199
1.889726,5.084146,3.212528,8.439309,3.864220,3.864220
3.212528,5.084146,1.889726,8.439309,3.864220,3.864220
1.889726,5.650016,3.779462,6.292202,3.228762,3.228762
3.779462,5.650016,1.889726,6.292202,3.228762,3.228762
1.889726,6.027360,4.157404,5.678819,3.028246,3.028246
4.157404,6.027360,1.889726,5.678819,3.028246,3.028246
1.889726,6.971003,5.102259,5.353441,2.883540,2.883540
5.102259,6.971003,1.889726,5.353441,2.883540,2.883540
1.889726,7.914936,6.047113,5.320598,2.872309,2.872309
6.047113,7.914936,1.889726,5.320598,2.872309,2.872309
2.267671,4.518086,2.267673,12.532108,2.039544,2.039544
2.267673,4.518086,2.267671,12.532108,2.039544,2.039544
2.267671,4.706366,2.456643,11.558004,1.340081,1.340081
2.456643,4.706366,2.267671,11.558004,1.340081,1.340081
2.267671,4.894701,2.645616,10.906556,1.317445,1.317445
2.645616,4.894701,2.267671,10.906556,1.317445,1.317445
2.267671,5.083082,2.834585,10.252889,1.419221,1.419221
2.834585,5.083082,2.267671,10.252889,1.419221,1.419221
2.267671,5.459967,3.212528,8.424130,1.081067,1.081067
3.212528,5.459967,2.267671,8.424130,1.081067,1.081067
2.267671,6.025562,3.779462,6.221945,0.388109,0.388109
3.779462,6.025562,2.267671,6.221945,0.388109,0.388109
2.267671,6.402745,4.157404,5.596032,0.173283,0.173283
4.157404,6.402745,2.267671,5.596032,0.173283,0.173283
2.267671,7.346041,5.102259,5.258366,0.013356,0.013356
5.102259,7.346041,2.267671,5.258366,0.013356,0.013356
2.267671,8.289692,6.047113,5.223378,-0.000997,-0.000997
6.047113,8.289692,2.267671,5.223378,-0.000997,-0.000997
2.645616,5.271097,2.645617,9.986460,1.276813,1.276813
2.645617,5.271097,2.645616,9.986460,1.276813,1.276813
2.645617,5.459373,2.834585,9.474493,1.517831,1.517831
2.834585,5.459373,2.645617,9.474493,1.517831,1.517831
2.645617,5.836062,3.212528,8.121429,1.653734,1.653734
3.212528,5.836062,2.645617,8.121429,1.653734,1.653734
2.645617,6.401391,3.779462,6.124020,1.162982,1.162982
3.779462,6.401391,2.645617,6.124020,1.162982,1.162982
2.645617,6.778414,4.157404,5.522439,0.970966,0.970966
4.157404,6.778414,2.645617,5.522439,0.970966,0.970966
2.645617,7.721362,5.102259,5.193956,0.818281,0.818281
5.102259,7.721362,2.645617,5.193956,0.818281,0.818281
2.645617,8.664725,6.047113,5.158994,0.803320,0.803320
6.047113,8.664725,2.645617,5.158994,0.803320,0.803320
3.023562,6.212382,3.212528,7.594223,2.645861,2.645861
3.212528,6.212382,3.023562,7.594223,2.645861,2.645861
3.023562,6.777456,3.779462,6.020645,2.576522,2.576522
3.779462,6.777456,3.023562,6.020645,2.576522,2.576522
3.023562,7.154322,4.157404,5.462740,2.427133,2.427133
4.157404,7.154322,3.023562,5.462740,2.427133,2.427133
3.023562,8.096926,5.102259,5.151838,2.290796,2.290796
5.102259,8.096926,3.023562,5.151838,2.290796,2.290796
3.023562,9.040000,6.047113,5.117427,2.275966,2.275966
6.047113,9.040000,3.023562,5.117427,2.275966,2.275966
3.779452,7.530150,3.779462,5.670514,4.445689,4.445689
3.779462,7.530150,3.779452,5.670514,4.445689,4.445689
3.779452,7.906722,4.157404,5.380817,4.563423,4.563423
4.157404,7.906722,3.779452,5.380817,4.563423,4.563423
3.779452,8.848665,5.102259,5.243290,4.599155,4.599155
5.102259,8.848665,3.779452,5.243290,4.599155,4.599155
3.779452,9.791168,6.047113,5.211660,4.586622,4.586622
6.047113,9.791168,3.779452,5.211660,4.586622,4.586622
4.535343,9.601055,5.102259,5.132233,5.027896,5.027896
5.102259,9.601055,4.535343,5.132233,5.027896,5.027896
4.535343,10.543010,6.047113,5.129027,5.043550,5.043550
6.047113,10.543010,4.535343,5.129027,5.043550,5.043550
5.291233,11.295393,6.047113,5.178998,5.137520,5.137520
6.047113,11.295393,5.291233,5.178998,5.137520,5.137520
