R1,R2,R3,ETriat,E,ENew
2.200020,4.006940,2.282033,11.937088,1.271956,1.271956
2.282033,4.006940,2.200020,11.937088,1.271956,1.271956
2.282033,4.185889,2.400014,11.138986,0.653324,0.653324
2.400014,4.185889,2.282033,11.138986,0.653324,0.653324
2.282033,4.366682,2.600019,10.305712,0.476095,0.476095
2.600019,4.366682,2.282033,10.305712,0.476095,0.476095
2.282033,4.549067,2.800013,9.416419,0.403373,0.403373
2.800013,4.549067,2.282033,9.416419,0.403373,0.403373
2.282033,4.732875,3.000007,8.483878,0.303245,0.303245
3.000007,4.732875,2.282033,8.483878,0.303245,0.303245
2.282033,4.917962,3.200013,7.596410,0.191843,0.191843
3.200013,4.917962,2.282033,7.596410,0.191843,0.191843
2.282033,5.104169,3.400022,6.864182,0.130786,0.130786
3.400022,5.104169,2.282033,6.864182,0.130786,0.130786
2.282033,5.291389,3.600027,6.304431,0.104811,0.104811
3.600027,5.291389,2.282033,6.304431,0.104811,0.104811
2.282033,5.479497,3.800021,5.880536,0.067691,0.067691
3.800021,5.479497,2.282033,5.880536,0.067691,0.067691
2.282033,5.668435,4.000026,5.623015,0.064309,0.064309
4.000026,5.668435,2.282033,5.623015,0.064309,0.064309
2.282033,5.858092,4.200020,5.450799,0.043364,0.043364
4.200020,5.858092,2.282033,5.450799,0.043364,0.043364
2.282033,6.048414,4.400014,5.348707,0.023200,0.023200
4.400014,6.048414,2.282033,5.348707,0.023200,0.023200
2.282033,6.239357,4.600019,5.292975,0.008499,0.008499
4.600019,6.239357,2.282033,5.292975,0.008499,0.008499
2.282033,6.430848,4.800028,5.263576,-0.000954,-0.000954
4.800028,6.430848,2.282033,5.263576,-0.000954,-0.000954
2.282033,6.622845,5.000034,5.247648,-0.006375,-0.006375
5.000034,6.622845,2.282033,5.247648,-0.006375,-0.006375
2.282033,6.815288,5.200027,5.238109,-0.009063,-0.009063
5.200027,6.815288,2.282033,5.238109,-0.009063,-0.009063
2.282033,7.008169,5.400033,5.231618,-0.010017,-0.010017
5.400033,7.008169,2.282033,5.231618,-0.010017,-0.010017
2.282033,7.201423,5.600027,5.226748,-0.009974,-0.009974
5.600027,7.201423,2.282033,5.226748,-0.009974,-0.009974
2.282033,7.395036,5.800021,5.222987,-0.009367,-0.009367
5.800021,7.395036,2.282033,5.222987,-0.009367,-0.009367
2.282033,7.588995,6.000026,5.220041,-0.008543,-0.008543
6.000026,7.588995,2.282033,5.220041,-0.008543,-0.008543
2.282033,8.075173,6.500037,5.215600,-0.006158,-0.006158
6.500037,8.075173,2.282033,5.215600,-0.006158,-0.006158
2.282033,8.562932,7.000033,5.213651,-0.004120,-0.004120
7.000033,8.562932,2.282033,5.213651,-0.004120,-0.004120
2.282033,9.052038,7.500045,5.212928,-0.002515,-0.002515
7.500045,9.052038,2.282033,5.212928,-0.002515,-0.002515
2.282033,9.542263,8.000041,5.212690,-0.001344,-0.001344
8.000041,9.542263,2.282033,5.212690,-0.001344,-0.001344
2.282033,10.033452,8.500037,5.212630,-0.000520,-0.000520
8.500037,10.033452,2.282033,5.212630,-0.000520,-0.000520
2.282033,10.525483,9.000048,5.212665,0.000087,0.000087
9.000048,10.525483,2.282033,5.212665,0.000087,0.000087
2.282033,11.018220,9.500044,5.212762,0.000564,0.000564
9.500044,11.018220,2.282033,5.212762,0.000564,0.000564
2.282033,11.511582,10.000041,5.212809,0.000867,0.000867
10.000041,11.511582,2.282033,5.212809,0.000867,0.000867
