R1,R2,R3,ETriat,E,ENew
1.511781,2.645610,1.776799,24.797959,35.213700,35.213700
1.776799,2.645610,1.511781,24.797959,35.213700,35.213700
2.200012,3.597434,2.282033,12.888439,1.577587,1.577587
2.282033,3.597434,2.200012,12.888439,1.577587,1.577587
2.282033,3.758276,2.400020,11.689762,0.745386,0.745386
2.400020,3.758276,2.282033,11.689762,0.745386,0.745386
2.282033,3.922710,2.600010,10.546563,0.416859,0.416859
2.600010,3.922710,2.282033,10.546563,0.416859,0.416859
2.282033,4.090325,2.800019,9.459686,0.265822,0.265822
2.800019,4.090325,2.282033,9.459686,0.265822,0.265822
2.282033,4.260723,3.000009,8.446835,0.165087,0.165087
3.000009,4.260723,2.282033,8.446835,0.165087,0.165087
2.282033,4.433608,3.200017,7.548013,0.089764,0.089764
3.200017,4.433608,2.282033,7.548013,0.089764,0.089764
2.282033,4.608687,3.400013,6.809786,0.047570,0.047570
3.400013,4.608687,2.282033,6.809786,0.047570,0.047570
2.282033,4.785721,3.600021,6.265598,0.048568,0.048568
3.600021,4.785721,2.282033,6.265598,0.048568,0.048568
2.282033,4.964485,3.800012,5.858832,0.033087,0.033087
3.800012,4.964485,2.282033,5.858832,0.033087,0.033087
2.282033,5.144827,4.000020,5.627414,0.057501,0.057501
4.000020,5.144827,2.282033,5.627414,0.057501,0.057501
2.282033,5.326573,4.200028,5.454105,0.036382,0.036382
4.200028,5.326573,2.282033,5.454105,0.036382,0.036382
2.282033,5.509570,4.400018,5.351998,0.017129,0.017129
4.400018,5.509570,2.282033,5.351998,0.017129,0.017129
2.282033,5.693737,4.600032,5.296503,0.003773,0.003773
4.600032,5.693737,2.282033,5.296503,0.003773,0.003773
2.282033,5.878913,4.800022,5.267337,-0.004250,-0.004250
4.800022,5.878913,2.282033,5.267337,-0.004250,-0.004250
2.282033,6.065045,5.000031,5.251366,-0.008543,-0.008543
5.000031,6.065045,2.282033,5.251366,-0.008543,-0.008543
2.282033,6.252018,5.200021,5.241642,-0.010364,-0.010364
5.200021,6.252018,2.282033,5.241642,-0.010364,-0.010364
2.282033,6.439789,5.400029,5.234817,-0.010754,-0.010754
5.400029,6.439789,2.282033,5.234817,-0.010754,-0.010754
2.282033,6.628261,5.600019,5.229555,-0.010364,-0.010364
5.600019,6.628261,2.282033,5.229555,-0.010364,-0.010364
2.282033,6.817405,5.800028,5.225371,-0.009583,-0.009583
5.800028,6.817405,2.282033,5.225371,-0.009583,-0.009583
2.282033,7.007163,6.000042,5.222079,-0.008629,-0.008629
6.000042,7.007163,2.282033,5.222079,-0.008629,-0.008629
2.282033,7.483845,6.500035,5.216867,-0.006201,-0.006201
6.500035,7.483845,2.282033,5.216867,-0.006201,-0.006201
2.282033,7.963386,7.000029,5.214483,-0.004120,-0.004120
7.000029,7.963386,2.282033,5.214483,-0.004120,-0.004120
2.282033,8.445326,7.500046,5.213470,-0.002515,-0.002515
7.500046,8.445326,2.282033,5.213470,-0.002515,-0.002515
2.282033,8.929229,8.000040,5.213051,-0.001344,-0.001344
8.000040,8.929229,2.282033,5.213051,-0.001344,-0.001344
2.282033,9.414822,8.500039,5.212875,-0.000520,-0.000520
8.500039,9.414822,2.282033,5.212875,-0.000520,-0.000520
2.282033,9.901857,9.000050,5.212835,0.000087,0.000087
9.000050,9.901857,2.282033,5.212835,0.000087,0.000087
2.282033,10.390108,9.500044,5.212882,0.000564,0.000564
9.500044,10.390108,2.282033,5.212882,0.000564,0.000564
2.282033,10.879452,10.000061,5.212894,0.000867,0.000867
10.000061,10.879452,2.282033,5.212894,0.000867,0.000867
