R1,R2,R3,ETriat,E,ENew
1.511781,2.951896,1.511784,19.816075,45.689646,45.689646
1.511784,2.951896,1.511781,19.816075,45.689646,45.689646
1.511781,3.136658,1.700761,18.691839,33.760091,33.760091
1.700761,3.136658,1.511781,18.691839,33.760091,33.760091
1.511781,3.321890,1.889731,17.241586,27.568042,27.568042
1.889731,3.321890,1.511781,17.241586,27.568042,27.568042
1.511781,3.507520,2.078701,15.718947,24.383078,24.383078
2.078701,3.507520,1.511781,15.718947,24.383078,24.383078
1.511781,3.693490,2.267671,14.124930,22.645868,22.645868
2.267671,3.693490,1.511781,14.124930,22.645868,22.645868
1.511781,3.879749,2.456641,12.452744,21.524993,21.524993
2.456641,3.879749,1.511781,12.452744,21.524993,21.524993
1.511781,4.066263,2.645619,10.842852,20.727180,20.727180
2.645619,4.066263,1.511781,10.842852,20.727180,20.727180
1.511781,4.252990,2.834588,9.372498,20.121340,20.121340
2.834588,4.252990,1.511781,9.372498,20.121340,20.121340
1.511781,4.626990,3.212528,7.067062,19.392302,19.392302
3.212528,4.626990,1.511781,7.067062,19.392302,19.392302
1.511781,5.189084,3.779463,5.438902,19.292088,19.292088
3.779463,5.189084,1.511781,5.438902,19.292088,19.292088
1.511781,5.564343,4.157402,5.353215,19.621048,19.621048
4.157402,5.564343,1.511781,5.353215,19.621048,19.621048
1.511781,6.503855,5.102259,5.437594,19.890903,19.890903
5.102259,6.503855,1.511781,5.437594,19.890903,19.890903
1.511781,7.444721,6.047116,5.454721,19.931665,19.931665
6.047116,7.444721,1.511781,5.454721,19.931665,19.931665
1.889726,3.689869,1.889731,15.098706,9.462831,9.462831
1.889731,3.689869,1.889726,15.098706,9.462831,9.462831
1.889726,3.874576,2.078701,14.074913,6.529465,6.529465
2.078701,3.874576,1.889726,14.074913,6.529465,6.529465
1.889726,4.059675,2.267671,13.072171,5.156470,5.156470
2.267671,4.059675,1.889726,13.072171,5.156470,5.156470
1.889726,4.245116,2.456641,12.041715,4.494387,4.494387
2.456641,4.245116,1.889726,12.041715,4.494387,4.494387
1.889726,4.430859,2.645619,11.041718,4.175921,4.175921
2.645619,4.430859,1.889726,11.041718,4.175921,4.175921
1.889726,4.616860,2.834588,10.012237,3.928052,3.928052
2.834588,4.616860,1.889726,10.012237,3.928052,3.928052
1.889726,4.989531,3.212528,8.076386,3.498400,3.498400
3.212528,4.989531,1.889726,8.076386,3.498400,3.498400
1.889726,5.549898,3.779463,6.176235,3.110855,3.110855
3.779463,5.549898,1.889726,6.176235,3.110855,3.110855
1.889726,5.924155,4.157402,5.630504,2.978378,2.978378
4.157402,5.924155,1.889726,5.630504,2.978378,2.978378
1.889726,6.861568,5.102259,5.346277,2.875778,2.875778
5.102259,6.861568,1.889726,5.346277,2.875778,2.875778
1.889726,7.800778,6.047116,5.319701,2.871181,2.871181
6.047116,7.800778,1.889726,5.319701,2.871181,2.871181
2.267671,4.427837,2.267671,11.903022,1.391511,1.391511
2.267671,4.427837,2.267671,11.903022,1.391511,1.391511
2.267671,4.612510,2.456641,11.274672,1.047113,1.047113
2.456641,4.612510,2.267671,11.274672,1.047113,1.047113
2.267671,4.797521,2.645619,10.586857,0.992735,0.992735
2.645619,4.797521,2.267671,10.586857,0.992735,0.992735
2.267671,4.982826,2.834588,9.808153,0.971400,0.971400
2.834588,4.982826,2.267671,9.808153,0.971400,0.971400
2.267671,5.354204,3.212528,8.118564,0.773269,0.773269
3.212528,5.354204,2.267671,8.118564,0.773269,0.773269
2.267671,5.912853,3.779463,6.146938,0.311398,0.311398
3.779463,5.912853,2.267671,6.146938,0.311398,0.311398
2.267671,6.286095,4.157402,5.566160,0.142191,0.142191
4.157402,6.286095,2.267671,5.566160,0.142191,0.142191
2.267671,7.221343,5.102259,5.253920,0.008456,0.008456
5.102259,7.221343,2.267671,5.253920,0.008456,0.008456
2.267671,8.158805,6.047116,5.222826,-0.001735,-0.001735
6.047116,8.158805,2.267671,5.222826,-0.001735,-0.001735
2.645617,5.165810,2.645619,9.722514,1.010384,1.010384
2.645619,5.165810,2.645617,9.722514,1.010384,1.010384
2.645617,5.350457,2.834588,9.179087,1.220136,1.220136
2.834588,5.350457,2.645617,9.179087,1.220136,1.220136
2.645617,5.720599,3.212528,7.857323,1.387608,1.387608
3.212528,5.720599,2.645617,7.857323,1.387608,1.387608
2.645617,6.277577,3.779463,6.058364,1.096028,1.096028
3.779463,6.277577,2.645617,6.058364,1.096028,1.096028
2.645617,6.649816,4.157402,5.497785,0.945424,0.945424
4.157402,6.649816,2.645617,5.497785,0.945424,0.945424
2.645617,7.582885,5.102259,5.190093,0.814075,0.814075
5.102259,7.582885,2.645617,5.190093,0.814075,0.814075
2.645617,8.518553,6.047116,5.158405,0.802583,0.802583
6.047116,8.518553,2.645617,5.158405,0.802583,0.802583
3.023562,6.088407,3.212528,7.410296,2.460350,2.460350
3.212528,6.088407,3.023562,7.410296,2.460350,2.460350
3.023562,6.643780,3.779463,5.951319,2.506272,2.506272
3.779463,6.643780,3.023562,5.951319,2.506272,2.506272
3.023562,7.015041,4.157402,5.440216,2.403976,2.403976
4.157402,7.015041,3.023562,5.440216,2.403976,2.403976
3.023562,7.945954,5.102259,5.148325,2.287023,2.287023
5.102259,7.945954,3.023562,5.148325,2.287023,2.287023
3.023562,8.879813,6.047116,5.116981,2.275402,2.275402
6.047116,8.879813,3.023562,5.116981,2.275402,2.275402
3.779452,7.379738,3.779463,5.626868,4.401588,4.401588
3.779463,7.379738,3.779452,5.626868,4.401588,4.401588
3.779452,7.749152,4.157402,5.344503,4.526780,4.526780
4.157402,7.749152,3.779452,5.344503,4.526780,4.526780
3.779452,8.675905,5.102259,5.240145,4.595859,4.595859
5.102259,8.675905,3.779452,5.240145,4.595859,4.595859
3.779452,9.606185,6.047116,5.212124,4.587013,4.587013
6.047116,9.606185,3.779452,5.212124,4.587013,4.587013
4.535343,9.409952,5.102259,5.131629,5.027202,5.027202
5.102259,9.409952,4.535343,5.131629,5.027202,5.027202
4.535343,10.336791,6.047116,5.128077,5.042553,5.042553
6.047116,10.336791,4.535343,5.128077,5.042553,5.042553
5.291233,11.070793,6.047116,5.179028,5.137520,5.137520
6.047116,11.070793,5.291233,5.179028,5.137520,5.137520
