R1,R2,R3,ETriat,E,ENew
1.511788,1.511781,1.943512,38.588180,64.275853,64.275853
1.943512,1.511781,1.511788,38.588180,64.275853,64.275853
1.511781,1.477776,1.889723,39.069555,68.713650,68.713650
1.889723,1.477776,1.511781,39.069555,68.713650,68.713650
1.511781,1.602032,2.078705,36.372557,54.176350,54.176350
2.078705,1.602032,1.511781,36.372557,54.176350,54.176350
1.511781,1.737974,2.267672,31.155080,41.976030,41.976030
2.267672,1.737974,1.511781,31.155080,41.976030,41.976030
1.511781,1.883106,2.456642,26.682163,33.908830,33.908830
2.456642,1.883106,1.511781,26.682163,33.908830,33.908830
1.511781,2.035429,2.645610,22.830128,28.661078,28.661078
2.645610,2.035429,1.511781,22.830128,28.661078,28.661078
1.511781,2.193480,2.834592,19.483041,25.266058,25.266058
2.834592,2.193480,1.511781,19.483041,25.266058,25.266058
1.511781,2.522363,3.212542,13.762758,21.377338,21.377338
3.212542,2.522363,1.511781,13.762758,21.377338,21.377338
1.511781,3.037165,3.779460,7.989218,19.099334,19.099334
3.779460,3.037165,1.511781,7.989218,19.099334,19.099334
1.511781,3.389619,4.157397,5.918472,18.686768,18.686768
4.157397,3.389619,1.511781,5.918472,18.686768,18.686768
1.511781,4.289788,5.102265,4.968265,19.292521,19.292521
5.102265,4.289788,1.511781,4.968265,19.292521,19.292521
1.511781,5.205815,6.047120,5.376648,19.827418,19.827418
6.047120,5.205815,1.511781,5.376648,19.827418,19.827418
1.889723,1.597256,1.889726,36.405906,39.786836,39.786836
1.889726,1.597256,1.889723,36.405906,39.786836,39.786836
1.889731,1.889726,2.429386,26.368610,16.479231,16.479231
2.429386,1.889726,1.889731,26.368610,16.479231,16.479231
1.889726,1.685851,2.078705,34.525945,31.049010,31.049010
2.078705,1.685851,1.889726,34.525945,31.049010,31.049010
1.889726,1.790062,2.267672,30.423056,22.654585,22.654585
2.267672,1.790062,1.889726,30.423056,22.654585,22.654585
1.414402,1.889726,2.456648,26.783101,43.836481,43.836481
2.456648,1.889726,1.414402,26.783101,43.836481,43.836481
1.743803,1.889726,2.456647,26.218468,20.159587,20.159587
2.456647,1.889726,1.743803,26.218468,20.159587,20.159587
1.889726,1.907367,2.456642,25.880873,15.748372,15.748372
2.456642,1.907367,1.889726,25.880873,15.748372,15.748372
1.889726,2.035464,2.645610,22.134927,11.039203,11.039203
2.645610,2.035464,1.889726,22.134927,11.039203,11.039203
1.889726,2.172482,2.834592,19.042354,7.951938,7.951938
2.834592,2.172482,1.889726,19.042354,7.951938,7.951938
1.889726,2.467185,3.212542,14.280816,4.808213,4.808213
3.212542,2.467185,1.889726,14.280816,4.808213,4.808213
1.889726,2.945098,3.779460,9.421482,3.236567,3.236567
3.779460,2.945098,1.889726,9.421482,3.236567,3.236567
1.889726,3.279500,4.157397,7.324667,2.811773,2.811773
4.157397,3.279500,1.889726,7.324667,2.811773,2.811773
1.889726,4.148348,5.102265,5.502823,2.828294,2.828294
5.102265,4.148348,1.889726,5.502823,2.828294,2.828294
1.889726,5.044595,6.047120,5.335446,2.855570,2.855570
6.047120,5.044595,1.889726,5.335446,2.855570,2.855570
2.267671,1.916709,2.267672,27.947443,14.633481,14.633481
2.267672,1.916709,2.267671,27.947443,14.633481,14.633481
2.267673,2.267671,2.915260,16.779313,3.098323,3.098323
2.915260,2.267671,2.267673,16.779313,3.098323,3.098323
2.267671,2.003921,2.456642,24.323289,10.127472,10.127472
2.456642,2.003921,2.267671,24.323289,10.127472,10.127472
2.267671,2.456638,3.194739,13.665078,1.323863,1.323863
3.194739,2.456638,2.267671,13.665078,1.323863,1.323863
2.267671,2.104505,2.645610,20.808657,6.465763,6.465763
2.645610,2.104505,2.267671,20.808657,6.465763,6.465763
2.267671,2.216684,2.834592,17.866398,3.902857,3.902857
2.834592,2.216684,2.267671,17.866398,3.902857,3.902857
2.267671,2.469286,3.212542,13.496167,1.252529,1.252529
3.212542,2.469286,2.267671,13.496167,1.252529,1.252529
2.267671,2.899744,3.779460,9.445719,0.299776,0.299776
3.779460,2.899744,2.267671,9.445719,0.299776,0.299776
2.267671,3.210359,4.157397,7.696938,0.165824,0.165824
4.157397,3.210359,2.267671,7.696938,0.165824,0.165824
2.267671,4.037448,5.102265,5.593143,0.058758,0.058758
5.102265,4.037448,2.267671,5.593143,0.058758,0.058758
2.267671,5.102258,6.252187,5.248390,-0.003903,-0.003903
6.252187,5.102258,2.267671,5.248390,-0.003903,-0.003903
2.267671,4.907244,6.047120,5.260424,-0.000997,-0.000997
6.047120,4.907244,2.267671,5.260424,-0.000997,-0.000997
2.645610,2.236170,2.645617,18.397696,4.528168,4.528168
2.645617,2.236170,2.645610,18.397696,4.528168,4.528168
2.645617,2.645616,3.401135,10.920965,0.752758,0.752758
3.401135,2.645616,2.645617,10.920965,0.752758,0.752758
2.645617,2.322366,2.834592,16.251595,3.123777,3.123777
2.834592,2.322366,2.645617,16.251595,3.123777,3.123777
2.834592,2.645617,3.339505,10.806445,1.195765,1.195765
3.339505,2.645617,2.834592,10.806445,1.195765,1.195765
2.645617,2.528523,3.212542,12.358066,1.157258,1.157258
3.212542,2.528523,2.645617,12.358066,1.157258,1.157258
2.645617,2.903293,3.779460,8.872207,0.609006,0.609006
3.779460,2.903293,2.645617,8.872207,0.609006,0.609006
2.645617,3.184867,4.157397,7.528096,0.772965,0.772965
4.157397,3.184867,2.645617,7.528096,0.772965,0.772965
2.645617,3.959654,5.102265,5.600669,0.858913,0.858913
5.102265,3.959654,2.645617,5.600669,0.858913,0.858913
2.645617,4.795815,6.047120,5.209286,0.810475,0.810475
6.047120,4.795815,2.645617,5.209286,0.810475,0.810475
3.023562,2.641054,3.212542,11.014830,1.720124,1.720124
3.212542,2.641054,3.023562,11.014830,1.720124,1.720124
3.023562,2.955570,3.779460,8.091816,1.554777,1.554777
3.779460,2.955570,3.023562,8.091816,1.554777,1.554777
3.023562,3.204066,4.157397,7.039771,1.868213,1.868213
4.157397,3.204066,3.023562,7.039771,1.868213,1.868213
3.023562,3.916941,5.102265,5.574911,2.298602,2.298602
5.102265,3.916941,3.023562,5.574911,2.298602,2.298602
3.023562,4.712146,6.047120,5.178039,2.287154,2.287154
6.047120,4.712146,3.023562,5.178039,2.287154,2.287154
3.779452,3.194529,3.779460,6.502905,3.106345,3.106345
3.779460,3.194529,3.779452,6.502905,3.106345,3.106345
3.779462,3.779452,4.858772,5.402735,4.140146,4.140146
4.858772,3.779452,3.779462,5.402735,4.140146,4.140146
3.779452,3.371708,4.157397,5.926169,3.534609,3.534609
4.157397,3.371708,3.779452,5.926169,3.534609,3.534609
3.779452,3.940381,5.102265,5.316890,4.283854,4.283854
5.102265,3.940381,3.779452,5.316890,4.283854,4.283854
3.779452,4.633610,6.047120,5.232637,4.550153,4.550153
6.047120,4.633610,3.779452,5.232637,4.550153,4.550153
4.535343,4.105305,5.102265,5.151650,4.808864,4.808864
5.102265,4.105305,4.535343,5.151650,4.808864,4.808864
4.535343,4.677510,6.047120,5.247658,5.109073,5.109073
6.047120,4.677510,4.535343,5.247658,5.109073,5.109073
4.535343,6.047118,7.868775,5.134858,5.047366,5.047366
7.868775,6.047118,4.535343,5.134858,5.047366,5.047366
5.291233,4.840516,6.047120,5.172454,5.089343,5.089343
6.047120,4.840516,5.291233,5.172454,5.089343,5.089343
