R1,R2,R3,ETriat,E,ENew
1.511781,2.137981,1.511781,34.671779,58.711456,58.711456
1.511781,2.137981,1.511781,34.671779,58.711456,58.711456
1.511781,2.275532,1.700754,31.099273,43.345946,43.345946
1.700754,2.275532,1.511781,31.099273,43.345946,43.345946
1.511781,2.420030,1.889726,27.323944,34.340043,34.340043
1.889726,2.420030,1.511781,27.323944,34.340043,34.340043
1.511781,2.570305,2.078699,23.660738,28.900145,28.900145
2.078699,2.570305,1.511781,23.660738,28.900145,28.900145
1.511781,2.725402,2.267671,20.248527,25.501309,25.501309
2.267671,2.725402,1.511781,20.248527,25.501309,25.501309
1.511781,2.884542,2.456644,16.882812,23.030768,23.030768
2.456644,2.884542,1.511781,16.882812,23.030768,23.030768
1.511781,3.047092,2.645617,13.914023,21.333280,21.333280
2.645617,3.047092,1.511781,13.914023,21.333280,21.333280
1.511781,3.212534,2.834589,11.421921,20.214096,20.214096
2.834589,3.212534,1.511781,11.421921,20.214096,20.214096
1.511781,3.550473,3.212534,7.675885,18.981731,18.981731
3.212534,3.550473,1.511781,7.675885,18.981731,18.981731
1.511781,4.070595,3.779452,5.211261,18.829002,18.829002
3.779452,4.070595,1.511781,5.211261,18.829002,18.829002
1.511781,4.423735,4.157397,4.925263,19.120583,19.120583
4.157397,4.423735,1.511781,4.925263,19.120583,19.120583
1.511781,5.321517,5.102261,5.413564,19.848406,19.848406
5.102261,5.321517,1.511781,5.413564,19.848406,19.848406
1.511781,6.233232,6.047124,5.462067,19.931188,19.931188
6.047124,6.233232,1.511781,5.462067,19.931188,19.931188
1.889726,2.672476,1.889726,22.178560,13.075018,13.075018
1.889726,2.672476,1.889726,22.178560,13.075018,13.075018
1.889726,2.809280,2.078699,19.661228,8.891465,8.891465
2.078699,2.809280,1.889726,19.661228,8.891465,8.891465
1.889726,2.951847,2.267671,17.261492,6.505658,6.505658
2.267671,2.951847,1.889726,17.261492,6.505658,6.505658
1.889726,3.099381,2.456644,15.110265,5.189210,5.189210
2.456644,3.099381,1.889726,15.110265,5.189210,5.189210
1.889726,3.251208,2.645617,13.074053,4.327435,4.327435
2.645617,3.251208,1.889726,13.074053,4.327435,4.327435
1.889726,3.406752,2.834589,11.252071,3.758021,3.758021
2.834589,3.406752,1.889726,11.252071,3.758021,3.758021
1.889726,3.727123,3.212534,8.305180,3.061853,3.061853
3.212534,3.727123,1.889726,8.305180,3.061853,3.061853
1.889726,3.779451,3.273100,7.945467,3.004223,3.004223
3.273100,3.779451,1.889726,7.945467,3.004223,3.004223
1.889726,4.225556,3.779452,6.165164,2.955568,2.955568
3.779452,4.225556,1.889726,6.165164,2.955568,2.955568
1.889726,4.566730,4.157397,5.627528,2.924259,2.924259
4.157397,4.566730,1.889726,5.627528,2.924259,2.924259
1.889726,5.440968,5.102261,5.362594,2.873610,2.873610
5.102261,5.440968,1.889726,5.362594,2.873610,2.873610
1.889726,6.335516,6.047124,5.329467,2.873350,2.873350
6.047124,6.335516,1.889726,5.329467,2.873350,2.873350
2.267671,3.206972,2.267671,14.231424,1.683352,1.683352
2.267671,3.206972,2.267671,14.231424,1.683352,1.683352
2.267671,3.343267,2.456644,12.740907,0.907828,0.907828
2.456644,3.343267,2.267671,12.740907,0.907828,0.907828
2.267671,3.484483,2.645617,11.358068,0.559527,0.559527
2.645617,3.484483,2.267671,11.358068,0.559527,0.559527
2.267671,3.630045,2.834589,10.105574,0.410615,0.410615
2.834589,3.630045,2.267671,10.105574,0.410615,0.410615
2.267671,3.212530,2.271605,14.181379,1.652216,1.652216
2.271605,3.212530,2.267671,14.181379,1.652216,1.652216
2.267671,3.932265,3.212534,8.007774,0.289499,0.289499
3.212534,3.932265,2.267671,8.007774,0.289499,0.289499
2.267671,4.407561,3.779452,6.119915,0.201426,0.201426
3.779452,4.407561,2.267671,6.119915,0.201426,0.201426
2.267671,4.735640,4.157397,5.574840,0.113007,0.113007
4.157397,4.735640,2.267671,5.574840,0.113007,0.113007
2.267671,5.583493,5.102261,5.270643,0.007849,0.007849
5.102261,5.583493,2.267671,5.270643,0.007849,0.007849
2.267671,6.458331,6.047124,5.230031,-0.001561,-0.001561
6.047124,6.458331,2.267671,5.230031,-0.001561,-0.001561
2.645617,3.741467,2.645617,9.620326,0.263437,0.263437
2.645617,3.741467,2.645617,9.620326,0.263437,0.263437
2.645617,3.877394,2.834589,8.838740,0.439278,0.439278
2.834589,3.877394,2.645617,8.838740,0.439278,0.439278
2.645617,4.161690,3.212534,7.451173,0.798767,0.798767
3.212534,4.161690,2.645617,7.451173,0.798767,0.798767
2.645617,4.613409,3.779452,5.944588,0.932589,0.932589
3.779452,4.613409,2.645617,5.944588,0.932589,0.932589
2.645617,4.927803,4.157397,5.486166,0.903231,0.903231
4.157397,4.927803,2.645617,5.486166,0.903231,0.903231
2.645617,5.747378,5.102261,5.202225,0.810779,0.810779
5.102261,5.747378,2.645617,5.202225,0.810779,0.810779
2.645617,6.600530,6.047124,5.162520,0.800415,0.800415
6.047124,6.600530,2.645617,5.162520,0.800415,0.800415
3.023562,4.411610,3.212534,6.855098,1.820729,1.820729
3.212534,4.411610,3.023562,6.855098,1.820729,1.820729
3.023562,4.840060,3.779452,5.775551,2.295956,2.295956
3.779452,4.840060,3.023562,5.775551,2.295956,2.295956
3.023562,5.140611,4.157397,5.382117,2.319763,2.319763
4.157397,5.140611,3.023562,5.382117,2.319763,2.319763
3.023562,5.930851,5.102261,5.155630,2.281169,2.281169
5.102261,5.930851,3.023562,5.155630,2.281169,2.281169
3.023562,6.047121,5.236960,5.147160,2.277787,2.277787
5.236960,6.047121,3.023562,5.147160,2.277787,2.277787
3.023562,6.760890,6.047124,5.118807,2.271759,2.271759
6.047124,6.760890,3.023562,5.118807,2.271759,2.271759
3.779452,5.344953,3.779452,5.365750,4.117640,4.117640
3.779452,5.344953,3.779452,5.365750,4.117640,4.117640
3.779452,5.618560,4.157397,5.240445,4.404493,4.404493
4.157397,5.618560,3.779452,5.240445,4.404493,4.404493
3.779452,6.349592,5.102261,5.237672,4.584671,4.584671
5.102261,6.349592,3.779452,5.237672,4.584671,4.584671
3.779452,7.131056,6.047124,5.215269,4.586232,4.586232
6.047124,7.131056,3.779452,5.215269,4.586232,4.586232
4.535343,6.826595,5.102261,5.120716,5.010897,5.010897
5.102261,6.826595,4.535343,5.120716,5.010897,5.010897
4.535343,7.558904,6.047124,5.136016,5.047800,5.047800
6.047124,7.558904,4.535343,5.136016,5.047800,5.047800
5.291233,8.035226,6.047124,5.172374,5.129064,5.129064
6.047124,8.035226,5.291233,5.172374,5.129064,5.129064
