R1,R2,R3,ETriat,E,ENew
1.511776,2.476758,1.511781,28.647775,52.731978,52.731978
1.511781,2.476758,1.511776,28.647775,52.731978,52.731978
1.511781,2.633784,1.700749,25.478065,38.550785,38.550785
1.700749,2.633784,1.511781,25.478065,38.550785,38.550785
1.511781,2.794768,1.889721,22.308645,30.616583,30.616583
1.889721,2.794768,1.511781,22.308645,30.616583,30.616583
1.511781,2.959064,2.078694,19.292845,26.059145,26.059145
2.078694,2.959064,1.511781,19.292845,26.059145,26.059145
1.511781,3.126150,2.267667,16.503244,23.359598,23.359598
2.267667,3.126150,1.511781,16.503244,23.359598,23.359598
1.511781,3.295614,2.456646,13.930038,21.644114,21.644114
2.456646,3.295614,1.511781,13.930038,21.644114,21.644114
1.511781,3.467084,2.645618,11.665979,20.522891,20.522891
2.645618,3.467084,1.511781,11.665979,20.522891,20.522891
1.511781,2.834592,1.937769,21.498308,29.182835,29.182835
1.937769,2.834592,1.511781,21.498308,29.182835,29.182835
1.511781,3.640287,2.834591,9.672294,19.702399,19.702399
2.834591,3.640287,1.511781,9.672294,19.702399,19.702399
1.511781,3.990988,3.212536,6.770579,18.818205,18.818205
3.212536,3.990988,1.511781,6.770579,18.818205,18.818205
1.511781,4.525285,3.779461,4.967973,18.777963,18.777963
3.779461,4.525285,1.511781,4.967973,18.777963,18.777963
1.511781,4.157397,3.389619,5.918472,18.686768,18.686768
3.389619,4.157397,1.511781,5.918472,18.686768,18.686768
1.511781,4.885548,4.157388,4.840955,19.091008,19.091008
4.157388,4.885548,1.511781,4.840955,19.091008,19.091008
1.511781,5.796105,5.102258,5.366006,19.810202,19.810202
5.102258,5.796105,1.511781,5.366006,19.810202,19.810202
1.511781,6.716148,6.047127,5.447121,19.920651,19.920651
6.047127,6.716148,1.511781,5.447121,19.920651,19.920651
1.889721,3.095943,1.889726,18.653266,11.244705,11.244705
1.889726,3.095943,1.889721,18.653266,11.244705,11.244705
1.889726,3.252544,2.078694,16.660272,7.616603,7.616603
2.078694,3.252544,1.889726,16.660272,7.616603,7.616603
1.889726,3.412426,2.267667,14.769376,5.674975,5.674975
2.267667,3.412426,1.889726,14.769376,5.674975,5.674975
1.889726,3.575161,2.456646,13.006674,4.597767,4.597767
2.456646,3.575161,1.889726,13.006674,4.597767,4.597767
1.889726,3.740351,2.645618,11.363492,3.913048,3.913048
2.645618,3.740351,1.889726,11.363492,3.913048,3.913048
1.889726,3.907697,2.834591,9.867756,3.415141,3.415141
2.834591,3.907697,1.889726,9.867756,3.415141,3.415141
1.889726,4.247835,3.212536,7.533904,2.835883,2.835883
3.212536,4.247835,1.889726,7.533904,2.835883,2.835883
1.889726,4.768741,3.779461,5.844377,2.755052,2.755052
3.779461,4.768741,1.889726,5.844377,2.755052,2.755052
1.889726,5.121422,4.157388,5.496567,2.828208,2.828208
4.157388,5.121422,1.889726,5.496567,2.828208,2.828208
1.889726,6.016602,5.102258,5.336495,2.857825,2.857825
5.102258,6.016602,1.889726,5.336495,2.857825,2.857825
1.889726,6.924997,6.047127,5.321626,2.870054,2.870054
6.047127,6.924997,1.889726,5.321626,2.870054,2.870054
2.267667,3.715128,2.267671,12.503006,1.361893,1.361893
2.267671,3.715128,2.267667,12.503006,1.361893,1.361893
2.267671,3.871455,2.456646,11.397410,0.755663,0.755663
2.456646,3.871455,2.267671,11.397410,0.755663,0.755663
2.267671,4.030567,2.645618,10.320568,0.471541,0.471541
2.645618,4.030567,2.267671,10.320568,0.471541,0.471541
2.267671,4.192158,2.834591,9.283792,0.298952,0.298952
2.834591,4.192158,2.267671,9.283792,0.298952,0.298952
2.267671,4.521714,3.212536,7.481426,0.088593,0.088593
3.212536,4.521714,2.267671,7.481426,0.088593,0.088593
2.267671,5.028843,3.779461,5.896376,0.042150,0.042150
3.779461,5.028843,2.267671,5.896376,0.042150,0.042150
2.267671,5.373550,4.157388,5.477018,0.037857,0.037857
4.157388,5.373550,2.267671,5.477018,0.037857,0.037857
2.267671,6.252187,5.102258,5.248390,-0.003903,-0.003903
5.102258,6.252187,2.267671,5.248390,-0.003903,-0.003903
2.267671,7.147742,6.047127,5.223939,-0.003252,-0.003252
6.047127,7.147742,2.267671,5.223939,-0.003252,-0.003252
2.645617,4.334328,2.645618,9.189784,0.387328,0.387328
2.645618,4.334328,2.645617,9.189784,0.387328,0.387328
2.645617,4.490431,2.834591,8.559109,0.546908,0.546908
2.834591,4.490431,2.645617,8.559109,0.546908,0.546908
2.645617,4.809718,3.212536,7.209297,0.714988,0.714988
3.212536,4.809718,2.645617,7.209297,0.714988,0.714988
2.645617,5.303142,3.779461,5.813072,0.834109,0.834109
3.779461,5.303142,2.645617,5.813072,0.834109,0.834109
2.645617,5.639751,4.157388,5.412749,0.847248,0.847248
4.157388,5.639751,2.645617,5.412749,0.847248,0.847248
2.645617,6.501221,5.102258,5.183303,0.801802,0.801802
5.102258,6.501221,2.645617,5.183303,0.801802,0.801802
2.645617,7.383124,6.047127,5.157888,0.799851,0.799851
6.047127,7.383124,2.645617,5.157888,0.799851,0.799851
3.023562,5.109457,3.212536,6.848960,1.880095,1.880095
3.212536,5.109457,3.023562,6.848960,1.880095,1.880095
3.023562,5.589548,3.779461,5.695867,2.236764,2.236764
3.779461,5.589548,3.023562,5.695867,2.236764,2.236764
3.023562,5.918128,4.157388,5.348063,2.301334,2.301334
4.157388,5.918128,3.023562,5.348063,2.301334,2.301334
3.023562,6.762218,5.102258,5.140102,2.274491,2.274491
5.102258,6.762218,3.023562,5.140102,2.274491,2.274491
3.023562,7.629975,6.047127,5.115392,2.271976,2.271976
6.047127,7.629975,3.023562,5.115392,2.271976,2.271976
3.779452,6.191897,3.779461,5.384730,4.151333,4.151333
3.779461,6.191897,3.779452,5.384730,4.151333,4.151333
3.779452,6.505089,4.157388,5.241956,4.418370,4.418370
4.157388,6.505089,3.779452,5.241956,4.418370,4.418370
3.779452,7.314922,5.102258,5.232950,4.586059,4.586059
5.102258,7.314922,3.779452,5.232950,4.586059,4.586059
3.779452,8.153868,6.047127,5.213529,4.587186,4.587186
6.047127,8.153868,3.779452,5.213529,4.587186,4.587186
4.535343,7.901350,5.102258,5.118197,5.012198,5.012198
5.102258,7.901350,4.535343,5.118197,5.012198,5.012198
4.535343,8.711908,6.047127,5.133353,5.047019,5.047019
6.047127,8.711908,4.535343,5.133353,5.047019,5.047019
5.291233,9.297950,6.047127,5.172795,5.130755,5.130755
6.047127,9.297950,5.291233,5.172795,5.130755,5.130755
