R1,R2,R3,ETriat,E,ENew
1.511781,1.943512,1.511788,38.588180,64.275853,64.275853
1.511788,1.943512,1.511781,38.588180,64.275853,64.275853
1.511781,2.070054,1.700758,36.355808,49.227507,49.227507
1.700758,2.070054,1.511781,36.355808,49.227507,49.227507
1.511781,2.205534,1.889731,32.091412,39.009317,39.009317
1.889731,2.205534,1.511781,32.091412,39.009317,39.009317
1.511781,2.348426,2.078700,28.042259,32.724556,32.724556
2.078700,2.348426,1.511781,28.042259,32.724556,32.724556
1.511781,2.497439,2.267673,23.826767,28.266552,28.266552
2.267673,2.497439,1.511781,23.826767,28.266552,28.266552
1.511781,2.651559,2.456643,19.639125,24.856701,24.856701
2.456643,2.651559,1.511781,19.639125,24.856701,24.856701
1.511781,2.809930,2.645616,16.116417,22.577397,22.577397
2.645616,2.809930,1.511781,16.116417,22.577397,22.577397
1.511781,2.971886,2.834585,13.213047,21.081681,21.081681
2.834585,2.971886,1.511781,13.213047,21.081681,21.081681
1.511781,3.304411,3.212528,8.712666,19.304056,19.304056
3.212528,3.304411,1.511781,8.712666,19.304056,19.304056
1.511781,3.819089,3.779462,5.514176,18.848560,18.848560
3.779462,3.819089,1.511781,5.514176,18.848560,18.848560
1.511781,4.169734,4.157404,5.019810,19.112734,19.112734
4.157404,4.169734,1.511781,5.019810,19.112734,19.112734
1.511781,5.063562,5.102259,5.408685,19.837175,19.837175
5.102259,5.063562,1.511781,5.408685,19.837175,19.837175
1.511781,5.973117,6.047113,5.463341,19.928977,19.928977
6.047113,5.973117,1.511781,5.463341,19.928977,19.928977
1.889726,2.429386,1.889731,26.368610,16.479231,16.479231
1.889731,2.429386,1.889726,26.368610,16.479231,16.479231
1.889726,2.554964,2.078700,23.365094,11.626223,11.626223
2.078700,2.554964,1.889726,23.365094,11.626223,11.626223
1.889726,2.687960,2.267673,20.455826,8.635356,8.635356
2.267673,2.687960,1.889726,20.455826,8.635356,8.635356
1.889726,2.827348,2.456643,17.835213,6.823474,6.823474
2.456643,2.827348,1.889726,17.835213,6.823474,6.823474
1.889726,2.972209,2.645616,15.272805,5.467434,5.467434
2.645616,2.972209,1.889726,15.272805,5.467434,5.467434
1.889726,3.121799,2.834585,12.905943,4.436626,4.436626
2.834585,3.121799,1.889726,12.905943,4.436626,4.436626
1.889726,3.432644,3.212528,9.372978,3.436823,3.436823
3.212528,3.432644,1.889726,9.372978,3.436823,3.436823
1.889726,3.921088,3.779462,6.540106,3.084620,3.084620
3.779462,3.921088,1.889726,6.540106,3.084620,3.084620
1.889726,4.257531,4.157404,5.779983,2.992081,2.992081
4.157404,4.257531,1.889726,5.779983,2.992081,2.992081
1.889726,5.124014,5.102259,5.379373,2.883150,2.883150
5.102259,5.124014,1.889726,5.379373,2.883150,2.883150
1.889726,6.014148,6.047113,5.334091,2.873957,2.873957
6.047113,6.014148,1.889726,5.334091,2.873957,2.873957
2.267671,2.915260,2.267673,16.779313,3.098323,3.098323
2.267673,2.915260,2.267671,16.779313,3.098323,3.098323
2.267671,3.040183,2.456643,14.923840,1.995617,1.995617
2.456643,3.040183,2.267671,14.923840,1.995617,1.995617
2.267671,3.171440,2.645616,13.183832,1.374642,1.374642
2.645616,3.171440,2.267671,13.183832,1.374642,1.374642
2.267671,3.308298,2.834585,11.595769,1.015111,1.015111
2.834585,3.308298,2.267671,11.595769,1.015111,1.015111
2.267671,3.596198,3.212528,8.911960,0.623403,0.623403
3.212528,3.596198,2.267671,8.911960,0.623403,0.623403
2.267671,4.055874,3.779462,6.456168,0.358881,0.358881
3.779462,4.055874,2.267671,6.456168,0.358881,0.358881
2.267671,4.376315,4.157404,5.714437,0.193708,0.193708
4.157404,4.376315,2.267671,5.714437,0.193708,0.193708
2.267671,5.211245,5.102259,5.290379,0.019644,0.019644
5.102259,5.211245,2.267671,5.290379,0.019644,0.019644
2.267671,6.078446,6.047113,5.235391,-0.000520,-0.000520
6.047113,6.078446,2.267671,5.235391,-0.000520,-0.000520
2.645616,3.401135,2.645617,10.920965,0.752758,0.752758
2.645617,3.401135,2.645616,10.920965,0.752758,0.752758
2.645617,3.525582,2.834585,9.876880,0.803624,0.803624
2.834585,3.525582,2.645617,9.876880,0.803624,0.803624
2.645617,3.790504,3.212528,8.062505,1.018710,1.018710
3.212528,3.790504,2.645617,8.062505,1.018710,1.018710
2.645617,4.220305,3.779462,6.189032,1.068405,1.068405
3.779462,4.220305,2.645617,6.189032,1.068405,1.068405
2.645617,4.523647,4.157404,5.598942,0.980419,0.980419
4.157404,4.523647,2.645617,5.598942,0.980419,0.980419
2.645617,5.323937,5.102259,5.222335,0.822444,0.822444
5.102259,5.323937,2.645617,5.222335,0.822444,0.822444
2.645617,6.165284,6.047113,5.167861,0.801369,0.801369
6.047113,6.165284,2.645617,5.167861,0.801369,0.801369
3.023562,4.011096,3.212528,7.204048,1.950171,1.950171
3.212528,4.011096,3.023562,7.204048,1.950171,1.950171
3.023562,4.411068,3.779462,5.938685,2.403326,2.403326
3.779462,4.411068,3.023562,5.938685,2.403326,2.403326
3.023562,4.696842,4.157404,5.468289,2.385460,2.385460
4.157404,4.696842,3.023562,5.468289,2.385460,2.385460
3.023562,5.460516,5.102259,5.174785,2.291707,2.291707
5.102259,5.460516,3.023562,5.174785,2.291707,2.291707
3.023562,6.273726,6.047113,5.123700,2.272410,2.272410
6.047113,6.273726,3.023562,5.123700,2.272410,2.272410
3.779452,4.858772,3.779462,5.402735,4.140146,4.140146
3.779462,4.858772,3.779452,5.402735,4.140146,4.140146
3.779452,5.109917,4.157404,5.271513,4.424397,4.424397
4.157404,5.109917,3.779452,5.271513,4.424397,4.424397
3.779452,5.798287,5.102259,5.246012,4.585408,4.585408
5.102259,5.798287,3.779452,5.246012,4.585408,4.585408
3.779452,6.550916,6.047113,5.218659,4.586102,4.586102
6.047113,6.550916,3.779452,5.218659,4.586102,4.586102
4.535343,6.210134,5.102259,5.127456,5.012241,5.012241
5.102259,6.210134,4.535343,5.127456,5.012241,5.012241
4.535343,6.900153,6.047113,5.140919,5.050098,5.050098
6.047113,6.900153,4.535343,5.140919,5.050098,5.050098
5.291233,7.311119,6.047113,5.172094,5.126983,5.126983
6.047113,7.311119,5.291233,5.172094,5.126983,5.126983
