R1,R2,R3,ETriat,E,ENew
1.511777,2.883619,1.511781,20.005798,45.602311,45.602311
1.511781,2.883619,1.511777,20.005798,45.602311,45.602311
1.511781,3.064382,1.700760,18.787295,33.578309,33.578309
1.700760,3.064382,1.511781,18.787295,33.578309,33.578309
1.511781,3.246064,1.889727,17.183203,27.253436,27.253436
1.889727,3.246064,1.511781,17.183203,27.253436,27.253436
1.511781,3.428544,2.078699,15.506516,23.952343,23.952343
2.078699,3.428544,1.511781,15.506516,23.952343,23.952343
1.511781,3.611682,2.267666,13.805284,22.155767,22.155767
2.267666,3.611682,1.511781,13.805284,22.155767,22.155767
1.511781,3.795408,2.456648,12.118717,21.069496,21.069496
2.456648,3.795408,1.511781,12.118717,21.069496,21.069496
1.511781,3.979610,2.645615,10.522308,20.327666,20.327666
2.645615,3.979610,1.511781,10.522308,20.327666,20.327666
1.511781,4.164248,2.834587,9.081916,19.783967,19.783967
2.834587,4.164248,1.511781,9.081916,19.783967,19.783967
1.511781,4.534595,3.212537,6.855910,19.168327,19.168327
3.212537,4.534595,1.511781,6.855910,19.168327,19.168327
1.511781,5.092193,3.779443,5.287185,19.137842,19.137842
3.779443,5.092193,1.511781,5.287185,19.137842,19.137842
1.511781,5.465001,4.157393,5.178471,19.444296,19.444296
4.157393,5.465001,1.511781,5.178471,19.444296,19.444296
1.511781,6.399659,5.102264,5.406688,19.859030,19.859030
5.102264,6.399659,1.511781,5.406688,19.859030,19.859030
1.511781,7.336925,6.047124,5.449000,19.925594,19.925594
6.047124,7.336925,1.511781,5.449000,19.925594,19.925594
1.889726,3.604526,1.889727,14.923679,9.108372,9.108372
1.889727,3.604526,1.889726,14.923679,9.108372,9.108372
1.889726,3.785183,2.078699,13.831144,6.154712,6.154712
2.078699,3.785183,1.889726,13.831144,6.154712,6.154712
1.889726,3.966603,2.267666,12.786941,4.784146,4.784146
2.267666,3.966603,1.889726,12.786941,4.784146,4.784146
1.889726,4.148715,2.456648,11.767886,4.167812,4.167812
2.456648,4.148715,1.889726,11.767886,4.167812,4.167812
1.889726,4.331398,2.645615,10.755350,3.860274,3.860274
2.645615,4.331398,1.889726,10.755350,3.860274,3.860274
1.889726,4.514609,2.834587,9.741655,3.642369,3.642369
2.834587,4.514609,1.889726,9.741655,3.642369,3.642369
1.889726,4.882346,3.212537,7.832513,3.250357,3.250357
3.212537,4.882346,1.889726,7.832513,3.250357,3.250357
1.889726,5.436562,3.779443,6.056763,2.989045,2.989045
3.779443,5.436562,1.889726,6.056763,2.989045,2.989045
1.889726,5.807411,4.157393,5.581520,2.927468,2.927468
4.157393,5.807411,1.889726,5.581520,2.927468,2.927468
1.889726,6.737988,5.102264,5.339894,2.868623,2.868623
5.102264,6.737988,1.889726,5.339894,2.868623,2.868623
1.889726,7.672051,6.047124,5.319040,2.870227,2.870227
6.047124,7.672051,1.889726,5.319040,2.870227,2.870227
2.267666,4.325428,2.267671,11.628454,1.086314,1.086314
2.267671,4.325428,2.267666,11.628454,1.086314,1.086314
2.267671,4.506022,2.456648,10.985452,0.741787,0.741787
2.456648,4.506022,2.267671,10.985452,0.741787,0.741787
2.267671,4.687261,2.645615,10.292061,0.689663,0.689663
2.645615,4.687261,2.267671,10.292061,0.689663,0.689663
2.267671,4.869098,2.834587,9.537906,0.696558,0.696558
2.834587,4.869098,2.267671,9.537906,0.696558,0.696558
2.267671,5.234285,3.212537,7.888568,0.540620,0.540620
3.212537,5.234285,2.267671,7.888568,0.540620,0.540620
2.267671,5.785124,3.779443,6.065491,0.227792,0.227792
3.779443,5.785124,2.267671,6.065491,0.227792,0.227792
2.267671,6.153983,4.157393,5.535998,0.110448,0.110448
4.157393,6.153983,2.267671,5.535998,0.110448,0.110448
2.267671,7.080326,5.102264,5.250004,0.003946,0.003946
5.102264,7.080326,2.267671,5.250004,0.003946,0.003946
2.267671,8.010990,6.047124,5.222415,-0.002385,-0.002385
6.047124,8.010990,2.267671,5.222415,-0.002385,-0.002385
2.645615,5.046335,2.645617,9.463196,0.747814,0.747814
2.645617,5.046335,2.645615,9.463196,0.747814,0.747814
2.645617,5.226875,2.834587,8.943496,0.981764,0.981764
2.834587,5.226875,2.645617,8.943496,0.981764,0.981764
2.645617,5.589621,3.212537,7.653086,1.180935,1.180935
3.212537,5.589621,2.645617,7.653086,1.180935,1.180935
2.645617,6.137166,3.779443,5.983468,1.019404,1.019404
3.779443,6.137166,2.645617,5.983468,1.019404,1.019404
2.645617,6.504050,4.157393,5.472383,0.918842,0.918842
4.157393,6.504050,2.645617,5.472383,0.918842,0.918842
2.645617,7.426118,5.102264,5.186686,0.810215,0.810215
5.102264,7.426118,2.645617,5.186686,0.810215,0.810215
2.645617,8.353276,6.047124,5.157817,0.801802,0.801802
6.047124,8.353276,2.645617,5.157817,0.801802,0.801802
3.023562,5.947745,3.212537,7.266340,2.314386,2.314386
3.212537,5.947745,3.023562,7.266340,2.314386,2.314386
3.023562,6.492121,3.779443,5.878607,2.432293,2.432293
3.779443,6.492121,3.023562,5.878607,2.432293,2.432293
3.023562,6.857078,4.157393,5.415916,2.378825,2.378825
4.157393,6.857078,3.023562,5.415916,2.378825,2.378825
3.023562,7.774904,5.102264,5.145157,2.283511,2.283511
5.102264,7.774904,3.023562,5.145157,2.283511,2.283511
3.023562,8.698516,6.047124,5.116398,2.274665,2.274665
6.047124,8.698516,3.023562,5.116398,2.274665,2.274665
3.779443,7.209046,3.779452,5.578558,4.352630,4.352630
3.779452,7.209046,3.779443,5.578558,4.352630,4.352630
3.779452,7.570354,4.157393,5.341740,4.523571,4.523571
4.157393,7.570354,3.779452,5.341740,4.523571,4.523571
3.779452,8.479976,5.102264,5.242515,4.598027,4.598027
5.102264,8.479976,3.779452,5.242515,4.598027,4.598027
3.779452,9.396550,6.047124,5.212483,4.587273,4.587273
6.047124,9.396550,3.779452,5.212483,4.587273,4.587273
4.535343,9.193128,5.102264,5.129884,5.025337,5.025337
5.102264,9.193128,4.535343,5.129884,5.025337,5.025337
4.535343,10.102914,6.047124,5.130915,5.045328,5.045328
6.047124,10.102914,4.535343,5.130915,5.045328,5.045328
5.291233,10.815975,6.047124,5.172824,5.131276,5.131276
6.047124,10.815975,5.291233,5.172824,5.131276,5.131276
