R1,R2,R3,ETriat,E,ENew
1.511781,2.740281,1.511787,22.971330,47.985776,47.985776
1.511787,2.740281,1.511781,22.971330,47.985776,47.985776
1.511781,2.912642,1.700755,21.903314,36.087226,36.087226
1.700755,2.912642,1.511781,21.903314,36.087226,36.087226
1.511781,3.086947,1.889723,20.369265,29.852377,29.852377
1.889723,3.086947,1.511781,20.369265,29.852377,29.852377
1.511781,3.262895,2.078705,18.947153,26.865587,26.865587
2.078705,3.262895,1.511781,18.947153,26.865587,26.865587
1.511781,3.440216,2.267672,17.103114,25.016064,25.016064
2.267672,3.440216,1.511781,17.103114,25.016064,25.016064
1.511781,3.618710,2.456642,14.273768,22.890919,22.890919
2.456642,3.618710,1.511781,14.273768,22.890919,22.890919
1.511781,3.798223,2.645610,11.470614,21.043001,21.043001
2.645610,3.798223,1.511781,11.470614,21.043001,21.043001
1.511781,3.978622,2.834592,9.369124,19.922429,19.922429
2.834592,3.978622,1.511781,9.369124,19.922429,19.922429
1.511781,4.341601,3.212542,6.568604,18.834249,18.834249
3.212542,4.341601,1.511781,6.568604,18.834249,18.834249
1.511781,4.890319,3.779460,5.071706,18.915427,18.915427
3.779460,4.890319,1.511781,5.071706,18.915427,18.915427
1.511781,5.258265,4.157397,4.989834,19.251195,19.251195
4.157397,5.258265,1.511781,4.989834,19.251195,19.251195
1.511781,6.183437,5.102265,5.356003,19.805953,19.805953
5.102265,6.183437,1.511781,5.356003,19.805953,19.805953
1.511781,7.113773,6.047120,5.428707,19.904432,19.904432
6.047120,7.113773,1.511781,5.428707,19.904432,19.904432
1.889723,3.425348,1.889726,18.559729,12.280067,12.280067
1.889726,3.425348,1.889723,18.559729,12.280067,12.280067
1.889726,3.597508,2.078705,16.746814,8.705390,8.705390
2.078705,3.597508,1.889726,16.746814,8.705390,8.705390
1.889726,3.771271,2.267672,14.960605,6.694856,6.694856
2.267672,3.771271,1.889726,14.960605,6.694856,6.694856
1.889726,3.946424,2.456642,13.257298,5.483696,5.483696
2.456642,3.946424,1.889726,13.257298,5.483696,5.483696
1.889726,4.122805,2.645610,11.299523,4.299552,4.299552
2.645610,4.122805,1.889726,11.299523,4.299552,4.299552
1.889726,4.300265,2.834592,9.702137,3.544539,3.544539
2.834592,4.300265,1.889726,9.702137,3.544539,3.544539
1.889726,4.657895,3.212542,7.474363,2.876645,2.876645
3.212542,4.657895,1.889726,7.474363,2.876645,2.876645
1.889726,5.199727,3.779460,5.881026,2.808087,2.808087
3.779460,5.199727,1.889726,5.881026,2.808087,2.808087
1.889726,5.563714,4.157397,5.478224,2.819665,2.819665
4.157397,5.563714,1.889726,5.478224,2.819665,2.819665
1.889726,6.480706,5.102265,5.311325,2.838051,2.838051
5.102265,6.480706,1.889726,5.311325,2.838051,2.838051
1.889726,7.404695,6.047120,5.302441,2.852882,2.852882
6.047120,7.404695,1.889726,5.302441,2.852882,2.852882
2.267671,4.110422,2.267672,12.841443,2.187893,2.187893
2.267672,4.110422,2.267671,12.841443,2.187893,2.187893
2.267671,4.282424,2.456642,11.758090,1.450486,1.450486
2.456642,4.282424,2.267671,11.758090,1.450486,1.450486
2.267671,4.455808,2.645610,10.683107,1.046419,1.046419
2.645610,4.455808,2.267671,10.683107,1.046419,1.046419
2.267671,4.630422,2.834592,9.562892,0.703626,0.703626
2.834592,4.630422,2.267671,9.562892,0.703626,0.703626
2.267671,4.982785,3.212542,7.532861,0.178010,0.178010
3.212542,4.982785,2.267671,7.532861,0.178010,0.178010
2.267671,5.517679,3.779460,5.919122,0.076408,0.076408
3.779460,5.517679,2.267671,5.919122,0.076408,0.076408
2.267671,5.877599,4.157397,5.450635,0.021075,0.021075
4.157397,5.877599,2.267671,5.450635,0.021075,0.021075
2.267671,6.786007,5.102265,5.223056,-0.024587,-0.024587
5.102265,6.786007,2.267671,5.223056,-0.024587,-0.024587
2.267671,7.703177,6.047120,5.204089,-0.021335,-0.021335
6.047120,7.703177,2.267671,5.204089,-0.021335,-0.021335
2.645610,4.795479,2.645617,9.475550,0.749549,0.749549
2.645617,4.795479,2.645610,9.475550,0.749549,0.749549
2.645617,4.967396,2.834592,8.816423,0.847422,0.847422
2.834592,4.967396,2.645617,8.816423,0.847422,0.847422
2.645617,5.314697,3.212542,7.312762,0.834933,0.834933
3.212542,5.314697,2.645617,7.312762,0.834933,0.834933
2.645617,5.842781,3.779460,5.842197,0.873787,0.873787
3.779460,5.842781,2.645617,5.842197,0.873787,0.873787
2.645617,6.198637,4.157397,5.388263,0.831550,0.831550
4.157397,6.198637,2.645617,5.388263,0.831550,0.831550
2.645617,7.098304,5.102265,5.155738,0.778039,0.778039
5.102265,7.098304,2.645617,5.155738,0.778039,0.778039
2.645617,8.008374,6.047120,5.135000,0.778473,0.778473
6.047120,8.008374,2.645617,5.135000,0.778473,0.778473
3.023562,5.652392,3.212542,6.928829,1.971810,1.971810
3.212542,5.652392,3.023562,6.928829,1.971810,1.971810
3.023562,6.173904,3.779460,5.717907,2.268247,2.268247
3.779460,6.173904,3.023562,5.717907,2.268247,2.268247
3.023562,6.525773,4.157397,5.329761,2.290319,2.290319
4.157397,6.525773,3.023562,5.329761,2.290319,2.290319
3.023562,7.416714,5.102265,5.110240,2.247649,2.247649
5.102265,7.416714,3.023562,5.110240,2.247649,2.247649
3.023562,8.319546,6.047120,5.089408,2.247259,2.247259
6.047120,8.319546,3.023562,5.089408,2.247259,2.247259
3.779452,6.850703,3.779460,5.395189,4.167552,4.167552
3.779460,6.850703,3.779452,5.395189,4.167552,4.167552
3.779452,7.194999,4.157397,5.254730,4.435325,4.435325
4.157397,7.194999,3.779452,5.254730,4.435325,4.435325
3.779452,8.068961,5.102265,5.253092,4.608044,4.608044
5.102265,8.068961,3.779452,5.253092,4.608044,4.608044
3.779452,8.957315,6.047120,5.236604,4.611123,4.611123
6.047120,8.957315,3.779452,5.236604,4.611123,4.611123
4.535343,8.737926,5.102265,5.145440,5.040558,5.040558
5.102265,8.737926,4.535343,5.145440,5.040558,5.040558
4.535343,9.612226,6.047120,5.135209,5.049448,5.049448
6.047120,9.612226,4.535343,5.135209,5.049448,5.049448
5.291233,10.281003,6.047120,5.156807,5.115144,5.115144
6.047120,10.281003,5.291233,5.156807,5.115144,5.115144
