R1,R2,R3,ETriat,E,ENew
1.511781,2.398759,1.511782,31.536051,55.434560,55.434560
1.511782,2.398759,1.511781,31.536051,55.434560,55.434560
1.511781,2.551270,1.700749,29.105286,41.886700,41.886700
1.700749,2.551270,1.511781,29.105286,41.886700,41.886700
1.511781,2.708394,1.889734,26.086845,34.049070,34.049070
1.889734,2.708394,1.511781,26.086845,34.049070,34.049070
1.511781,2.869350,2.078701,22.418827,28.820268,28.820268
2.078701,2.869350,1.511781,22.418827,28.820268,28.820268
1.511781,3.033540,2.267668,19.013202,25.510762,25.510762
2.267668,3.033540,1.511781,19.013202,25.510762,25.510762
1.511781,3.200464,2.456635,15.635449,23.018019,23.018019
2.456635,3.200464,1.511781,15.635449,23.018019,23.018019
1.511781,3.369744,2.645625,12.563104,21.133805,21.133805
2.645625,3.369744,1.511781,12.563104,21.133805,21.133805
1.511781,3.540992,2.834592,10.024425,19.824903,19.824903
2.834592,3.540992,1.511781,10.024425,19.824903,19.824903
1.511781,3.888416,3.212526,6.778025,18.709491,18.709491
3.212526,3.888416,1.511781,6.778025,18.709491,18.709491
1.511781,4.418978,3.779450,4.873939,18.661487,18.661487
3.779450,4.418978,1.511781,4.873939,18.661487,18.661487
1.511781,4.777328,4.157402,4.730313,18.974489,18.974489
4.157402,4.777328,1.511781,4.730313,18.974489,18.974489
1.511781,5.684306,5.102260,5.363025,19.805215,19.805215
5.102260,5.684306,1.511781,5.363025,19.805215,19.805215
1.511781,6.601918,6.047118,5.431481,19.904172,19.904172
6.047118,6.601918,1.511781,5.431481,19.904172,19.904172
1.889726,2.998447,1.889734,20.673985,12.882178,12.882178
1.889734,2.998447,1.889726,20.673985,12.882178,12.882178
1.889726,3.150465,2.078701,18.231098,8.819047,8.819047
2.078701,3.150465,1.889726,18.231098,8.819047,8.819047
1.889726,3.306295,2.267668,15.973573,6.545770,6.545770
2.267668,3.306295,1.889726,15.973573,6.545770,6.545770
1.889726,3.465424,2.456635,13.916036,5.224725,5.224725
2.456635,3.465424,1.889726,13.916036,5.224725,5.224725
1.889726,3.627444,2.645625,11.902564,4.229736,4.229736
2.645625,3.627444,1.889726,11.902564,4.229736,4.229736
1.889726,3.791934,2.834592,9.979394,3.364448,3.364448
2.834592,3.791934,1.889726,9.979394,3.364448,3.364448
1.889726,4.127209,3.212526,7.471612,2.705444,2.705444
3.212526,4.127209,1.889726,7.471612,2.705444,2.705444
1.889726,4.642452,3.779450,5.860154,2.759909,2.759909
3.779450,4.642452,1.889726,5.860154,2.759909,2.759909
1.889726,4.992173,4.157402,5.479347,2.807176,2.807176
4.157402,4.992173,1.889726,5.479347,2.807176,2.807176
1.889726,5.881761,5.102260,5.320140,2.839396,2.839396
5.102260,5.881761,1.889726,5.320140,2.839396,2.839396
1.889726,6.786307,6.047118,5.305224,2.852838,2.852838
6.047118,6.786307,1.889726,5.305224,2.852838,2.852838
2.267668,3.598124,2.267671,13.066350,1.683135,1.683135
2.267671,3.598124,2.267668,13.066350,1.683135,1.683135
2.267671,3.749805,2.456635,11.747662,0.919840,0.919840
2.456635,3.749805,2.267671,11.747662,0.919840,0.919840
2.267671,3.904767,2.645625,10.531841,0.550030,0.550030
2.645625,3.904767,2.267671,10.531841,0.550030,0.550030
2.267671,4.062585,2.834592,9.412057,0.339281,0.339281
2.834592,4.062585,2.267671,9.412057,0.339281,0.339281
2.267671,4.385615,3.212526,7.399497,-0.024241,-0.024241
3.212526,4.385615,2.267671,7.399497,-0.024241,-0.024241
2.267671,4.884981,3.779450,5.874774,0.015177,0.015177
3.779450,4.884981,2.267671,5.874774,0.015177,0.015177
2.267671,5.225553,4.157402,5.445016,0.002558,0.002558
4.157402,5.225553,2.267671,5.445016,0.002558,0.002558
2.267671,6.096276,5.102260,5.229999,-0.024241,-0.024241
5.102260,6.096276,2.267671,5.229999,-0.024241,-0.024241
2.267671,6.986292,6.047118,5.206776,-0.021162,-0.021162
6.047118,6.986292,2.267671,5.206776,-0.021162,-0.021162
2.645617,4.197827,2.645625,9.063790,0.201426,0.201426
2.645625,4.197827,2.645617,9.063790,0.201426,0.201426
2.645617,4.349265,2.834592,8.399295,0.350816,0.350816
2.834592,4.349265,2.645617,8.399295,0.350816,0.350816
2.645617,4.660372,3.212526,7.128552,0.622622,0.622622
3.212526,4.660372,2.645617,7.128552,0.622622,0.622622
2.645617,5.143870,3.779450,5.765512,0.782766,0.782766
3.779450,5.143870,2.645617,5.765512,0.782766,0.782766
2.645617,5.475098,4.157402,5.372024,0.803277,0.803277
4.157402,5.475098,2.645617,5.372024,0.803277,0.803277
2.645617,5.102265,3.733958,5.832712,0.771057,0.771057
3.733958,5.102265,2.645617,5.832712,0.771057,0.771057
2.645617,6.326115,5.102260,5.160108,0.776911,0.776911
5.102260,6.326115,2.645617,5.160108,0.776911,0.776911
2.645617,6.047120,4.795815,5.179668,0.780858,0.780858
4.795815,6.047120,2.645617,5.179668,0.780858,0.780858
2.645617,7.200575,6.047118,5.136909,0.778212,0.778212
6.047118,7.200575,2.645617,5.136909,0.778212,0.778212
3.023562,4.948757,3.212526,6.625641,1.651696,1.651696
3.212526,4.948757,3.023562,6.625641,1.651696,1.651696
3.023562,5.416775,3.779450,5.637460,2.174840,2.174840
3.779450,5.416775,3.023562,5.637460,2.174840,2.174840
3.023562,5.738701,4.157402,5.304470,2.254717,2.254717
4.157402,5.738701,3.023562,5.304470,2.254717,2.254717
3.023562,6.569671,5.102260,5.113058,2.246044,2.246044
5.102260,6.569671,3.023562,5.113058,2.246044,2.246044
3.023562,7.427918,6.047118,5.090897,2.246912,2.246912
6.047118,7.427918,3.023562,5.090897,2.246912,2.246912
3.779450,5.996883,3.779452,5.268087,4.032039,4.032039
3.779452,5.996883,3.779450,5.268087,4.032039,4.032039
3.779452,6.300929,4.157402,5.192866,4.367287,4.367287
4.157402,6.300929,3.779452,5.192866,4.367287,4.367287
3.779452,7.092200,5.102260,5.249101,4.601323,4.601323
5.102260,7.092200,3.779452,5.249101,4.601323,4.601323
3.779452,7.917222,6.047118,5.237087,4.610343,4.610343
6.047118,7.917222,3.779452,5.237087,4.610343,4.610343
4.535343,7.653808,5.102260,5.143890,5.037349,5.037349
5.102260,7.653808,4.535343,5.143890,5.037349,5.037349
4.535343,8.445921,6.047118,5.138614,5.052006,5.052006
6.047118,8.445921,4.535343,5.138614,5.052006,5.052006
5.291233,9.007081,6.047118,5.156976,5.114754,5.114754
6.047118,9.007081,5.291233,5.156976,5.114754,5.114754
1.322810,2.918915,2.282033,19.377190,48.338283,48.338283
2.282033,2.918915,1.322810,19.377190,48.338283,48.338283
1.228318,2.857866,2.282033,19.335220,66.157292,66.157292
2.282033,2.857866,1.228318,19.335220,66.157292,66.157292
