R1,R2,R3,ETriat,E,ENew
1.511781,1.606015,1.889727,46.849478,66.622936,66.622936
1.889727,1.606015,1.511781,46.849478,66.622936,66.622936
1.511781,1.732490,2.078699,41.304536,52.889000,52.889000
2.078699,1.732490,1.511781,41.304536,52.889000,52.889000
1.511781,1.869520,2.267666,35.263085,42.503424,42.503424
2.267666,1.869520,1.511781,35.263085,42.503424,42.503424
1.511781,2.014989,2.456648,30.309025,35.706967,35.706967
2.456648,2.014989,1.511781,30.309025,35.706967,35.706967
1.511781,2.167164,2.645615,26.111940,31.214531,31.214531
2.645615,2.167164,1.511781,26.111940,31.214531,31.214531
1.511781,2.324763,2.834587,21.469211,27.178069,27.178069
2.834587,2.324763,1.511781,21.469211,27.178069,27.178069
1.511781,2.652274,3.212537,13.684906,21.753218,21.753218
3.212537,2.652274,1.511781,13.684906,21.753218,21.753218
1.511781,3.164679,3.779443,7.278294,18.877137,18.877137
3.779443,3.164679,1.511781,7.278294,18.877137,18.877137
1.511781,3.515600,4.157393,5.440222,18.563657,18.563657
4.157393,3.515600,1.511781,5.440222,18.563657,18.563657
1.511781,4.412481,5.102264,5.122510,19.487010,19.487010
5.102264,4.412481,1.511781,5.122510,19.487010,19.487010
1.511781,5.325977,6.047124,5.385442,19.838953,19.838953
6.047124,5.325977,1.511781,5.385442,19.838953,19.838953
1.889726,1.745150,1.889727,44.076654,40.496793,40.496793
1.889727,1.745150,1.889726,44.076654,40.496793,40.496793
1.889726,1.889721,2.167801,39.975341,30.058140,30.058140
2.167801,1.889721,1.889726,39.975341,30.058140,30.058140
1.889726,1.840073,2.078699,41.478837,32.992720,32.992720
2.078699,1.840073,1.889726,41.478837,32.992720,32.992720
1.889726,1.948722,2.267666,36.577445,25.563927,25.563927
2.267666,1.948722,1.889726,36.577445,25.563927,25.563927
1.889726,2.068975,2.456648,31.244631,19.276000,19.276000
2.456648,2.068975,1.889726,31.244631,19.276000,19.276000
1.889726,2.198896,2.645615,26.059743,14.155912,14.155912
2.645615,2.198896,1.889726,26.059743,14.155912,14.155912
1.889726,2.336910,2.834587,21.783990,10.577679,10.577679
2.834587,2.336910,1.889726,21.783990,10.577679,10.577679
1.889726,2.631978,3.212537,14.967907,6.033900,6.033900
3.212537,2.631978,1.889726,14.967907,6.033900,6.033900
1.889726,3.108401,3.779443,8.789572,3.250227,3.250227
3.779443,3.108401,1.889726,8.789572,3.250227,3.250227
1.889726,3.441299,4.157393,6.835222,2.829682,2.829682
4.157393,3.441299,1.889726,6.835222,2.829682,2.829682
1.889726,4.306208,5.102264,5.416003,2.820315,2.820315
5.102264,4.306208,1.889726,5.416003,2.820315,2.820315
1.889726,5.199021,6.047124,5.315426,2.839656,2.839656
6.047124,5.199021,1.889726,5.315426,2.839656,2.839656
2.267666,2.094186,2.267671,33.091217,17.936872,17.936872
2.267671,2.094186,2.267666,33.091217,17.936872,17.936872
2.267671,2.267667,2.601368,25.735141,10.813796,10.813796
2.601368,2.267667,2.267671,25.735141,10.813796,10.813796
2.267671,2.187880,2.456648,28.890501,13.617113,13.617113
2.456648,2.187880,2.267671,28.890501,13.617113,13.617113
2.267671,2.293332,2.645615,24.808793,10.048983,10.048983
2.645615,2.293332,2.267671,24.808793,10.048983,10.048983
2.267671,2.409036,2.834587,20.855069,6.985265,6.985265
2.834587,2.409036,2.267671,20.855069,6.985265,6.985265
2.267671,2.665661,3.212537,14.810111,3.226203,3.226203
3.212537,2.665661,2.267671,14.810111,3.226203,3.226203
2.267671,3.097549,3.779443,9.148986,0.791352,0.791352
3.779443,3.097549,2.267671,9.148986,0.791352,0.791352
2.267671,3.407539,4.157393,7.188056,0.307235,0.307235
4.157393,3.407539,2.267671,7.188056,0.307235,0.307235
2.267671,4.231141,5.102264,5.428055,0.023156,0.023156
5.102264,4.231141,2.267671,5.428055,0.023156,0.023156
2.267671,5.096989,6.047124,5.231732,-0.023330,-0.023330
6.047124,5.096989,2.267671,5.231732,-0.023330,-0.023330
2.645615,2.443212,2.645617,21.935063,8.261731,8.261731
2.645617,2.443212,2.645615,21.935063,8.261731,8.261731
2.645618,2.645617,3.034925,16.218257,4.754789,4.754789
3.034925,2.645617,2.645618,16.218257,4.754789,4.754789
2.645617,2.536030,2.834587,19.125789,6.467064,6.467064
2.834587,2.536030,2.645617,19.125789,6.467064,6.467064
2.645617,2.834592,3.339505,12.473405,2.862725,2.862725
3.339505,2.834592,2.645617,12.473405,2.862725,2.862725
2.645617,2.751340,3.212537,13.878147,3.498573,3.498573
3.212537,2.751340,2.645617,13.878147,3.498573,3.498573
2.645617,3.132594,3.779443,8.993771,1.637906,1.637906
3.779443,3.132594,2.645617,8.993771,1.637906,1.637906
2.645617,3.779452,4.613409,5.953781,0.941782,0.941782
4.613409,3.779452,2.645617,5.953781,0.941782,0.941782
2.645617,3.415521,4.157393,7.109746,1.120876,1.120876
4.157393,3.415521,2.645617,7.109746,1.120876,1.120876
2.645617,4.188957,5.102264,5.406485,0.847768,0.847768
5.102264,4.188957,2.645617,5.406485,0.847768,0.847768
2.645617,5.021401,6.047124,5.170115,0.781118,0.781118
6.047124,5.021401,2.645617,5.170115,0.781118,0.781118
3.023562,2.884386,3.212537,12.651525,4.326004,4.326004
3.212537,2.884386,3.023562,12.651525,4.326004,4.326004
3.023562,3.212034,3.779443,8.408540,2.859039,2.859039
3.779443,3.212034,3.023562,8.408540,2.859039,2.859039
3.023562,3.464958,4.157393,6.893182,2.559827,2.559827
4.157393,3.464958,3.023562,6.893182,2.559827,2.559827
3.023562,4.180652,5.102264,5.369800,2.320284,2.320284
5.102264,4.180652,3.023562,5.369800,2.320284,2.320284
3.023562,4.973461,6.047124,5.130446,2.253763,2.253763
6.047124,4.973461,3.023562,5.130446,2.253763,2.253763
3.779443,3.490309,3.779452,7.108519,4.653837,4.653837
3.779452,3.490309,3.779443,7.108519,4.653837,4.653837
3.779461,3.779452,4.335617,5.820927,4.478819,4.478819
4.335617,3.779452,3.779461,5.820927,4.478819,4.478819
3.779452,3.680121,4.157393,6.100201,4.494907,4.494907
4.157393,3.680121,3.779452,6.100201,4.494907,4.494907
3.779452,4.265664,5.102264,5.307076,4.516373,4.516373
5.102264,4.265664,3.779452,5.307076,4.516373,4.516373
3.779452,4.963272,6.047124,5.265279,4.604272,4.604272
6.047124,4.963272,3.779452,5.265279,4.604272,4.604272
4.535343,4.478468,5.102264,5.213394,5.027722,5.027722
5.102264,4.478468,4.535343,5.213394,5.027722,5.027722
4.535343,5.067106,6.047124,5.171504,5.053177,5.053177
6.047124,5.067106,4.535343,5.171504,5.053177,5.053177
5.291233,5.278238,6.047124,5.188300,5.119134,5.119134
6.047124,5.278238,5.291233,5.188300,5.119134,5.119134
2.282033,6.000042,7.007163,5.204040,-0.026669,-0.026669
7.007163,6.000042,2.282033,5.204040,-0.026669,-0.026669
