R1,R2,R3,ETriat,E,ENew
1.511781,1.511776,2.476758,30.263652,54.347855,54.347855
2.476758,1.511776,1.511781,30.263652,54.347855,54.347855
1.700749,1.511781,2.551270,29.105286,41.886700,41.886700
2.551270,1.511781,1.700749,29.105286,41.886700,41.886700
1.511781,1.345858,2.267666,33.466537,76.522963,76.522963
2.267666,1.345858,1.511781,33.466537,76.522963,76.522963
1.511781,1.495353,2.456648,30.542915,56.017417,56.017417
2.456648,1.495353,1.511781,30.542915,56.017417,56.017417
1.511781,1.652946,2.645615,27.480403,42.773193,42.773193
2.645615,1.652946,1.511781,27.480403,42.773193,42.773193
1.511781,1.816526,2.834587,24.512434,34.573255,34.573255
2.834587,1.816526,1.511781,24.512434,34.573255,34.573255
1.511781,2.156200,3.212537,18.878500,26.246955,26.246955
3.212537,2.156200,1.511781,18.878500,26.246955,26.246955
1.511781,2.684941,3.779443,10.858098,20.550514,20.550514
3.779443,2.684941,1.511781,10.858098,20.550514,20.550514
1.511781,3.045087,4.157393,7.504445,19.052328,19.052328
4.157393,3.045087,1.511781,7.504445,19.052328,19.052328
1.511781,3.959990,5.102264,5.034390,19.127781,19.127781
5.102264,3.959990,1.511781,5.034390,19.127781,19.127781
1.511781,4.886299,6.047124,5.327455,19.768182,19.768182
6.047124,4.886299,1.511781,5.327455,19.768182,19.768182
1.889726,1.889721,3.095943,19.712131,12.303570,12.303570
3.095943,1.889721,1.889726,19.712131,12.303570,12.303570
1.889726,1.301077,2.267666,33.265082,66.744919,66.744919
2.267666,1.301077,1.889726,33.265082,66.744919,66.744919
1.889726,1.414402,2.456648,29.528787,46.582166,46.582166
2.456648,1.414402,1.889726,29.528787,46.582166,46.582166
1.889726,1.542621,2.645615,27.256880,32.490433,32.490433
2.645615,1.542621,1.889726,27.256880,32.490433,32.490433
1.889726,1.682320,2.834587,23.522432,21.252146,21.252146
2.834587,1.682320,1.889726,23.522432,21.252146,21.252146
1.889726,1.986357,3.212537,18.298988,9.916029,9.916029
3.212537,1.986357,1.889726,18.298988,9.916029,9.916029
1.889726,2.480787,3.779443,12.790526,4.854309,4.854309
3.779443,2.480787,1.889726,12.790526,4.854309,4.854309
1.889726,2.825585,4.157393,9.551845,3.286653,3.286653
4.157393,2.825585,1.889726,9.551845,3.286653,3.286653
1.889726,4.157397,5.563714,5.478224,2.819665,2.819665
5.563714,4.157397,1.889726,5.478224,2.819665,2.819665
1.889726,3.715890,5.102264,5.966929,2.780767,2.780767
5.102264,3.715890,1.889726,5.966929,2.780767,2.780767
1.889726,4.627870,6.047124,5.335358,2.830679,2.830679
6.047124,4.627870,1.889726,5.335358,2.830679,2.830679
2.267666,1.363802,2.267671,31.416858,52.115774,52.115774
2.267671,1.363802,2.267666,31.416858,52.115774,52.115774
2.267671,2.267667,3.715128,12.685569,1.544456,1.544456
3.715128,2.267667,2.267671,12.685569,1.544456,1.544456
2.267671,1.432016,2.456648,29.568770,41.782192,41.782192
2.456648,1.432016,2.267671,29.568770,41.782192,41.782192
2.267671,1.520794,2.645615,25.822747,30.010483,30.010483
2.645615,1.520794,2.267671,25.822747,30.010483,30.010483
2.267671,1.626751,2.834587,22.110893,19.827418,19.827418
2.834587,1.626751,2.267671,22.110893,19.827418,19.827418
2.267671,1.878221,3.212537,16.765872,7.230793,7.230793
3.212537,1.878221,2.267671,16.765872,7.230793,7.230793
2.267671,2.320642,3.779443,12.292110,1.275686,1.275686
3.779443,2.320642,2.267671,12.292110,1.275686,1.275686
2.267671,3.779443,5.409088,5.883573,0.038594,0.038594
5.409088,3.779443,2.267671,5.883573,0.038594,0.038594
2.267671,2.642156,4.157393,10.288683,0.521584,0.521584
4.157393,2.642156,2.267671,10.288683,0.521584,0.521584
2.267671,3.495689,5.102264,6.472498,0.012619,0.012619
5.102264,3.495689,2.267671,6.472498,0.012619,0.012619
2.267671,4.386813,6.047124,5.321869,-0.005160,-0.005160
6.047124,4.386813,2.267671,5.321869,-0.005160,-0.005160
2.645615,1.591112,2.645617,21.608118,21.557429,21.557429
2.645617,1.591112,2.645615,21.608118,21.557429,21.557429
2.645618,2.645617,4.334328,8.988357,0.185902,0.185902
4.334328,2.645617,2.645618,8.988357,0.185902,0.185902
2.645617,1.657746,2.834587,19.573605,16.542976,16.542976
2.834587,1.657746,2.645617,19.573605,16.542976,16.542976
2.645617,1.842688,3.212537,14.777981,6.856300,6.856300
3.212537,1.842688,2.645617,14.777981,6.856300,6.856300
2.645617,2.214078,3.779443,10.990305,0.880161,0.880161
3.779443,2.214078,2.645617,10.990305,0.880161,0.880161
3.779452,2.645617,4.613409,5.953781,0.941782,0.941782
4.613409,2.645617,3.779452,5.953781,0.941782,0.941782
2.645617,2.502745,4.157393,9.531693,0.157195,0.157195
4.157393,2.502745,2.645617,9.531693,0.157195,0.157195
2.645617,3.304169,5.102264,6.840723,0.674312,0.674312
5.102264,3.304169,2.645617,6.840723,0.674312,0.674312
2.645617,4.166145,6.047124,5.366671,0.813294,0.813294
6.047124,4.166145,2.645617,5.366671,0.813294,0.813294
3.023562,1.883871,3.212537,13.032774,5.772197,5.772197
3.212537,1.883871,3.023562,13.032774,5.772197,5.772197
3.023562,2.169007,3.779443,9.378524,0.884671,0.884671
3.779443,2.169007,3.023562,9.378524,0.884671,0.884671
3.023562,2.414988,4.157393,8.366445,0.278875,0.278875
4.157393,2.414988,3.023562,8.366445,0.278875,0.278875
3.023562,3.146571,5.102264,6.780570,1.569781,1.569781
5.102264,3.146571,3.023562,6.780570,1.569781,1.569781
4.962088,3.023562,5.102258,5.198729,2.303068,2.303068
5.102258,3.023562,4.962088,5.198729,2.303068,2.303068
3.023562,5.102264,7.271327,5.109392,2.246305,2.246305
7.271327,5.102264,3.023562,5.109392,2.246305,2.246305
3.023562,3.969268,6.047124,5.448713,2.249644,2.249644
6.047124,3.969268,3.023562,5.448713,2.249644,2.249644
3.779443,2.273004,3.779452,7.369016,0.936925,0.936925
3.779452,2.273004,3.779443,7.369016,0.936925,0.936925
3.779461,3.779452,6.191897,5.278965,4.045568,4.045568
6.191897,3.779452,3.779461,5.278965,4.045568,4.045568
3.779452,2.413727,4.157393,6.503117,0.628910,0.628910
4.157393,2.413727,3.779452,6.503117,0.628910,0.628910
3.779452,2.953763,5.102264,5.695006,1.945314,1.945314
5.102264,2.953763,3.779452,5.695006,1.945314,1.945314
3.779452,5.102263,7.720175,5.250261,4.604532,4.604532
7.720175,5.102263,3.779452,5.250261,4.604532,4.604532
3.779452,3.661800,6.047124,5.329082,3.877489,3.877489
6.047124,3.661800,3.779452,5.329082,3.877489,3.877489
4.535343,2.948094,5.102264,5.261591,2.028313,2.028313
5.102264,2.948094,4.535343,5.261591,2.028313,2.028313
5.102260,4.535343,7.653808,5.143890,5.037349,5.037349
7.653808,4.535343,5.102260,5.143890,5.037349,5.037349
4.535343,3.493597,6.047124,5.168638,3.859320,3.859320
6.047124,3.493597,4.535343,5.168638,3.859320,3.859320
6.047118,4.535343,7.868775,5.139194,5.051703,5.051703
7.868775,4.535343,6.047118,5.139194,5.051703,5.051703
5.291233,3.484881,6.047124,5.125943,3.837074,3.837074
6.047124,3.484881,5.291233,5.125943,3.837074,3.837074
5.291233,6.047116,9.571291,5.156918,5.115014,5.115014
9.571291,6.047116,5.291233,5.156918,5.115014,5.115014
2.282033,4.200020,5.858092,5.410254,0.002819,0.002819
5.858092,4.200020,2.282033,5.410254,0.002819,0.002819
2.561727,2.561713,4.200456,9.612783,0.150820,0.150820
4.200456,2.561713,2.561727,9.612783,0.150820,0.150820
2.561727,2.580610,4.215963,9.538771,0.149780,0.149780
4.215963,2.580610,2.561727,9.538771,0.149780,0.149780
2.561713,2.580631,4.215975,9.538739,0.149780,0.149780
4.215975,2.580631,2.561713,9.538739,0.149780,0.149780
2.580631,2.580610,4.231454,9.463619,0.147221,0.147221
4.231454,2.580610,2.580631,9.463619,0.147221,0.147221
2.580631,2.599507,4.246961,9.392461,0.150083,0.150083
4.246961,2.599507,2.580631,9.392461,0.150083,0.150083
2.580610,2.599511,4.246947,9.392527,0.150083,0.150083
4.246947,2.599511,2.580610,9.392527,0.150083,0.150083
2.599511,2.599507,4.262426,9.319535,0.150734,0.150734
4.262426,2.599507,2.599511,9.319535,0.150734,0.150734
