R1,R2,R3,ETriat,E,ENew
1.511781,1.733438,1.700761,50.083225,69.239006,69.239006
1.700761,1.733438,1.511781,50.083225,69.239006,69.239006
1.511781,1.855220,1.889731,46.730815,57.044800,57.044800
1.889731,1.855220,1.511781,46.730815,57.044800,57.044800
1.511781,1.987534,2.078701,41.408508,47.406171,47.406171
2.078701,1.987534,1.511781,41.408508,47.406171,47.406171
1.511781,2.128418,2.267671,35.304210,39.680854,39.680854
2.267671,2.128418,1.511781,35.304210,39.680854,39.680854
1.511781,2.276281,2.456641,29.502403,33.827479,33.827479
2.456641,2.276281,1.511781,29.502403,33.827479,33.827479
1.511781,2.429846,2.645619,24.273946,29.403689,29.403689
2.645619,2.429846,1.511781,24.273946,29.403689,29.403689
1.511781,2.588104,2.834588,19.239556,25.591419,25.591419
2.834588,2.588104,1.511781,19.239556,25.591419,25.591419
1.511781,2.915614,3.212528,12.006195,21.128775,21.128775
3.212528,2.915614,1.511781,12.006195,21.128775,21.128775
1.511781,3.426422,3.779463,6.462906,18.934247,18.934247
3.779463,3.426422,1.511781,6.462906,18.934247,18.934247
1.511781,3.775858,4.157402,5.082154,18.755153,18.755153
4.157402,3.775858,1.511781,5.082154,18.755153,18.755153
1.511781,4.668918,5.102259,5.281974,19.689477,19.689477
5.102259,4.668918,1.511781,5.281974,19.689477,19.689477
1.511781,5.579068,6.047116,5.417492,19.876246,19.876246
6.047116,5.579068,1.511781,5.417492,19.876246,19.876246
1.597256,1.889723,1.889726,44.505325,47.886255,47.886255
1.889726,1.889723,1.597256,44.505325,47.886255,47.886255
1.889726,2.030700,1.889731,41.776352,32.629892,32.629892
1.889731,2.030700,1.889726,41.776352,32.629892,32.629892
1.889726,2.138184,2.078701,38.966468,26.942428,26.942428
2.078701,2.138184,1.889726,38.966468,26.942428,26.942428
1.889726,2.256399,2.267671,34.660012,21.814405,21.814405
2.267671,2.256399,1.889726,34.660012,21.814405,21.814405
1.889726,2.383750,2.456641,29.841279,17.333981,17.333981
2.456641,2.383750,1.889726,29.841279,17.333981,17.333981
1.889726,2.518845,2.645619,24.890138,13.336547,13.336547
2.645619,2.518845,1.889726,24.890138,13.336547,13.336547
1.889726,2.660516,2.834588,20.202235,9.893523,9.893523
2.834588,2.660516,1.889726,20.202235,9.893523,9.893523
1.889726,2.959753,3.212528,13.354598,5.729787,5.729787
3.212528,2.959753,1.889726,13.354598,5.729787,5.729787
1.889726,3.437817,3.779463,7.948131,3.526066,3.526066
3.779463,3.437817,1.889726,7.948131,3.526066,3.526066
1.889726,3.770224,4.157402,6.416004,3.153308,3.153308
4.157402,3.770224,1.889726,6.416004,3.153308,3.153308
1.889726,4.631894,5.102259,5.392930,2.870141,2.870141
5.102259,4.631894,1.889726,5.392930,2.870141,2.870141
1.889726,5.520852,6.047116,5.319580,2.850800,2.850800
6.047116,5.520852,1.889726,5.319580,2.850800,2.850800
1.916709,2.267671,2.267672,34.284805,20.970843,20.970843
2.267672,2.267671,1.916709,34.284805,20.970843,20.970843
2.267671,2.436841,2.267671,28.878353,13.453110,13.453110
2.267671,2.436841,2.267671,28.878353,13.453110,13.453110
2.267671,2.543375,2.456641,25.782819,10.913490,10.913490
2.456641,2.543375,2.267671,25.782819,10.913490,10.913490
2.267671,2.659077,2.645619,22.480790,8.640994,8.640994
2.645619,2.659077,2.267671,22.480790,8.640994,8.640994
2.267671,2.782821,2.834588,18.936374,6.333329,6.333329
2.834588,2.782821,2.267671,18.936374,6.333329,6.333329
2.267671,3.050435,3.212528,13.247222,3.207340,3.207340
3.212528,3.050435,2.267671,13.247222,3.207340,3.207340
2.267671,3.490343,3.779463,8.093654,1.040869,1.040869
3.779463,3.490343,2.267671,8.093654,1.040869,1.040869
2.267671,3.802337,4.157402,6.464587,0.476875,0.476875
4.157402,3.802337,2.267671,6.464587,0.476875,0.476875
2.267671,4.625557,5.102259,5.335285,0.035082,0.035082
5.102259,4.625557,2.267671,5.335285,0.035082,0.035082
2.267671,5.488106,6.047116,5.228782,-0.017346,-0.017346
6.047116,5.488106,2.267671,5.228782,-0.017346,-0.017346
2.236170,2.645610,2.645617,22.808997,8.939469,8.939469
2.645617,2.645610,2.236170,22.808997,8.939469,8.939469
2.645617,2.842972,2.645619,18.562808,6.323572,6.323572
2.645619,2.842972,2.645617,18.562808,6.323572,6.323572
2.645617,2.948817,2.834588,16.544240,5.484953,5.484953
2.834588,2.948817,2.645617,16.544240,5.484953,5.484953
2.645617,3.183686,3.212528,11.900265,3.235093,3.235093
3.212528,3.183686,2.645617,11.900265,3.235093,3.235093
2.645617,3.582190,3.779463,7.740217,1.786645,1.786645
3.779463,3.582190,2.645617,7.740217,1.786645,1.786645
2.645617,3.871257,4.157402,6.299424,1.279415,1.279415
4.157402,3.871257,2.645617,6.299424,1.279415,1.279415
2.645617,4.650032,5.102259,5.273639,0.844429,0.844429
5.102259,4.650032,2.645617,5.273639,0.844429,0.844429
2.645617,5.481285,6.047116,5.161493,0.783503,0.783503
6.047116,5.481285,2.645617,5.161493,0.783503,0.783503
3.023562,3.354436,3.212528,10.697264,4.129868,4.129868
3.212528,3.354436,3.023562,10.697264,4.129868,4.129868
3.023562,3.710440,3.779463,7.217015,3.047587,3.047587
3.779463,3.710440,3.023562,7.217015,3.047587,3.047587
3.023562,3.975069,4.157402,6.075230,2.691567,2.691567
4.157402,3.975069,3.023562,6.075230,2.691567,2.691567
3.023562,4.704838,5.102259,5.226456,2.316381,2.316381
5.102259,4.704838,3.023562,5.226456,2.316381,2.316381
3.023562,5.500486,6.047116,5.116499,2.252809,2.252809
6.047116,5.500486,3.023562,5.116499,2.252809,2.252809
3.194529,3.779452,3.779460,6.961697,3.565137,3.565137
3.779460,3.779452,3.194529,6.961697,3.565137,3.565137
3.779452,4.061400,3.779463,6.178696,4.684192,4.684192
3.779463,4.061400,3.779452,6.178696,4.684192,4.684192
3.779452,4.276368,4.157402,5.691711,4.733540,4.733540
4.157402,4.276368,3.779452,5.691711,4.733540,4.733540
3.779452,4.900813,5.102259,5.254701,4.572659,4.572659
5.102259,4.900813,3.779452,5.254701,4.572659,4.572659
3.779452,5.615526,6.047116,5.250298,4.604922,4.604922
6.047116,5.615526,3.779452,5.250298,4.604922,4.604922
4.535343,5.200305,5.102259,5.172291,5.038867,5.038867
5.102259,5.200305,4.535343,5.172291,5.038867,5.038867
4.535343,5.827148,6.047116,5.142489,5.040298,5.040298
6.047116,5.827148,4.535343,5.142489,5.040298,5.040298
5.291233,6.125351,6.047116,5.164989,5.111155,5.111155
6.047116,6.125351,5.291233,5.164989,5.111155,5.111155
