R1,R2,R3,ETriat,E,ENew
1.511781,2.793418,1.511793,21.909036,47.136750,47.136750
1.511793,2.793418,1.511781,21.909036,47.136750,47.136750
1.511781,2.968885,1.700764,21.065496,35.476963,35.476963
1.700764,2.968885,1.511781,21.065496,35.476963,35.476963
1.511781,3.145917,1.889735,19.704395,29.411711,29.411711
1.889735,3.145917,1.511781,19.704395,29.411711,29.411711
1.511781,3.324264,2.078706,18.451799,26.575915,26.575915
2.078706,3.324264,1.511781,18.451799,26.575915,26.575915
1.511781,3.503725,2.267676,17.056283,25.143902,25.143902
2.267676,3.503725,1.511781,17.056283,25.143902,25.143902
1.511781,3.684136,2.456647,14.469155,23.222915,23.222915
2.456647,3.684136,1.511781,14.469155,23.222915,23.222915
1.511781,3.865366,2.645618,11.692016,21.362377,21.362377
2.645618,3.865366,1.511781,11.692016,21.362377,21.362377
1.511781,4.047304,2.834589,9.567107,20.184651,20.184651
2.834589,4.047304,1.511781,9.567107,20.184651,20.184651
1.511781,4.412954,3.212530,6.718173,19.005017,19.005017
3.212530,4.412954,1.511781,6.718173,19.005017,19.005017
1.511781,4.964881,3.779443,5.195766,19.042441,19.042441
3.779443,4.964881,1.511781,5.195766,19.042441,19.042441
1.511781,5.334579,4.157384,5.089957,19.353014,19.353014
4.157384,5.334579,1.511781,5.089957,19.353014,19.353014
1.511781,6.263157,5.102265,5.365204,19.816100,19.816100
5.102265,6.263157,1.511781,5.365204,19.816100,19.816100
1.511781,7.195954,6.047119,5.430184,19.906254,19.906254
6.047119,7.195954,1.511781,5.430184,19.906254,19.906254
1.889726,3.491767,1.889735,18.819370,12.725373,12.725373
1.889735,3.491767,1.889726,18.819370,12.725373,12.725373
1.889726,3.667066,2.078706,17.033285,9.141979,9.141979
2.078706,3.667066,1.889726,17.033285,9.141979,9.141979
1.889726,3.843661,2.267676,15.268343,7.113970,7.113970
2.267676,3.843661,1.889726,15.268343,7.113970,7.113970
1.889726,4.021382,2.456647,13.563880,5.866037,5.866037
2.456647,4.021382,1.889726,13.563880,5.866037,5.866037
1.889726,4.200085,2.645618,11.528150,4.575391,4.575391
2.645618,4.200085,1.889726,11.528150,4.575391,4.575391
1.889726,4.379649,2.834589,9.939218,3.808584,3.808584
2.834589,4.379649,1.889726,9.939218,3.808584,3.808584
1.889726,4.740973,3.212530,7.632106,3.041646,3.041646
3.212530,4.740973,1.889726,7.632106,3.041646,3.041646
1.889726,5.287317,3.779443,5.936438,2.865501,2.865501
3.779443,5.287317,1.889726,5.936438,2.865501,2.865501
1.889726,5.653797,4.157384,5.501298,2.844469,2.844469
4.157384,5.653797,1.889726,5.501298,2.844469,2.844469
1.889726,6.575702,5.102265,5.313725,2.841260,2.841260
5.102265,6.575702,1.889726,5.313725,2.841260,2.841260
1.889726,7.503299,6.047119,5.302618,2.853359,2.853359
6.047119,7.503299,1.889726,5.302618,2.853359,2.853359
2.267671,4.190115,2.267676,13.161467,2.558266,2.558266
2.267676,4.190115,2.267671,13.161467,2.558266,2.558266
2.267671,4.365300,2.456647,12.073292,1.795491,1.795491
2.456647,4.365300,2.267671,12.073292,1.795491,1.795491
2.267671,4.541591,2.645618,10.966732,1.346412,1.346412
2.645618,4.541591,2.267671,10.966732,1.346412,1.346412
2.267671,4.718863,2.834589,9.688133,0.837404,0.837404
2.834589,4.718863,2.267671,9.688133,0.837404,0.837404
2.267671,5.075941,3.212530,7.678051,0.326055,0.326055
3.212530,5.075941,2.267671,7.678051,0.326055,0.326055
2.267671,5.616679,3.779443,5.961128,0.120335,0.120335
3.779443,5.616679,2.267671,5.961128,0.120335,0.120335
2.267671,5.979865,4.157384,5.467039,0.039071,0.039071
4.157384,5.979865,2.267671,5.467039,0.039071,0.039071
2.267671,6.894800,5.102265,5.224576,-0.022419,-0.022419
5.102265,6.894800,2.267671,5.224576,-0.022419,-0.022419
2.267671,7.816836,6.047119,5.204183,-0.020988,-0.020988
6.047119,7.816836,2.267671,5.204183,-0.020988,-0.020988
2.645617,4.888463,2.645618,9.730402,1.009300,1.009300
2.645618,4.888463,2.645617,9.730402,1.009300,1.009300
2.645617,5.063566,2.834589,9.032387,1.066454,1.066454
2.834589,5.063566,2.645617,9.032387,1.066454,1.066454
2.645617,5.416568,3.212530,7.413776,0.938096,0.938096
3.212530,5.416568,2.645617,7.413776,0.938096,0.938096
2.645617,5.951818,3.779443,5.881974,0.915286,0.915286
3.779443,5.951818,2.645617,5.881974,0.915286,0.915286
2.645617,6.311723,4.157384,5.403103,0.847682,0.847682
4.157384,6.311723,2.645617,5.403103,0.847682,0.847682
2.645617,7.219581,5.102265,5.157140,0.779947,0.779947
5.102265,7.219581,2.645617,5.157140,0.779947,0.779947
2.645617,8.135849,6.047119,5.135094,0.778776,0.778776
6.047119,8.135849,2.645617,5.135094,0.778776,0.778776
3.023562,5.761852,3.212530,7.040829,2.085771,2.085771
3.212530,5.761852,3.023562,7.040829,2.085771,2.085771
3.023562,6.291810,3.779443,5.758568,2.310267,2.310267
3.779443,6.291810,3.023562,5.758568,2.310267,2.310267
3.023562,6.648503,4.157384,5.344012,2.305540,2.305540
4.157384,6.648503,3.023562,5.344012,2.305540,2.305540
3.023562,7.549313,5.102265,5.111497,2.249297,2.249297
5.102265,7.549313,3.023562,5.111497,2.249297,2.249297
3.023562,8.459718,6.047119,5.089367,2.247389,2.247389
6.047119,8.459718,3.023562,5.089367,2.247389,2.247389
3.779443,6.983508,3.779452,5.434602,4.207663,4.207663
3.779452,6.983508,3.779443,5.434602,4.207663,4.207663
3.779452,7.334107,4.157384,5.273908,4.455012,4.455012
4.157384,7.334107,3.779452,5.273908,4.455012,4.455012
3.779452,8.221237,5.102265,5.254767,4.609952,4.609952
5.102265,8.221237,3.779452,5.254767,4.609952,4.609952
3.779452,9.119949,6.047119,5.236405,4.611036,4.611036
6.047119,9.119949,3.779452,5.236405,4.611036,4.611036
4.535343,8.906631,5.102265,5.143696,5.038954,5.038954
5.102265,8.906631,4.535343,5.143696,5.038954,5.038954
4.535343,9.794022,6.047119,5.134269,5.048580,5.048580
6.047119,9.794022,4.535343,5.134269,5.048580,5.048580
5.291233,10.479265,6.047119,5.156803,5.115188,5.115188
6.047119,10.479265,5.291233,5.156803,5.115188,5.115188
