R1,R2,R3,ETriat,E,ENew
1.511776,2.977621,1.511781,20.025707,46.003689,46.003689
1.511781,2.977621,1.511776,20.025707,46.003689,46.003689
1.511781,3.163893,1.700749,19.774499,34.944972,34.944972
1.700749,3.163893,1.511781,19.774499,34.944972,34.944972
1.511781,3.350468,1.889721,19.172309,29.590935,29.590935
1.889721,3.350468,1.511781,19.172309,29.590935,29.590935
1.511781,3.537298,2.078694,18.177043,26.917624,26.917624
2.078694,3.537298,1.511781,18.177043,26.917624,26.917624
1.511781,3.724344,2.267667,17.124909,25.703819,25.703819
2.267667,3.724344,1.511781,17.124909,25.703819,25.703819
1.511781,3.911579,2.456646,14.893828,24.006157,24.006157
2.456646,3.911579,1.511781,14.893828,24.006157,24.006157
1.511781,4.098970,2.645618,12.119750,22.029274,22.029274
2.645618,4.098970,1.511781,12.119750,22.029274,22.029274
1.511781,4.286500,2.834591,10.002868,20.766164,20.766164
2.834591,4.286500,1.511781,10.002868,20.766164,20.766164
1.511781,4.661909,3.212536,7.313379,19.642426,19.642426
3.212536,4.661909,1.511781,7.313379,19.642426,19.642426
1.511781,5.225713,3.779461,5.837588,19.691645,19.691645
3.779461,5.225713,1.511781,5.837588,19.691645,19.691645
1.511781,5.601911,4.157388,5.732098,20.000657,20.000657
4.157388,5.601911,1.511781,5.732098,20.000657,20.000657
1.511781,6.543329,5.102258,5.430188,19.883835,19.883835
5.102258,6.543329,1.511781,5.430188,19.883835,19.883835
1.511781,7.485616,6.047127,5.442847,19.919913,19.919913
6.047127,7.485616,1.511781,5.442847,19.919913,19.919913
1.889721,3.722029,1.889726,19.165198,13.590270,13.590270
1.889726,3.722029,1.889721,19.165198,13.590270,13.590270
1.889726,3.908269,2.078694,18.477712,10.975154,10.975154
2.078694,3.908269,1.889726,18.477712,10.975154,10.975154
1.889726,4.094760,2.267667,17.615383,9.727135,9.727135
2.267667,4.094760,1.889726,17.615383,9.727135,9.727135
1.889726,4.281472,2.456646,15.051855,7.520552,7.520552
2.456646,4.281472,1.889726,15.051855,7.520552,7.520552
1.889726,4.468370,2.645618,12.776307,5.919072,5.919072
2.645618,4.468370,1.889726,12.776307,5.919072,5.919072
1.889726,4.655436,2.834591,10.981310,4.901446,4.901446
2.834591,4.655436,1.889726,10.981310,4.901446,4.901446
1.889726,5.029996,3.212536,8.392647,3.815999,3.815999
3.212536,5.029996,1.889726,8.392647,3.815999,3.815999
1.889726,5.592695,3.779461,6.218371,3.153829,3.153829
3.779461,5.592695,1.889726,6.218371,3.153829,3.153829
1.889726,5.968250,4.157388,5.628358,2.976903,2.976903
4.157388,5.968250,1.889726,5.628358,2.976903,2.976903
1.889726,6.908321,5.102258,5.331616,2.861381,2.861381
5.102258,6.908321,1.889726,5.331616,2.861381,2.861381
1.889726,7.849544,6.047127,5.304855,2.856438,2.856438
6.047127,7.849544,1.889726,5.304855,2.856438,2.856438
2.267667,4.466437,2.267671,15.449811,4.947195,4.947195
2.267671,4.466437,2.267667,15.449811,4.947195,4.947195
2.267671,4.652659,2.456646,13.860985,3.637989,3.637989
2.456646,4.652659,2.267671,13.860985,3.637989,3.637989
2.267671,4.839090,2.645618,12.222154,2.630381,2.630381
2.645618,4.839090,2.267671,12.222154,2.630381,2.630381
2.267671,5.025712,2.834591,10.759621,1.924283,1.924283
2.834591,5.025712,2.267671,10.759621,1.924283,1.924283
2.267671,5.399446,3.212536,8.362531,1.018233,1.018233
3.212536,5.399446,2.267671,8.362531,1.018233,1.018233
2.267671,5.961046,3.779461,6.163668,0.328873,0.328873
3.779461,5.961046,2.267671,6.163668,0.328873,0.328873
2.267671,6.335952,4.157388,5.553790,0.130353,0.130353
4.157388,6.335952,2.267671,5.553790,0.130353,0.130353
2.267671,7.274636,5.102258,5.236416,-0.008846,-0.008846
5.102258,7.274636,2.267671,5.236416,-0.008846,-0.008846
2.267671,8.214737,6.047127,5.205615,-0.018863,-0.018863
6.047127,8.214737,2.267671,5.205615,-0.018863,-0.018863
2.645617,5.210849,2.645618,10.780805,2.069769,2.069769
2.645618,5.210849,2.645617,10.780805,2.069769,2.069769
2.645617,5.397051,2.834591,9.897533,1.939590,1.939590
2.834591,5.397051,2.645617,9.897533,1.939590,1.939590
2.645617,5.769996,3.212536,8.075746,1.606944,1.606944
3.212536,5.769996,2.645617,8.075746,1.606944,1.606944
2.645617,6.330529,3.779461,6.067547,1.105785,1.105785
3.779461,6.330529,2.645617,6.067547,1.105785,1.105785
2.645617,6.704794,4.157388,5.479143,0.927168,0.927168
4.157388,6.704794,2.645617,5.479143,0.927168,0.927168
2.645617,7.642083,5.102258,5.167911,0.792046,0.792046
5.102258,7.642083,2.645617,5.167911,0.792046,0.792046
2.645617,8.581036,6.047127,5.136570,0.780814,0.780814
6.047127,8.581036,2.645617,5.136570,0.780814,0.780814
3.023562,6.141447,3.212536,7.589309,2.640094,2.640094
3.212536,6.141447,3.023562,7.589309,2.640094,2.640094
3.023562,6.700955,3.779461,5.954292,2.509655,2.509655
3.779461,6.700955,3.023562,5.954292,2.509655,2.509655
3.023562,7.074596,4.157388,5.415789,2.379823,2.379823
4.157388,7.074596,3.023562,5.415789,2.379823,2.379823
3.023562,8.010508,5.102258,5.121150,2.259964,2.259964
5.102258,8.010508,3.023562,5.121150,2.259964,2.259964
3.023562,8.948302,6.047127,5.088871,2.247345,2.247345
6.047127,8.948302,3.023562,5.088871,2.247345,2.247345
3.779452,7.444077,3.779461,5.612010,4.386931,4.386931
3.779461,7.444077,3.779452,5.612010,4.386931,4.386931
3.779452,7.816538,4.157388,5.345753,4.528168,4.528168
4.157388,7.816538,3.779452,5.345753,4.528168,4.528168
3.779452,8.749793,5.102258,5.263061,4.618842,4.618842
5.102258,8.749793,3.779452,5.263061,4.618842,4.618842
3.779452,9.685301,6.047127,5.235378,4.610299,4.610299
6.047127,9.685301,3.779452,5.235378,4.610299,4.610299
4.535343,9.491695,5.102258,5.128207,5.023819,5.023819
5.102258,9.491695,4.535343,5.128207,5.023819,5.023819
4.535343,10.425006,6.047127,5.130440,5.044938,5.044938
6.047127,10.425006,4.535343,5.130440,5.044938,5.044938
5.291233,11.166878,6.047127,5.156422,5.114927,5.114927
6.047127,11.166878,5.291233,5.156422,5.114927,5.114927
